100 100 5711 32488
1479 76224 84620
1494 37411 28062
2311 28594 35247
2394 98643 70804
2661 15525 78105
3293 62566 8984
4951 41078 13481
5043 76105 70073
5189 89428 9017
5277 43663 90621
9658 16654 94135
11040 48441 26617
12137 26939 59589
12745 61605 65038
12812 54287 42400
13291 58504 75487
14438 46972 13651
15175 38582 26089
15507 75985 77625
18470 26742 39772
19445 14976 26038
19545 5521 45136
19630 20176 48603
19907 56717 4419
21860 60171 4616
21930 52583 6675
23619 73384 82801
25296 74922 18674
26653 29208 13541
26990 31021 47386
28341 27717 58821
29087 32534 19655
29612 83892 23370
29756 80646 15579
30641 32880 79350
31177 2600 69789
33148 21588 46280
33340 67249 86643
33633 90879 69584
34018 41766 39144
34689 44441 16102
35665 40997 46480
36138 99428 99064
36520 76091 50470
38400 18339 81685
38527 53632 65878
38690 80127 97697
40080 32038 1488
41254 84425 90101
41688 10550 64661
41932 53500 32244
43137 10977 19358
43690 25603 33436
44429 16514 83713
45138 36962 64795
45364 84552 63004
45651 39467 39393
45904 28428 46204
46309 51976 47464
46623 86423 676
48602 28060 45796
49017 98854 9087
49807 43480 51635
50052 50001 45584
52032 84098 5300
53323 60850 84964
53453 61985 90708
53963 68660 59354
55497 645 15193
56087 37074 75236
56551 47007 77367
56798 62799 8361
59380 53782 52108
61168 58050 46467
64143 14242 7825
64665 75119 91074
65174 32735 87676
68504 55525 54864
69676 13339 47762
69856 74410 94740
72081 5792 9650
73500 11746 45469
74164 63173 13847
76486 17367 39146
76931 88256 44405
78163 16324 24294
78436 18307 62990
80579 82245 10292
80584 77766 3586
81062 55214 19331
83877 86740 12929
90642 42929 27245
93050 77055 85478
94182 78505 52
94243 43123 23569
95119 86147 44995
96699 90708 2176
98535 78901 34206
98628 84875 18778
99975 58586 7017
