100 1000 14179 36122
1785 23888 27289
2012 24030 17345
3897 8337 33043
5110 53504 70202
5234 69817 31301
5896 69813 78483
8600 27662 12075
9050 47084 29999
9117 3003 92145
9689 98295 33709
10345 27450 82831
12040 92925 45765
12234 16615 88642
12394 69461 36587
14156 42630 13869
14374 58894 46580
14486 251 55786
15180 37350 94256
16305 24896 84615
16502 92225 12828
18514 10280 66704
20241 72498 88137
20369 59163 38649
20505 753 65764
21094 26551 93205
22895 88611 86753
23078 37681 30399
23219 81795 54536
23444 72441 69267
23759 90545 27273
24291 30480 34037
25509 95583 60664
25841 13957 46282
26041 88380 76214
27712 506 96742
28891 48208 21764
30961 12350 4388
31252 86980 40861
33001 4454 80712
35515 63480 67721
35894 7864 11531
36389 58411 83260
37758 80012 60691
38570 55318 36367
38590 41034 78590
38806 56450 24152
38846 64355 69994
39548 42803 19175
41348 37586 89480
42533 6345 63657
43521 97796 37440
44812 63551 67221
45162 48336 31592
49022 83342 51160
49435 97147 37374
49452 22480 64289
49734 53953 64333
52494 51587 92302
52753 47362 63526
53362 33905 69525
53560 4783 58516
53885 16597 18748
54578 95382 45516
54654 42655 69402
54998 30772 62463
55736 61628 43431
56075 16446 83623
57000 19610 67221
57536 83458 20272
57656 97667 55025
57876 40294 21894
63438 22213 94324
66183 92986 12703
67371 96263 31532
67375 99941 61715
67784 22072 53217
69281 10455 24506
74120 49348 45558
74520 63842 61648
75554 81114 71747
75740 97452 72809
77693 51739 1210
79784 63911 98487
80331 52953 4032
82624 34885 388
83041 91032 30734
83757 12768 44649
84529 84083 47105
85962 89754 6623
86848 12895 72490
87282 97055 82388
87745 82903 28497
88013 73131 67356
89028 61373 35635
89129 37595 37579
90047 48368 39942
91825 37871 68648
93355 23784 6969
94704 34961 60196
99682 25181 51776
