100 10000 78696 79433
128 60444 1654
422 86318 72537
2579 31298 37184
2787 52389 85834
4267 45167 58311
5668 69917 98474
8804 94164 81751
8808 98818 18358
8976 40653 83194
9081 78262 84201
9240 23115 4670
11713 97876 45239
13746 72654 55998
15698 23931 87509
16142 52828 749
16640 83114 25198
16953 37553 190
17079 14376 45003
17201 51394 6169
17823 95732 35035
20574 56198 47837
21551 56727 37932
23157 36151 76498
24897 76497 23063
26281 91 397
26963 72465 82629
27624 23213 89550
28001 14747 97633
30331 60846 98530
30679 67241 37378
30994 49784 18805
32058 62595 75694
32572 93921 10646
32975 97403 30460
33658 8032 23590
33811 82119 64256
34432 22992 54251
34510 52706 40051
37192 87103 20947
37312 94942 566
38710 85621 35950
40405 37695 81489
42411 30025 72488
42910 32590 79621
44421 67467 20580
44677 69686 10803
46467 20202 91014
48568 59931 73172
48640 19786 71769
51457 96835 92128
51715 96234 6007
52787 74534 53941
52897 34799 88838
53310 6407 6489
56465 92544 28924
57560 74123 60416
58690 298 18112
58690 4895 64832
58694 88543 77783
59248 88081 176
59443 5510 82341
60798 55634 34664
61042 83650 27330
61696 54334 12154
62085 26006 69433
63254 14069 78745
63519 99523 39480
64416 17268 65922
64599 61276 8703
67615 46363 66105
69518 87789 79443
71127 59298 4469
74208 74500 70949
74452 80668 48842
76536 99621 31041
76613 8330 28885
77209 40454 7430
77889 70454 18137
78655 89124 38268
79491 75200 45372
79553 81269 45759
80238 25945 63534
80813 54537 6090
82404 15876 47771
83505 69924 2365
84472 55902 39599
86941 1766 26833
90369 88572 24545
90477 81704 81441
91321 32654 24905
94326 21200 86020
94349 85910 62977
95097 19145 78576
95240 58543 46701
96097 16157 57780
96539 85694 88763
96883 68690 82370
97740 83580 99965
98691 12598 71722
99849 39782 74071
