100 3000 41022 77067
661 2596 28326
1773 10757 63093
2096 55375 37379
3109 82879 99554
3455 18850 89139
4702 89813 90108
6440 19685 57565
6462 84918 17673
7374 97481 83247
8282 75207 98590
12989 99310 98808
13481 6842 7740
14910 3556 32870
18286 45713 51656
18391 60860 83475
19218 38529 81722
21011 51078 96504
21039 69670 81890
21461 27221 65431
21597 72150 13246
23122 56411 91394
23517 87842 6291
23666 65337 37580
23870 20342 36196
24647 55899 78483
24965 51117 83323
25284 4365 10806
26663 29172 97426
27751 84226 56954
29488 44387 72291
30285 42263 19165
30913 27390 13227
32057 38886 71527
34886 6704 75025
37337 49759 565
38338 53609 64537
42134 40236 2478
45691 52358 87569
46663 57128 93051
46680 66229 47556
47344 77308 34319
48701 77674 5251
49701 23928 93193
52208 26908 50562
52675 49689 82550
53730 89277 75889
53964 95033 22189
54366 12344 52613
54558 42959 90369
54711 97008 1876
54974 2295 28135
56021 67709 67720
56153 55566 70132
57580 60234 26130
58631 43835 78631
60141 23792 37937
60378 44951 80911
61061 36488 73217
61080 94675 69506
61093 19784 88446
61318 1699 41186
62315 84078 78787
63530 21879 83952
63816 69825 20144
64724 1102 82321
65360 42967 92927
66392 73900 46334
67125 59153 99147
67386 85497 84802
67526 40166 80981
67589 11160 92520
68003 50147 80109
69385 37879 93737
69788 39424 1492
70523 49254 93015
70618 73141 78012
73610 16409 33955
76067 10201 59332
77109 39442 53646
83141 97297 47758
84867 63286 13699
85555 53174 89193
85953 99888 26552
86892 53276 72188
86983 55604 28428
87318 19595 71784
88116 61630 71402
90605 63726 12201
91808 5078 22429
91968 86067 64311
92665 12344 16742
94053 32031 52893
94862 19496 63976
94922 62154 96876
95389 75014 30115
96440 65830 11590
96797 59047 17375
98713 72008 53244
99316 95527 77913
100000 43254 5156
