3000 1 46340 49886
12 50824 98493
29 15648 18423
34 4997 70507
106 28374 30075
139 84700 92737
201 81238 88245
229 31360 55406
252 56340 38790
300 61663 80743
316 13357 43093
325 3598 84429
429 36101 4190
451 88259 31878
453 68912 70347
477 77410 58971
479 81843 23945
571 13036 58110
583 62430 98316
603 99746 96611
608 56304 48700
616 48054 79224
624 76083 67574
624 39805 28093
632 17412 1459
688 43271 36776
702 46407 70539
712 69193 12345
724 88413 62788
764 87261 69289
779 47247 1575
813 28289 63339
813 95511 408
842 55674 60653
896 34824 91475
905 48674 65615
959 89937 85151
960 82807 51094
982 52098 58101
1037 2040 56678
1058 69399 42267
1059 60775 38550
1118 639 89492
1173 18667 60905
1207 91873 89468
1215 61005 56802
1263 33771 34942
1339 86826 63067
1498 57664 9798
1500 36769 44949
1504 56379 71612
1553 79639 52999
1556 86913 97654
1582 90598 78154
1603 62276 45252
1706 67376 93309
1711 24371 10995
1731 34952 49756
1775 28094 95976
1875 64635 94900
1978 91924 81581
2013 87972 47206
2026 77149 23320
2042 74381 50834
2069 40906 72880
2163 21258 7727
2183 47339 26873
2209 3625 45972
2225 33716 87368
2244 15434 34240
2316 48746 28300
2335 95496 74462
2357 73462 96240
2423 46544 68505
2469 42823 16873
2491 41891 55303
2501 32982 2665
2502 9677 32713
2511 31807 76812
2521 40206 80486
2528 51040 82276
2529 60671 33333
2549 31920 49081
2625 25286 63811
2627 39668 15783
2630 4608 32949
2704 53956 28339
2715 67034 8944
2733 47598 64970
2738 17181 9960
2758 28446 85957
2866 91041 38442
2899 2322 75975
2942 460 91858
3008 51102 6909
3015 17757 75211
3050 80919 14034
3054 58042 20059
3059 84748 72644
3061 20539 91002
3067 2153 84200
3141 53396 8714
3155 93310 89311
3176 93685 59099
3188 96750 16221
3242 52652 30934
3269 3110 32194
3292 30938 58040
3293 88970 59328
3297 46007 62768
3300 51773 7769
3304 49566 58132
3337 90992 21678
3344 42036 18301
3347 2241 69704
3419 47700 40632
3422 60466 67532
3444 93128 83086
3470 81272 65799
3537 59016 49953
3539 4451 74925
3549 54283 82347
3578 15649 46232
3581 83377 16272
3680 32990 78009
3683 21660 16818
3709 75920 78542
3817 28094 15640
3891 8884 23963
3938 35384 80965
3966 65533 95410
3968 65491 78611
4066 77343 12858
4115 25033 78548
4175 38088 76015
4246 19708 93714
4295 53693 90553
4313 9453 41002
4364 78521 71604
4366 99032 15711
4433 84892 68003
4505 87093 11590
4514 24034 12078
4577 72234 47173
4586 56044 78514
4608 77737 94861
4620 64756 87559
4684 88225 16893
4697 10846 13881
4805 94792 39076
4809 58283 22249
4829 79925 26141
4852 93756 12330
4931 93068 46008
4932 71752 57273
4969 7248 2231
5056 63828 3986
5058 63830 98548
5071 10317 78261
5097 31887 35436
5187 17582 33820
5238 26135 52281
5246 59935 37013
5333 52742 32327
5363 12087 3111
5415 70111 66493
5439 11415 30763
5486 90132 85603
5487 87426 82882
5493 41802 83965
5607 79512 54966
5623 8691 85044
5644 63770 7645
5652 66295 9631
5709 2622 86945
5757 85134 72315
5760 85389 46379
5763 73176 31175
5767 44222 59216
5835 93483 57686
5866 5718 10269
5871 37840 15495
5874 60749 97083
5878 14642 49295
5909 26907 29011
5914 9585 4083
5919 27136 98658
5928 94793 54402
5983 55835 77887
5985 66972 41011
5994 92324 43442
6025 42333 99179
6098 38300 41629
6106 44282 68091
6137 59496 71496
6141 69962 18141
6162 31808 1862
6199 19545 12524
6216 78728 34561
6233 68580 17552
6249 47556 38909
6300 86278 75830
6311 26582 86035
6343 84532 68831
6355 42941 92176
6376 25925 9361
6389 76606 75613
6452 60211 35708
6479 71860 86596
6495 7886 48515
6523 98648 80652
6527 62718 55989
6534 38264 22688
6743 31713 51154
6786 4134 38284
6843 34821 45468
6863 97943 63962
6899 48307 88127
6917 14819 61998
7029 37609 43362
7033 2948 70627
7047 24397 51637
7099 16907 89818
7160 53622 65308
7162 89159 71137
7167 69846 7939
7205 42537 53025
7226 78785 10238
7229 93896 7834
7250 24277 53026
7266 83529 76376
7326 17654 87106
7340 75335 72744
7353 2313 42072
7354 66921 99955
7370 10339 48274
7388 6081 31724
7478 28631 43869
7504 49977 84500
7567 74757 28346
7571 7936 95452
7649 51843 18783
7651 71452 51907
7671 30991 42883
7707 81182 47989
7730 91446 97754
7739 24500 67573
7750 29716 14780
7767 10910 83402
7837 22549 95275
7897 53893 19742
7915 92170 41399
7915 79992 43323
7972 30184 96581
8024 32014 48235
8027 74071 55937
8065 89633 5964
8119 22168 75189
8177 24829 55590
8375 69645 98029
8424 87721 19847
8445 49013 35989
8512 84534 75901
8526 727 16602
8543 87878 75959
8692 65699 11492
8718 49424 87766
8820 6576 25754
8823 46899 84561
8878 41972 87637
8884 79741 66486
8907 8165 91870
8918 33306 63103
8930 97007 11266
8993 84985 65602
9028 64629 965
9050 34216 7342
9077 75960 34116
9085 82340 6720
9094 2867 46265
9105 1059 51763
9131 43045 90531
9172 73574 42569
9262 95887 62143
9292 91522 98297
9312 53751 49509
9487 48461 81915
9496 97730 64544
9503 46983 17093
9598 91347 74456
9607 64929 90935
9628 72381 13346
9674 91036 42367
9701 95299 42863
9726 90274 58365
9736 69681 45710
9808 79172 21510
9861 6904 96075
9875 89970 71350
9903 39156 76396
10012 31425 19856
10026 61846 61952
10037 64578 30609
10043 12494 6399
10078 45937 29513
10093 19541 80999
10097 9787 56227
10156 98971 8984
10242 57174 15369
10266 54719 87091
10311 86599 85965
10335 79139 96896
10378 51233 74854
10436 79696 71700
10496 4588 45018
10574 8772 46086
10627 15325 88240
10638 20579 79979
10682 34005 20441
10706 8368 5502
10717 53044 9318
10725 68005 14427
10757 61323 77366
10794 64701 39962
10858 55755 49983
10884 56575 49020
10890 6402 6744
10932 97972 82837
10933 6345 22258
10938 29004 77578
10951 32506 86520
10991 31714 56039
11031 6355 4776
11050 80693 39094
11092 27083 42308
11146 34577 60442
11149 64109 78702
11152 10604 1655
11165 88329 89608
11172 20138 53442
11208 93569 35758
11240 46411 40061
11255 26687 38940
11269 15473 13660
11272 22561 16966
11354 54024 19284
11368 81853 527
11382 47183 71135
11565 77493 58032
11573 47884 13028
11573 7012 45569
11584 44252 76353
11594 8294 1788
11626 94135 87717
11716 90447 49199
11717 89282 45611
11721 41693 95967
11734 10502 63483
11741 6324 43711
11761 32926 45078
11893 18886 51878
11897 863 60901
11905 41449 618
11918 65454 107
11971 30864 73976
11976 2158 14208
11986 95429 81775
12012 46643 49131
12032 45759 7800
12092 26874 98888
12092 58565 43664
12106 48310 6911
12209 91786 28157
12234 39857 43814
12320 31793 88172
12368 9377 76959
12378 24159 28043
12428 57057 93674
12488 90951 62671
12492 18465 42807
12542 72494 73863
12544 69188 91267
12549 9954 20186
12569 94070 17707
12603 9309 5482
12606 82658 64764
12613 22750 49016
12695 74224 94050
12703 23629 43154
12703 31673 6680
12713 14397 8030
12747 19467 45325
12771 30164 43388
12811 50106 46909
12917 6327 77652
12927 32200 55887
12957 97936 74021
12964 74997 48430
13115 41263 24742
13134 32474 39342
13152 44549 69317
13207 56413 47468
13217 47532 55952
13231 96078 76346
13244 37451 38686
13253 69669 33542
13287 32066 55467
13311 42033 26390
13376 37440 67973
13394 58318 52102
13417 70357 15156
13417 73006 19470
13463 26300 10906
13539 18977 23989
13559 12081 83306
13593 91240 85868
13667 62099 28463
13702 69081 84999
13705 13995 18136
13714 61948 12616
13737 90196 31911
13744 37721 73949
13794 83975 15028
13984 94514 46475
13997 24958 14554
14016 47603 40325
14066 73872 6782
14067 20749 6576
14077 20516 70971
14079 95382 20811
14133 48614 89511
14218 59401 8726
14273 65944 64208
14318 15942 7743
14404 77881 12684
14434 25531 57368
14469 74818 44360
14470 67781 40099
14477 27306 73519
14508 74754 40660
14581 18560 12416
14627 88285 99135
14727 20521 34386
14739 90769 82423
14776 48017 71878
14785 34111 89598
14807 1447 9301
14896 77120 35148
14927 73480 47457
14959 62033 13931
15018 71841 7628
15029 36855 91736
15049 66473 21163
15086 22602 48775
15125 82505 81563
15139 25450 70791
15256 13968 52020
15275 75449 20614
15306 20162 14371
15366 40400 4677
15394 94867 25249
15458 95512 38580
15500 57511 53314
15517 50321 35560
15532 70067 91773
15547 70604 21788
15569 77998 98275
15582 88672 55412
15619 97661 86646
15626 24024 2178
15698 5662 34060
15709 10970 15535
15728 83315 30202
15782 14898 33160
15798 5052 39180
15829 46151 72898
15885 70837 16297
15959 26458 67976
15983 48192 13591
16013 73734 46653
16016 24406 43
16037 26450 89019
16155 82464 45079
16186 65951 42734
16271 2552 8812
16297 13362 85764
16321 63088 16890
16467 58007 14583
16476 95154 72122
16488 86115 21685
16494 24014 31339
16516 81380 40673
16527 8716 17071
16532 58684 92778
16584 14279 61833
16742 33805 68864
16761 56838 6020
16782 56882 71929
16787 39957 74108
16827 11415 63163
16835 95326 87196
16862 12490 60896
16869 2699 67916
16970 77782 37265
17034 9328 73244
17127 39265 96680
17166 63162 80583
17246 6562 60366
17250 98698 1944
17252 2440 13784
17273 24262 39742
17285 4765 94540
17287 97271 87202
17306 57805 14326
17340 29794 87552
17348 59144 46820
17388 87752 32917
17419 13910 7407
17421 28490 11580
17539 11577 1610
17554 8729 55613
17555 65154 5827
17626 48864 8476
17632 69037 22963
17696 33527 75754
17730 15877 40418
17742 9906 87575
17754 95691 2291
17805 67268 88892
17880 81219 33838
17882 25866 1091
17885 18248 65844
17918 23636 6770
17925 94587 96229
17965 48966 56977
17982 41637 80874
18078 38807 43623
18133 6728 81315
18217 43576 24316
18220 94412 91541
18228 357 15371
18264 54741 10147
18298 58359 19467
18359 8548 13139
18431 45180 54666
18443 75143 49090
18446 29715 67056
18449 79559 67958
18469 87591 66594
18493 58571 55722
18601 45415 8955
18616 30326 16832
18636 77232 60609
18678 90417 3095
18680 46900 19250
18743 38376 58553
18774 53161 82879
18786 47475 13967
18802 88432 98703
18806 33842 65736
18812 63125 2809
18845 967 99756
18845 28459 80598
18847 89284 1620
18860 81783 51981
18864 23206 34551
18873 15703 86893
18878 84799 64555
18980 52763 44452
18999 68374 93222
19089 63058 91841
19105 95086 50270
19107 19639 57921
19113 1113 41184
19154 44517 60657
19174 90796 35462
19176 48733 80173
19243 56566 93250
19270 53354 3140
19332 63005 93413
19351 45396 55638
19361 12955 83675
19387 29812 35306
19444 65595 68978
19461 73472 92893
19462 66339 70417
19610 21445 57860
19632 856 87716
19654 56667 28644
19666 62992 51565
19697 5524 4652
19709 40299 43325
19725 77952 37520
19729 97926 9583
19730 46545 57747
19755 6933 40053
19767 68248 67848
19789 12702 32421
19824 35929 77607
19939 60597 94632
19952 19345 65435
19962 75155 31104
19974 85081 46172
19998 58723 80669
20009 67126 16051
20021 18559 7698
20045 30219 32982
20057 22407 4919
20134 31020 7930
20136 94339 86711
20154 6871 58771
20226 14940 27940
20230 14716 15971
20313 49230 27641
20377 56023 81078
20396 47883 32916
20410 19012 45272
20484 10611 88674
20507 31905 7241
20535 37338 20375
20560 37812 58024
20612 89828 93744
20619 60938 96966
20638 36259 21023
20671 24957 89518
20697 27957 8833
20765 42165 69805
20791 75310 26048
20803 54745 39844
20860 79261 88450
20874 36082 30251
20888 78223 3596
20896 97094 70915
20917 97832 63902
20926 51605 85244
20937 67097 39646
20951 19121 64091
21043 22840 35049
21054 32910 60791
21156 22115 84461
21244 86775 79300
21298 54226 4574
21303 41341 88840
21361 71773 73213
21374 33204 47269
21379 9798 84446
21434 90355 75185
21459 71377 14480
21510 34897 42566
21554 73831 41170
21555 10776 7947
21567 42513 3791
21585 58650 47084
21595 75547 93299
21597 89820 54413
21617 80154 42969
21620 40460 21380
21623 47346 22959
21683 46870 85041
21717 27245 18104
21736 73762 40748
21757 33768 54573
21781 80367 62172
21867 34297 65992
21878 14494 31206
21881 85816 24066
21916 33747 69412
21947 24649 81436
21964 28115 19141
21967 26781 11292
21975 68756 2119
22075 86902 73841
22081 73684 75651
22118 9073 43620
22156 92698 25997
22163 96137 535
22173 91667 63299
22179 51999 89413
22186 31019 748
22242 42466 54654
22337 48881 25844
22453 65692 36845
22520 6490 45928
22528 76344 23727
22547 98956 69211
22589 9327 43013
22656 42488 10236
22693 84058 96337
22751 95655 63833
22796 23098 44588
22840 279 32759
22846 71321 96884
22862 27265 46719
22948 24012 12824
22960 28886 10513
23012 93143 40330
23089 37082 28344
23098 11310 59091
23271 2798 66839
23279 71990 63112
23295 10377 61799
23315 73937 35986
23382 87524 55207
23412 29111 67300
23450 20695 4792
23572 80937 9618
23574 69296 89374
23613 66206 29224
23698 65445 73108
23705 30527 96817
23710 67064 22729
23736 83465 73506
23741 50176 51010
23741 49639 76215
23752 75354 53642
23763 24091 42136
23766 96706 58364
23784 79006 73535
23808 63211 74294
23854 45486 71332
23873 86130 85389
23970 22066 74304
23975 42997 47965
23981 73646 33209
24029 47811 69488
24043 79226 39356
24063 65906 97207
24063 24773 53272
24098 63016 38721
24104 93891 91319
24143 23763 7113
24150 49569 62974
24179 82943 34186
24189 29076 32989
24230 21084 76937
24258 59113 3377
24265 29619 53780
24275 1109 85
24284 81920 61490
24289 28904 2369
24301 94424 75530
24316 3569 92717
24331 61966 70115
24368 78540 70827
24436 92595 93725
24454 59223 59587
24461 7451 54793
24504 55779 3010
24565 31558 63069
24679 30500 42675
24737 68246 76870
24753 26963 60311
24773 5552 4130
24792 79638 21747
24795 96499 49781
24838 70783 2324
24872 59901 77530
24877 51431 39149
24894 10939 80699
24909 82137 93972
24916 53947 11252
24987 78242 9049
24991 10112 7299
25072 8885 74256
25076 32060 77044
25089 5484 46608
25113 76059 61174
25130 28208 63908
25163 7940 57115
25163 12224 80996
25166 94354 33381
25200 99151 7867
25234 82522 61649
25259 14332 24965
25277 4745 52707
25301 63196 47259
25341 70028 84182
25395 52692 59492
25400 37771 61661
25411 79898 64050
25426 33535 26103
25487 45722 20664
25511 50278 91946
25527 20167 50044
25540 49244 29900
25545 20851 3470
25623 99833 94852
25627 39649 9959
25628 94574 34762
25651 14191 97639
25678 16142 20703
25689 29083 2670
25727 84673 71557
25786 75801 46962
25863 49542 36816
25901 85610 79706
25904 35520 67503
25907 46590 24490
25908 90684 5535
25934 71115 4956
25941 17962 96521
25956 61209 38002
25961 67275 74116
25977 21711 80131
26029 25506 80535
26088 45309 20864
26147 78834 82794
26186 44150 74518
26307 46131 1417
26317 90362 89776
26323 72908 1124
26323 28028 59217
26350 91105 42153
26429 85069 86272
26483 12761 41313
26528 43665 64256
26563 92097 44407
26603 94872 96934
26649 5619 67345
26692 64552 26725
26721 31991 8616
26751 8660 82061
26768 13121 74217
26821 18497 29640
26883 81136 95599
26888 74225 52755
26956 30773 46806
26960 46101 35761
27068 59506 86598
27189 62638 95154
27199 43565 68919
27340 60632 73210
27354 4154 11727
27441 19479 58547
27549 51502 37687
27556 86787 79776
27839 81811 61936
27844 5116 21171
27854 65253 95753
27874 96598 56887
27910 7772 77960
27917 46575 52595
27959 58320 2072
27980 64472 30908
27983 30971 90305
27985 63978 55431
28071 23188 87197
28084 20032 95578
28184 7399 8737
28193 20220 82461
28202 22643 39110
28292 42953 17026
28300 75592 53088
28354 63391 17290
28441 47775 48728
28461 44816 22375
28469 88043 62105
28487 30055 61207
28487 75267 14169
28561 59606 21667
28681 65431 70803
28725 60579 64086
28732 63359 76550
28779 84311 73314
28827 38178 56647
28832 36027 8369
28832 15838 12064
28841 58939 66152
28842 46663 91634
28862 88400 14771
28872 83186 30665
28891 34489 42407
28956 86425 66749
28959 82123 87725
28966 91552 33669
29052 12428 71011
29134 26354 31495
29241 16474 81002
29251 10105 59314
29273 3872 86675
29332 93646 59494
29398 97174 10718
29420 25258 70713
29432 8163 79267
29493 50895 86680
29496 46476 57993
29520 68698 55071
29669 15293 58368
29704 35876 4833
29740 10706 44665
29754 51322 95281
29767 41954 3525
29769 69399 6938
29789 48586 63834
29791 79513 60319
29808 33384 8148
29819 78997 29315
29819 40499 32009
29834 4457 22284
29838 65947 2216
29857 93893 92112
29908 19797 69779
29926 79599 65843
29937 42836 47805
30006 92786 53911
30014 87745 727
30017 62989 96354
30028 99598 42417
30055 11187 86967
30083 38897 33334
30084 17642 96542
30088 86628 78510
30096 48766 77222
30103 83050 60064
30104 91450 65614
30108 88765 44070
30134 60244 46543
30152 88887 29537
30156 54907 95406
30182 58282 95873
30210 69660 53323
30221 70675 29571
30236 47329 32554
30297 34388 94548
30339 62417 82131
30371 77416 75246
30390 16295 53816
30391 7842 4222
30429 12415 382
30430 72914 93343
30533 24677 45736
30561 63209 29027
30575 21968 13650
30585 62041 80601
30665 39774 94576
30799 39231 82636
30844 70036 77629
30916 27443 63392
30919 45330 38715
30979 30828 21906
31017 12141 87117
31072 46333 73163
31083 54754 84504
31135 28490 14471
31150 29618 57355
31161 19470 85065
31334 39671 36799
31353 6002 11852
31376 89449 87580
31389 31761 27309
31408 37687 61289
31470 80619 56651
31484 7007 56413
31536 88516 16353
31581 60547 92598
31589 88117 74399
31644 93612 26136
31667 39335 3163
31697 54658 41306
31765 21156 96333
31773 95283 10507
31798 35300 63927
31817 79276 79548
31832 73187 99428
31855 92803 66211
31925 94478 95068
31954 52989 90097
31961 76836 52188
31971 35389 25633
31996 99169 79876
32010 56947 33510
32036 40738 35436
32074 61959 98710
32318 21976 35140
32393 41420 30688
32396 15821 83358
32405 67047 49817
32468 31555 63648
32507 89212 64154
32652 85198 2120
32666 47962 28133
32769 59618 7089
32812 42616 58981
32832 80288 23150
32894 31010 3638
32897 15704 49335
32908 76002 92397
32979 99186 71340
32984 59926 3959
33066 85217 21215
33099 38015 36480
33100 13273 20696
33121 54627 61408
33198 80599 45992
33199 4464 38278
33289 79078 63750
33294 62260 40370
33295 27552 79067
33373 56340 91202
33400 44825 65094
33404 52299 63153
33411 89670 37892
33420 84310 53853
33438 24221 33674
33595 38922 80474
33625 49359 86963
33680 38215 12736
33718 68204 39272
33756 48617 21149
33758 29457 15539
33781 32581 91910
33800 74909 28213
33801 78876 59292
33811 59386 33758
33842 48323 83718
33896 79949 79964
33925 63476 50293
33998 49828 91710
34011 80286 7772
34115 73852 27534
34158 56525 45088
34161 65313 74789
34165 15240 96523
34219 60377 36254
34227 31073 36952
34242 90645 25995
34262 26618 73893
34354 51744 89050
34362 11100 86826
34372 55231 44341
34374 81522 13208
34397 78577 12762
34417 73700 42740
34431 15677 32253
34435 31518 77038
34455 25057 22917
34462 97960 23341
34545 20995 97049
34587 47735 98933
34609 30062 38550
34630 67082 94983
34686 25619 6217
34876 47590 47436
34891 56657 64846
35024 80009 85837
35055 99513 30051
35153 58595 62844
35154 74155 28528
35178 28820 24538
35187 96573 63477
35202 39677 10059
35203 25499 13328
35259 31848 36273
35318 69107 31835
35327 60806 87335
35334 91261 92783
35353 41558 25049
35386 72751 62806
35397 19905 50287
35464 7560 76019
35469 14954 83181
35571 46724 64850
35607 8591 73674
35712 87634 91820
35741 57996 62167
35751 80303 37909
35761 57700 55297
35786 11030 46539
35793 91798 14109
35896 46995 70813
35922 58183 11647
35931 11746 23346
35946 89527 88541
35963 35061 22078
36053 7809 29036
36071 22937 60083
36122 5008 38988
36134 79229 35919
36156 37772 32002
36246 45322 92387
36249 78939 51817
36272 5067 36700
36305 69659 94872
36314 96802 68953
36393 35587 70291
36429 96352 76117
36522 38777 24773
36522 78712 66778
36577 78975 14399
36662 22339 23552
36667 73471 6940
36758 10271 3177
36760 70685 69736
36765 82528 52756
36797 12963 79147
36828 64722 17443
36855 49990 50747
36856 98450 45184
36857 36051 69081
36886 38152 29311
36903 57086 21886
37144 19514 14248
37156 85291 82073
37270 57796 43730
37275 4579 82852
37283 40347 44535
37379 19500 99469
37424 39611 31209
37443 37212 51718
37471 89167 10448
37501 11405 8380
37532 85266 1316
37542 65078 6838
37797 82059 38097
37858 19959 8375
37911 2042 83528
38004 23774 48211
38085 19356 4366
38087 24184 52709
38107 18932 71841
38129 39670 22815
38136 82379 32249
38143 95709 13431
38178 52636 84106
38267 11602 76179
38269 6828 98140
38279 68372 73502
38420 15438 32565
38430 21734 61770
38520 77191 66702
38610 22037 26646
38655 63586 43105
38748 59716 37770
38753 46130 93603
38778 17485 13779
38789 62356 87035
38827 98748 83174
38837 87373 79899
38871 24752 94106
38962 23680 32944
38965 54618 52468
38976 80613 54271
38993 48188 68426
38996 62483 1924
39017 65070 22896
39067 73800 13042
39068 62999 7450
39136 22080 4932
39136 91186 7266
39159 32359 96512
39203 6642 6358
39317 37510 23679
39462 1655 37980
39536 87035 9625
39546 97735 51777
39577 93464 49415
39610 42881 70041
39661 64258 60714
39679 52670 13546
39728 11057 89750
39739 10019 83073
39773 73729 95686
39867 12595 63363
39872 77636 78331
39897 41261 80767
39906 63978 45090
39927 23121 3055
39932 41317 44081
39967 25691 51073
39978 63702 93870
39984 25823 6846
39984 78813 98593
40213 84029 63927
40222 71894 27336
40257 91421 662
40280 90264 36470
40289 28648 9054
40293 15410 86605
40340 66529 40236
40344 9343 14239
40413 32934 82485
40418 54397 67538
40472 60771 96601
40502 74572 13537
40575 33685 8908
40638 94564 9431
40660 10762 40583
40662 58339 13614
40697 67365 37750
40720 41942 29403
40730 70397 97145
40756 20433 28264
40869 31743 59144
40926 14327 87438
40940 23033 71040
40940 21411 40269
40963 47616 5770
40990 67257 4321
41039 44515 86156
41064 73053 89887
41075 54833 22286
41140 27029 51729
41151 54797 14768
41186 2153 77822
41207 14419 22401
41249 78876 51163
41314 79002 2680
41366 38775 60739
41374 23416 68568
41411 59810 43713
41445 98069 36577
41492 21259 11786
41499 95189 94273
41501 15775 11637
41518 37129 33265
41529 88911 37486
41650 18600 54629
41707 68755 27882
41743 29993 7512
41751 53844 29595
41807 26340 73615
41877 99439 66369
41891 81901 88701
41947 63104 7114
42002 67864 45147
42040 14869 95767
42059 66764 43206
42083 71365 71931
42147 12417 79973
42147 72845 19718
42156 32804 46595
42158 33297 45067
42161 92438 36977
42211 10444 39948
42221 17697 54317
42222 68382 60500
42236 84341 35418
42324 74629 53431
42335 23894 18110
42381 23254 2317
42391 48984 56474
42422 54223 88534
42437 9037 78466
42478 50833 16043
42515 32483 74236
42524 99481 75844
42602 64713 66742
42667 42347 3681
42695 28848 69748
42707 94805 92870
42716 79418 17048
42728 55888 75091
42731 87171 67088
42732 98433 14255
42823 15740 52109
42828 20003 65376
42829 48475 4299
42905 3894 95337
42956 72837 15079
42976 58879 51443
43000 85591 38646
43097 28421 61332
43206 46160 63896
43226 47937 89307
43229 61877 52500
43242 39309 37870
43249 15269 12781
43270 87332 29989
43364 22004 87980
43421 59976 38764
43431 29799 62273
43458 71220 77544
43469 56993 94910
43484 95268 36656
43487 59878 87547
43505 27596 24674
43532 65610 86945
43553 23961 14954
43568 41767 25363
43576 86866 17349
43612 6338 95622
43653 22847 53616
43696 29434 55235
43739 17892 77370
43761 33245 27461
43783 14881 84821
43789 70186 14086
43804 47320 62592
43832 61020 98541
43836 59851 39548
43839 10392 44535
43844 76716 62073
43889 4970 59175
43890 69225 47227
43965 1059 49474
43993 14336 31414
44002 23088 68076
44005 61336 79854
44026 29020 71238
44073 82445 67573
44074 69771 11195
44074 82695 6129
44125 59701 67403
44165 66318 31283
44176 46482 70638
44241 13429 18155
44262 8750 38585
44292 8485 65216
44323 77122 94667
44392 1053 61380
44443 86032 21294
44478 71360 59376
44530 75138 40240
44586 93199 77652
44630 65814 83819
44670 4140 91350
44694 10145 59705
44725 14732 74711
44726 46385 16571
44776 99723 25977
44776 91016 67399
44876 29446 83566
44921 10539 71210
44974 74940 88606
45023 44641 84269
45085 40061 433
45092 33733 15700
45120 61514 75090
45120 57898 46385
45129 7975 44223
45137 18963 3200
45167 13980 55468
45198 83568 28306
45214 31828 63772
45218 15039 36352
45226 61881 21984
45241 10991 23594
45261 9325 61316
45299 62299 73571
45366 69311 28520
45406 62244 62916
45407 88196 87550
45443 91524 21039
45521 78551 2194
45547 16202 24095
45550 79942 93067
45579 47434 29054
45615 99599 89308
45704 23595 5194
45721 29302 94551
45725 28142 27661
45747 34161 90909
45805 96210 6685
45846 46657 13938
45851 26750 6247
45857 66111 8532
45860 21098 86890
45877 3866 19935
45882 10535 53210
45901 24830 7528
45973 34186 94338
46011 25436 62170
46054 21710 49955
46065 15777 85904
46119 83103 13814
46138 66629 13889
46141 73233 80187
46146 6280 10915
46167 22527 43443
46220 98023 51190
46288 16660 80341
46292 45764 48955
46357 22961 24923
46362 36374 50087
46398 79644 9451
46400 6525 11364
46413 18200 69772
46414 84361 70659
46455 63627 45995
46475 99809 56813
46476 59332 77860
46494 57116 9366
46515 25715 56367
46544 26624 27789
46554 79920 44605
46566 23560 75153
46573 38293 66269
46605 22081 83290
46658 60991 538
46710 10694 56903
46721 86561 47339
46725 75889 33658
46728 81178 85930
46834 42841 56090
46853 34820 18368
46979 46282 82338
47005 5511 58173
47013 66033 3814
47061 49069 90245
47170 4562 26636
47257 50305 41641
47278 24277 7542
47293 35203 34901
47330 50120 57553
47349 58113 77399
47367 17734 14894
47372 2023 82003
47430 16786 70710
47430 37772 65736
47463 14694 42484
47527 59499 41169
47539 6224 20024
47563 86773 87247
47581 86736 11777
47619 23480 31979
47682 81945 81245
47712 60182 44741
47756 10238 49895
47781 40692 59964
47867 14510 80100
47867 74498 3074
47879 70852 88396
47937 89129 17863
47999 96110 5566
48053 62452 28769
48065 51797 97206
48084 36972 29448
48090 68693 68749
48109 23612 89609
48217 82306 32046
48233 98564 60404
48257 43721 49213
48265 46873 12539
48299 29856 74942
48302 10776 83529
48309 40867 28262
48329 55407 78589
48348 43132 28987
48359 40261 15798
48359 50693 53085
48399 41272 22468
48412 94062 44142
48443 14120 92231
48469 83104 77981
48487 41723 44221
48490 33287 38477
48530 36101 52858
48604 54068 74803
48616 51443 23539
48627 48434 6995
48672 4216 190
48690 17902 55075
48750 99860 89873
48806 30404 65760
48847 56741 81807
48855 52739 59368
48875 75575 83423
48902 92202 38575
48970 57851 82508
48975 58164 11344
48999 36814 72318
49021 84715 87339
49066 49686 9901
49072 85285 82835
49123 51186 13693
49160 24091 80797
49174 69967 59083
49184 12492 63886
49186 51089 44727
49190 75535 44439
49224 4760 29712
49259 39707 47093
49285 77416 99657
49307 10484 35690
49315 38854 21619
49418 4483 45050
49431 57977 51714
49481 6763 80840
49535 38334 25684
49575 66177 34136
49591 47736 74072
49637 44579 23616
49679 93773 56629
49752 95165 92842
49829 38693 10711
49847 88118 1756
49859 43183 47917
49868 58787 97360
49870 26065 14445
49884 75468 18939
49980 42468 3929
49986 72643 6018
49998 9357 97781
50055 15831 60931
50067 11911 71137
50164 92029 86978
50220 6880 50221
50295 31564 72623
50308 82070 36241
50464 37286 28132
50533 7730 17990
50547 76326 40397
50586 65527 60219
50629 30151 87413
50709 2782 19753
50808 74350 6167
50908 15022 25367
50911 30606 12430
50916 69023 27292
50935 41897 95057
51019 13329 55776
51036 78685 95973
51098 9495 88889
51107 62253 9851
51120 62585 98971
51121 32846 99369
51195 48077 65384
51223 11432 52887
51225 18468 90663
51299 43667 52393
51302 69768 29486
51306 23092 17595
51480 76622 72693
51491 797 11612
51507 54051 94153
51589 13458 3971
51606 81568 54230
51607 856 9762
51664 71942 73292
51667 31386 95428
51698 43320 38108
51734 9697 67124
51742 36296 32723
51901 60256 98955
51918 35236 81191
51941 12992 94160
51952 73365 96769
51965 33364 39580
52023 44401 89690
52105 28304 60605
52127 94512 79733
52180 87554 91279
52224 82645 91060
52354 82091 54628
52442 75068 63238
52538 46090 97989
52577 24231 25911
52594 28983 92641
52639 79534 2246
52659 51921 86966
52677 28517 69785
52712 80806 45473
52744 85297 75366
52770 32036 36848
52793 9804 80671
52798 30131 58120
52799 33237 26744
52841 82393 10587
52855 21223 42779
52868 26498 13494
52890 19699 34083
52896 77089 33295
52997 60745 13764
53027 59214 50068
53088 6158 77250
53097 68114 56296
53099 44169 397
53166 13021 470
53247 46563 96008
53276 56048 26452
53332 68813 95056
53339 17665 19836
53377 45497 20314
53384 79218 6656
53396 48927 12313
53399 87951 68319
53400 48951 47589
53417 924 48027
53488 51177 33336
53496 10262 37338
53523 66481 33667
53529 65601 30369
53539 25421 4881
53540 65439 92613
53552 28654 89753
53552 6502 8879
53644 93939 78068
53684 70746 52802
53702 62134 32225
53863 97266 84659
53898 75387 58212
53906 14113 27260
53959 73905 2683
54139 81653 20053
54182 40100 55070
54339 52950 15696
54383 24905 71357
54409 34872 6826
54452 6178 48345
54471 96116 71554
54509 16012 70235
54542 57596 98364
54562 3932 21161
54580 3489 61829
54614 86743 96734
54639 54378 59939
54676 89641 19517
54793 30785 41196
54797 98472 46607
54811 98696 23422
54843 93988 38437
54889 71331 26137
54940 33908 95764
54972 97616 14970
55000 11425 90726
55001 52573 65981
55022 45970 21290
55032 22472 82705
55034 6174 61026
55057 71716 90833
55068 12814 26724
55087 3037 45651
55133 50660 44885
55142 6784 16013
55143 66890 87179
55168 82224 9698
55169 15311 92702
55211 79822 13772
55239 71934 34793
55243 35899 91607
55297 2345 49435
55310 54019 93570
55327 56494 92711
55354 31951 65329
55439 5913 97007
55475 41834 49551
55644 91006 73222
55666 52301 34248
55698 69124 64928
55719 55305 651
55722 35101 97364
55746 1886 73240
55801 95079 96985
55808 58224 99596
55811 50129 93690
55896 20982 31064
55941 71865 50111
55943 2764 54751
55949 21549 43780
55969 13735 3131
56026 1042 40055
56033 93344 63931
56098 66503 44504
56119 19542 38872
56154 94633 36672
56157 60148 32720
56165 27881 34981
56166 21582 29095
56256 52441 34929
56259 41866 16550
56296 62114 85463
56299 14847 23890
56514 93631 39383
56520 72917 78484
56530 62957 80367
56538 30897 97345
56630 32495 10481
56647 85408 23911
56656 14262 45524
56677 39481 50156
56740 18622 14285
56783 85090 83665
56799 31708 37818
56816 27105 60872
56851 89755 816
56921 86421 45189
56983 97802 6722
57010 5951 7003
57057 2585 10367
57081 41314 46546
57083 32272 61528
57130 60246 11544
57162 23488 92289
57290 30990 67773
57381 48724 93684
57419 86132 60683
57429 32900 84878
57560 16660 44872
57673 20509 99849
57684 44470 93599
57741 73483 79821
57790 36526 33307
57797 59536 68158
57805 34475 36883
57808 49849 21831
57841 36056 80131
57864 98458 24810
57866 23447 84233
57931 98297 16420
57969 90327 4010
57986 84406 47125
58045 72251 34717
58066 96148 44391
58143 97022 75610
58202 45320 80205
58212 76650 51839
58253 72356 65575
58257 31399 73979
58318 62846 4593
58323 11590 19892
58494 46541 14559
58524 44532 91448
58544 4177 8933
58574 69489 80620
58577 50158 32171
58578 57767 60991
58591 31915 74467
58596 13327 77816
58600 68379 88726
58606 50900 665
58626 37300 18091
58636 77474 59012
58667 73411 85836
58672 83671 45018
58688 63807 10418
58712 35729 68167
58720 8286 59759
58731 66332 85981
58774 69750 10372
58790 38864 52898
58824 7939 54277
58845 54589 17424
58859 18796 80023
58879 94326 76141
58895 25979 63332
58950 56919 20216
59080 89110 24163
59120 12961 34450
59132 67254 50905
59152 14656 89090
59176 15513 23834
59335 73386 3164
59348 95920 31403
59429 37529 95165
59459 79312 78288
59520 67422 86348
59539 24188 85646
59555 8211 98855
59594 25429 76023
59660 97024 87892
59784 92371 54833
59789 57405 55017
59832 66155 25409
59857 8361 93485
59895 93195 34486
59903 98963 34181
59906 89231 76237
59933 13973 62089
60040 21422 91422
60059 33804 21116
60073 51404 38412
60090 34919 96304
60133 48199 18806
60155 3172 38102
60228 72520 564
60262 44743 32475
60272 22065 27334
60290 59049 96340
60331 76197 62581
60402 78504 38037
60441 15798 17911
60445 55614 82435
60538 96666 55906
60547 24884 79671
60604 50139 83688
60635 26441 28590
60667 61476 33328
60683 69874 58552
60760 55927 2422
60769 43999 47065
60772 44959 7878
60856 89200 80838
60861 1830 36705
60915 65970 37390
60977 93234 60245
61027 13723 56437
61043 64959 19875
61053 3854 57808
61089 25474 14777
61101 54385 42744
61111 54265 66473
61166 39630 42073
61168 75296 39692
61176 79465 93274
61193 98563 34922
61200 54875 89059
61204 34875 11423
61296 68542 44374
61344 39204 23784
61345 26995 48019
61393 5719 65080
61424 38424 38226
61424 79880 54004
61444 43579 26899
61488 45914 35495
61507 77523 4899
61512 87712 13620
61517 4644 30585
61528 33982 95931
61547 55441 82266
61565 11257 1566
61589 17021 46416
61637 56449 94212
61639 6244 85932
61643 58786 9682
61682 69648 26540
61694 22164 4294
61746 5830 47448
61785 36369 71276
61817 67015 5596
61838 29158 3024
61844 52669 23513
61869 70786 98596
61879 67257 94688
61881 98343 17131
61913 89794 94574
62014 92033 96762
62057 1400 86443
62085 88526 82698
62123 68790 63841
62135 81468 2810
62149 54033 24005
62174 18567 55979
62255 38627 2167
62284 3846 14600
62286 57045 57208
62334 27329 89207
62340 59551 61758
62368 7171 52722
62393 30483 98940
62425 35583 62470
62454 84157 10007
62465 35489 2382
62480 40505 48377
62486 12685 23813
62500 64473 5097
62543 10420 68311
62606 26572 87617
62619 79969 26068
62659 89293 37043
62756 11280 76795
62785 44366 93581
62832 34065 8082
62835 67293 82992
62853 66652 12929
62886 69054 1321
62901 86026 75298
62942 32223 50038
62957 18387 85756
62972 66700 4576
63059 66804 62753
63090 32104 77370
63215 41661 78012
63215 35764 27377
63244 23042 49044
63267 53871 23393
63308 45654 53701
63381 984 71839
63396 67467 57967
63403 7308 10638
63419 74588 98568
63443 21249 75546
63490 56815 40853
63569 80242 74356
63592 29432 68451
63646 59289 67708
63692 60342 57879
63767 44669 33091
63848 62767 50954
63870 36189 57568
63875 84500 84758
63878 28160 88430
63900 4199 7537
63904 29516 27686
63920 7067 4549
63984 1898 84267
64033 5738 472
64047 33065 78719
64063 80814 80663
64084 7550 88203
64200 57646 17351
64217 29593 77815
64259 62896 72117
64270 26551 1931
64286 47511 55169
64327 20613 79038
64331 71263 82067
64382 74628 63854
64385 11957 20150
64432 14349 70480
64459 86014 21088
64539 85510 20567
64658 45323 71516
64719 47060 28305
64772 63487 85923
64776 80750 26345
64792 5298 99667
64800 61867 23595
64835 4084 99463
64894 3577 44201
64918 52004 4382
64968 13556 78254
64976 24545 45428
65002 5785 25373
65002 87935 54195
65020 18524 88879
65038 7222 14511
65050 38201 40569
65060 72737 17721
65073 3226 14211
65074 4719 23523
65120 93712 45054
65200 15497 18434
65207 43620 21265
65278 73920 49188
65289 78255 65910
65310 45975 96651
65345 9691 89776
65363 42176 57652
65428 60069 75412
65467 99208 64089
65490 67948 11260
65601 61203 65952
65624 99446 35476
65633 29364 33070
65658 79570 40653
65667 7206 24978
65731 22903 3024
65766 71155 96911
65781 31010 98492
65790 96798 86992
65850 54277 26397
65883 94038 33308
65937 7440 77434
65977 16390 95320
66065 34299 8869
66068 42062 12673
66084 32853 58017
66140 30916 36534
66186 64155 41097
66214 93592 50245
66237 36362 93497
66241 42945 91740
66255 82980 26728
66256 40802 91400
66266 57414 19773
66336 80389 35906
66419 14311 58877
66498 73704 61501
66581 77645 78076
66622 44433 30340
66638 12146 73539
66685 13090 48583
66731 35904 26434
66827 79827 56441
66863 3352 69416
66885 32274 38175
66892 58251 98234
66916 78274 75764
66917 45677 37428
66928 67560 65592
66933 13129 12016
66942 90230 49762
66995 11754 26603
66999 55116 87655
67029 42295 91084
67031 74923 23668
67058 71638 3058
67074 95450 6095
67112 39724 87868
67127 5569 18844
67169 19308 38333
67174 5089 35193
67232 33684 34733
67254 54080 51593
67264 18537 41265
67287 5883 81017
67302 50722 21182
67320 1812 10964
67339 31339 99358
67381 86510 60740
67439 78151 15718
67489 80850 9321
67491 18095 40747
67525 78209 10946
67630 47249 33769
67714 85029 50504
67745 31844 28145
67788 52491 82775
67798 97632 73133
67813 54299 61063
67883 16941 36662
67894 96705 70279
67903 93114 18868
67913 26750 12958
67967 64167 62648
67976 76983 28267
68023 93186 41116
68084 94806 34554
68155 67574 4969
68167 75169 96481
68168 5427 26597
68221 26004 50581
68255 10932 79378
68258 19448 278
68283 67334 74767
68348 14374 61792
68350 53434 66782
68403 17918 5720
68463 4447 83884
68464 89376 27610
68491 97281 97502
68497 71402 88401
68525 1500 31691
68534 41751 50066
68592 56821 67692
68641 94558 46468
68685 45436 48105
68710 11769 14117
68782 17123 62387
68877 78766 74317
68911 35857 91706
68942 59984 70093
69000 80765 30198
69077 20872 38155
69120 87124 51231
69125 29879 60729
69140 76672 41323
69151 36534 95176
69153 52380 39790
69196 9160 44066
69323 26209 5619
69330 95438 96282
69337 57841 66096
69344 35875 38988
69418 33716 48068
69445 21446 7907
69457 68062 5798
69459 6381 42796
69462 38943 53445
69471 56393 17882
69512 31617 60537
69521 73599 75716
69525 12471 22473
69603 20943 54432
69612 53777 55178
69634 74895 48420
69656 34470 29447
69683 19173 14845
69687 12448 8269
69702 59390 63853
69706 29166 94583
69789 88150 46797
69836 37101 2055
69841 88245 35676
69843 63721 83460
69845 28817 28722
69845 89141 34340
69871 42167 53746
69894 77580 86448
69955 34562 67218
69955 22385 42640
69987 63023 69165
70023 32535 93804
70037 16696 89771
70054 64421 78605
70073 33615 12391
70187 36865 14660
70226 69500 9407
70231 93655 48401
70245 82431 11426
70251 30068 74517
70251 16363 73299
70283 10284 28174
70326 25981 57361
70343 22999 3082
70377 44687 56587
70400 97132 91215
70515 78766 65077
70548 55366 21041
70553 59738 80073
70590 73913 15548
70691 52056 50636
70697 94372 14223
70769 83707 74990
70776 48717 62519
70788 8862 8779
70800 25142 46891
70807 90252 59081
70857 258 79119
70867 39083 85741
70886 38968 29032
70901 3676 94703
70920 73307 27503
70922 90907 26742
70938 3270 3992
70973 65923 67884
70976 14939 41784
70977 23306 44909
71058 30848 68791
71075 9417 34449
71089 45797 39741
71096 62474 66138
71098 56242 11441
71148 79967 68232
71230 38488 48080
71300 3879 31619
71344 22728 89364
71413 31652 72799
71457 90020 51139
71485 60294 99799
71504 72154 56464
71534 67572 76573
71541 32254 37082
71555 98789 16346
71577 44155 93101
71605 13319 58721
71622 6078 75789
71686 85464 47220
71702 62191 87394
71717 87853 82144
71764 97944 15038
71769 19436 75470
71785 26126 4111
71885 26645 29297
71885 63566 92543
71960 63970 11841
71986 14742 16450
72022 17829 97378
72070 42540 68595
72134 68994 30898
72151 59676 42209
72154 58332 58043
72181 18297 63108
72187 97265 95109
72214 1406 32387
72221 25188 74689
72241 86289 97239
72294 60352 5634
72330 42764 97837
72345 6049 9475
72349 70316 60930
72365 12882 91734
72372 33536 59213
72418 48660 72947
72436 88605 6558
72464 41121 34534
72507 24640 19144
72547 96405 35087
72603 82062 903
72691 67681 17768
72693 3348 61701
72716 71579 22883
72737 21370 92311
72742 77854 21072
72784 53765 78930
72788 91422 16455
72868 70823 22751
72875 34616 21604
72929 18222 5481
72953 71171 32853
72998 92193 16798
73092 13357 28445
73099 19077 16941
73110 17894 24164
73135 7401 35830
73138 12749 46781
73200 55525 12243
73265 53511 52950
73309 95704 46488
73372 41342 3076
73400 16777 36119
73441 58662 34482
73539 71258 48754
73553 49601 21660
73571 69250 1593
73622 39554 73677
73624 95859 18337
73637 45731 18020
73640 89618 53153
73648 33801 8267
73660 64471 56729
73717 79227 31317
73736 5539 41325
73749 4255 95792
73797 48321 33239
73936 72037 1499
73937 61439 83365
73985 27798 59353
74007 18764 37297
74018 95230 68522
74133 84700 67900
74138 77959 70831
74158 69466 25906
74186 91874 46603
74232 10476 87849
74232 63747 57726
74283 53176 84601
74340 98743 69521
74347 98739 36725
74371 19683 38774
74400 90561 52800
74498 65198 27127
74502 48865 89910
74549 23154 51777
74611 18678 32840
74622 2868 30207
74634 54159 39525
74642 37387 58195
74671 31528 55580
74674 67737 85779
74706 16488 52114
74714 49836 85632
74724 6705 83972
74734 40787 66034
74739 6874 64658
74783 74446 59515
74817 22494 30084
74875 22054 4416
75009 32468 11263
75031 53389 42218
75047 95871 9134
75069 40957 13978
75102 20846 827
75171 3027 79390
75182 76778 37106
75233 20118 89997
75249 90082 71878
75257 46119 5653
75269 99045 25546
75298 98866 2941
75301 83383 20330
75318 21806 25793
75322 22614 69266
75335 65309 9134
75355 32342 29173
75424 58602 71513
75558 46916 6567
75559 23687 27341
75571 14689 68542
75578 37334 37646
75661 51059 8789
75701 20414 55839
75726 82911 99645
75741 70945 96976
75808 70627 83479
75810 22198 96282
75956 4601 51360
75960 49425 22134
76000 21178 67870
76008 36829 6005
76022 38068 99009
76029 67205 49100
76054 65665 48185
76077 40802 66030
76148 53641 38222
76149 82561 45087
76156 78203 48681
76165 76854 7429
76320 1351 27362
76323 90903 5448
76330 21868 11670
76355 62224 85921
76390 31082 39018
76465 10600 72954
76508 80882 17159
76518 37479 88007
76522 47740 28018
76540 65934 49143
76565 87813 4434
76615 68132 83336
76620 42196 54386
76666 9544 53626
76674 93672 9710
76677 53979 41618
76706 52863 73037
76751 24585 69422
76758 85515 96515
76763 90568 71239
76777 10985 14461
76913 95710 47307
76949 39412 67927
76953 57650 79859
76965 49077 84401
76980 39062 37714
77006 31573 84916
77029 72474 83656
77039 89169 4224
77049 58572 77104
77213 2792 24732
77215 74976 79687
77270 25919 81685
77282 63194 95312
77312 9844 29113
77316 71680 56369
77362 11582 88896
77392 96607 53719
77444 39090 37451
77474 76470 29839
77476 71192 32703
77618 44005 55199
77633 2896 69270
77646 38358 32622
77659 6557 56909
77675 22493 96492
77690 65523 83071
77717 86986 20858
77753 65852 88040
77759 73666 63199
77778 86460 10962
77779 78685 3514
77791 32220 90925
77793 45925 18541
77817 23366 69233
77872 11444 25904
77891 45169 53997
77899 18939 76147
77927 63961 17050
77983 28949 35334
77985 24940 23470
78001 86478 84115
78046 76775 82436
78072 27425 38076
78099 23949 4222
78112 86286 77418
78149 37264 67188
78153 75871 75426
78176 30899 51661
78252 73674 53006
78254 3144 33768
78266 94388 24744
78271 36761 38935
78333 61555 94957
78365 92506 53949
78414 20111 94598
78452 39168 78158
78468 29025 23640
78478 88000 47624
78487 88099 16995
78493 48165 64964
78498 89678 90590
78614 12334 65819
78634 9027 56854
78639 1552 49358
78644 6229 8771
78661 42075 7234
78665 69966 81117
78703 39838 32150
78708 310 70569
78786 15569 53268
78815 45507 88892
78907 63731 57808
78927 35781 40313
78933 23929 3071
78942 97258 66400
78959 63911 1981
78967 10925 92506
78976 20041 52110
79033 76506 83326
79039 50955 41969
79054 12999 96271
79082 63148 12563
79117 52087 70676
79132 9753 98207
79166 75397 43667
79206 46454 75842
79214 2419 77609
79231 31937 58283
79271 20646 31454
79285 933 31757
79296 75933 22276
79436 44979 12329
79440 81555 18276
79584 71649 36402
79620 16074 64582
79677 75808 3682
79699 68834 5231
79713 49986 17698
79738 66010 17323
79774 10665 13370
79779 70249 80818
79787 55393 97276
79874 77740 64514
79888 9204 55245
79900 2460 32398
79965 17182 80016
80007 87650 61542
80049 42236 43296
80079 19000 32508
80181 60286 89669
80184 56920 38295
80236 94065 24799
80247 21559 11197
80272 13654 7440
80410 35551 34557
80410 38469 31184
80465 60354 46158
80507 40459 70475
80527 19022 38147
80553 56495 75072
80559 51746 50163
80566 22986 65667
80573 34889 89254
80584 79764 52910
80603 33966 40069
80656 35198 12960
80656 39650 36956
80661 55046 1937
80693 94356 47458
80719 85373 31276
80721 28617 78775
80809 5773 51673
80818 13225 15539
80883 90146 25878
80883 95686 63707
80892 44106 41934
80941 49538 82959
80977 68911 29863
80992 45123 81544
81023 37874 73364
81061 46105 20239
81087 73539 95889
81091 55134 72680
81112 71641 58271
81116 73471 68244
81192 70777 18563
81199 6222 63945
81201 67594 96473
81209 91078 67343
81231 73303 84699
81297 86678 27353
81317 1002 6930
81470 10434 4218
81475 73389 43296
81494 46922 11406
81499 57706 75568
81503 62832 5647
81527 46554 69849
81546 32375 98036
81634 90235 51276
81744 90173 21318
81809 36447 86473
81816 93712 23738
81825 28937 76777
81833 94502 58206
81848 6231 58235
81855 39986 35820
81863 7675 77099
81933 46861 76397
81948 35257 78326
81991 93454 86675
82000 471 71511
82131 20695 26676
82141 67596 94325
82152 10645 58496
82194 41712 24287
82220 44884 76004
82329 85673 64550
82334 90194 24634
82336 8906 35784
82348 44988 22306
82351 54536 35292
82373 3576 41585
82390 97960 17410
82414 1884 38161
82418 81808 14000
82449 44587 74826
82498 52087 79526
82506 2552 22371
82509 56709 76430
82511 40293 92655
82564 93379 13065
82620 10288 23355
82690 28735 76570
82728 75802 98615
82731 51072 11912
82800 44226 88046
82809 42132 63082
82888 4704 28014
82903 71449 51750
82935 17210 79860
82976 66450 21137
82991 63124 86271
83004 66164 37052
83023 29035 21092
83089 81652 68243
83120 30140 52750
83165 3229 55626
83179 48010 65254
83261 92651 94832
83266 28034 50294
83294 82041 28229
83305 85225 57948
83322 35484 52592
83333 92471 20244
83371 70566 55008
83422 61588 55385
83449 71061 60847
83482 44278 39136
83488 19129 18316
83497 88385 84951
83610 87716 69625
83616 45749 87588
83633 89690 9159
83685 11233 29525
83719 80584 23913
83772 59703 50120
83831 40102 92292
83831 97122 6034
83837 62024 76630
83923 74636 37650
84049 27942 6200
84074 85084 12319
84077 45675 81963
84099 26544 74697
84143 93312 37037
84177 54821 73242
84239 20620 70039
84252 95497 97095
84292 31732 80075
84317 65861 79739
84383 22063 36885
84391 76714 85073
84396 92449 69712
84437 26585 96574
84459 85570 18001
84532 30592 75382
84584 87548 54250
84598 4306 66322
84618 68022 15333
84641 6855 21901
84693 3151 53497
84721 93177 91116
84737 88268 75905
84855 95580 64717
84928 89546 20161
84948 1164 72342
84958 42361 70820
84974 75355 14657
84976 13831 9370
85010 89728 74079
85031 77899 45026
85065 78429 58198
85094 45682 18263
85125 35285 72513
85165 29483 14123
85268 12498 21670
85384 28536 97682
85425 7277 8243
85446 71603 15828
85472 88118 7983
85481 70377 42339
85513 89183 71715
85531 41411 93055
85540 6195 66332
85553 66734 58206
85562 2645 92907
85588 7777 48387
85596 33882 68451
85639 81415 68446
85678 95629 70290
85702 10358 1847
85756 93870 83705
85844 39194 84953
85848 59552 25233
85862 3198 38131
85988 35509 32941
86066 5100 242
86075 44797 98517
86187 97944 39121
86201 87899 59500
86215 14830 5732
86230 65812 85864
86245 10690 34539
86248 13452 23012
86384 302 23576
86427 63343 13668
86436 24782 50931
86459 90679 19558
86515 91080 91420
86526 28298 93434
86559 55391 54880
86574 42995 88380
86617 98163 40126
86648 85478 76761
86652 5160 7641
86719 60893 20257
86767 31524 11814
86798 17154 72637
86819 19923 15795
86831 64540 78741
86848 85112 56333
86901 35293 24561
86914 26016 7723
86915 46185 62590
86959 30700 17459
86979 31363 16594
86981 4456 69512
87055 34107 10312
87056 50759 46332
87060 47650 25265
87090 78646 51258
87092 28917 56761
87119 80353 49952
87185 30020 4849
87204 22868 22591
87216 79256 96427
87294 62722 74206
87360 42553 2820
87428 73875 64357
87432 77991 94300
87515 95456 73084
87524 81041 18584
87537 8659 56942
87560 20141 69693
87567 18765 29167
87571 11796 26224
87582 83604 43032
87601 95018 98598
87625 51402 31277
87723 94362 26681
87771 88693 21450
87791 82640 93875
87878 80007 27333
87927 83119 11584
87928 56968 71151
87958 58647 95207
87963 82353 47151
87970 64294 38754
87980 80364 82229
88001 65163 6950
88025 21181 84989
88036 31621 9840
88109 58262 82227
88118 78286 25171
88170 40256 31033
88184 69024 7439
88221 16220 12458
88248 85993 11982
88299 47623 34798
88318 31997 52517
88321 57121 80079
88344 69893 92895
88359 58121 97739
88401 85539 21987
88401 22404 73409
88406 13739 6329
88444 85779 32087
88594 10465 5406
88611 47131 6457
88654 10074 99124
88693 9021 19043
88763 80798 90359
88817 97046 67581
89029 9818 29239
89035 96165 85920
89135 3549 13842
89135 94548 83541
89170 40689 19973
89230 72168 96577
89238 73644 56614
89257 69362 82348
89265 62534 5483
89289 58468 90002
89304 65697 78049
89316 80929 79771
89329 59343 52268
89342 20411 55974
89359 50704 81132
89360 14467 79622
89375 39470 73302
89511 40432 1437
89523 31244 90900
89531 93039 43523
89542 87031 50258
89570 75728 62096
89580 12477 84562
89583 20989 95678
89604 43732 46209
89624 82527 30459
89636 95008 48467
89651 36789 11524
89656 95317 69722
89684 46276 91114
89724 51817 60969
89759 92676 98539
89769 46663 11332
89790 35943 43911
89806 6886 52374
89811 28832 16439
89826 72701 14727
89884 66158 77956
89891 375 82313
89957 13160 79823
90020 46097 4168
90029 58408 32335
90040 45558 98119
90080 7612 15457
90159 94495 16546
90209 76727 72482
90240 20093 18340
90255 60732 92370
90283 31446 50051
90342 70258 86062
90345 8163 952
90349 34401 93903
90357 83600 33921
90393 7422 59881
90445 72625 40230
90469 64767 57215
90472 30446 21772
90491 24380 31163
90542 42099 64769
90548 51163 40065
90630 8684 28222
90655 25853 89903
90782 36113 28926
90814 52574 85944
90874 32053 36354
90884 46023 30716
90901 79061 43247
90921 39932 85764
90948 26440 10318
90988 80403 62062
91045 25526 93647
91064 70782 15850
91131 54758 45042
91262 54182 53811
91331 9520 12724
91337 59019 55006
91393 10873 43342
91446 48049 32270
91474 89808 41402
91477 6456 44201
91513 24883 2301
91539 94814 66966
91580 64619 32270
91592 26598 5876
91617 53565 92096
91681 58920 60058
91696 33355 35118
91712 37442 8206
91725 10141 38041
91760 65717 93842
91792 6150 85522
91832 39855 34291
91942 75746 95088
91963 14271 77657
92005 50829 43349
92089 53533 57741
92090 54867 44660
92147 15271 97742
92153 77537 85888
92189 58044 8434
92208 34020 1964
92272 76190 28173
92371 12373 1497
92397 939 50858
92435 74552 99695
92445 6718 11964
92488 79514 17327
92538 61322 23469
92562 1229 15088
92594 90217 13659
92595 55759 37937
92642 43905 85430
92683 99948 87280
92718 75956 33999
92741 47346 91190
92909 82302 37328
92920 16084 24903
92948 97170 53440
92959 80672 73540
92973 79514 33244
92975 33645 61836
93008 15798 30314
93253 77322 33088
93260 51242 95758
93280 32647 97984
93286 82431 40498
93316 44179 844
93328 85704 1881
93402 46500 93506
93433 67347 1523
93471 8746 87140
93479 54540 35679
93515 35615 35189
93530 35558 80978
93548 32167 56158
93553 7210 40457
93554 91656 49566
93574 87845 27036
93591 19143 57981
93637 87466 91205
93648 33473 64764
93731 33038 43175
93749 37728 78026
93802 24008 5128
93876 50900 16654
93881 95616 75492
93937 38044 50308
93941 60493 68781
93977 75801 16855
93993 16343 14307
94002 83784 78637
94031 89261 7683
94075 74481 18651
94117 66983 45691
94209 74353 45062
94232 74529 71788
94235 29775 9415
94237 28027 33182
94243 27615 4730
94344 16430 95679
94344 519 37903
94369 12627 68907
94422 54459 38681
94506 72837 6301
94529 30852 71596
94530 28648 88650
94640 59155 85275
94656 55451 88793
94663 57063 96043
94673 72061 89551
94696 27726 53809
94711 60111 45947
94723 61016 48606
94726 22783 9751
94737 96432 53188
94757 88161 95553
94759 97072 10577
94766 78719 37565
94810 37615 71220
94813 44855 77132
94830 38626 19865
94838 22404 19119
94859 43822 88834
94884 87711 25281
94885 23145 83419
94961 80589 25536
95072 80526 29301
95078 49723 77357
95091 66874 1040
95102 74830 75225
95122 24217 98512
95143 89689 62555
95172 34574 37231
95212 97868 13921
95237 2656 75215
95243 40570 51398
95250 82200 59227
95259 69368 61207
95300 41351 94287
95373 92032 35837
95414 19921 43466
95429 81122 29247
95453 53489 41899
95534 16868 1261
95542 44108 48668
95589 54135 34353
95594 78605 19707
95602 48855 82606
95610 26864 43660
95644 58346 78152
95658 28096 26060
95717 10429 11098
95741 64369 22409
95750 56795 99953
95758 36302 92886
95798 53800 57665
95815 19181 37421
95843 25843 84969
95864 5324 56312
95865 85876 80790
95880 78339 12554
95891 7500 14193
95896 35620 50231
95955 83071 37822
95993 88500 76848
96074 75936 42637
96147 18467 36676
96151 91800 94199
96159 94024 29949
96170 52973 16043
96178 96185 7805
96210 79087 68447
96217 79611 79539
96234 13162 95810
96241 80274 8127
96307 62583 94141
96317 37995 95017
96320 1971 62773
96335 64000 65269
96371 84119 99486
96439 86973 3278
96503 23685 15955
96536 41280 28190
96537 74330 7042
96543 83986 84525
96560 42438 18929
96593 6816 56153
96624 49444 97584
96644 15583 98406
96668 84543 57657
96730 7854 75909
96784 19313 75147
96790 33688 91012
96793 36285 48719
96816 33122 87216
96908 46878 119
96947 38227 81372
96993 44285 49091
96999 51549 53542
97031 86431 5254
97040 46750 36281
97046 95167 86072
97056 60706 55191
97060 24964 70705
97073 19221 74186
97097 26347 18467
97221 63291 8768
97280 81846 87853
97281 52358 89758
97286 83983 80085
97293 85567 33654
97304 13571 23143
97403 70462 75386
97478 58841 57074
97504 73349 48399
97612 68390 42553
97615 42805 20280
97632 32177 28273
97729 49143 89250
97871 29260 69828
97897 70654 32049
97917 715 39023
98092 34894 81676
98093 7427 98846
98104 83366 89225
98130 91961 44641
98131 29799 92713
98152 6916 59148
98153 41489 81369
98157 14610 59268
98224 72898 65579
98309 3231 96620
98397 19768 82943
98410 1535 41658
98427 45611 99591
98435 70811 18857
98451 47248 62759
98498 8339 57637
98498 7763 40382
98570 20178 36432
98599 65958 9250
98645 96821 18478
98670 6702 96405
98699 92843 31205
98708 43874 92702
98775 56780 2064
98801 578 50495
98835 96224 19727
98913 82431 53158
98935 45746 91498
98965 83682 72149
99126 65570 61235
99146 67787 90821
99174 50778 70479
99264 49590 72781
99299 69266 25277
99302 82792 27915
99328 83756 62374
99376 38664 80483
99426 55512 23878
99432 36463 21116
99448 41590 62311
99482 17636 93612
99483 95735 44012
99494 36107 53913
99504 59208 47913
99526 56248 27566
99539 47397 68947
99554 33725 50536
99624 2210 68212
99817 97271 64784
99823 2626 95326
99829 80585 15786
99896 15191 78746
99917 34483 24934
99958 46299 32552
99963 15588 44793
