3000 10 55847 93198
59 77377 10083
68 25631 94536
111 22631 53410
129 88063 12227
137 17856 98778
163 21598 42394
167 20400 80823
171 34267 60609
174 49568 11495
216 72706 15799
439 94648 50484
468 41660 43817
509 20544 57559
535 96281 58150
558 14049 48071
566 10523 34719
589 56569 2893
597 88339 76395
628 2142 46113
710 12112 6039
738 68790 23149
743 38247 47225
771 60952 41035
772 28435 96098
777 30254 57080
846 91981 53975
847 40783 37250
866 65093 54106
871 99330 98460
873 35998 16056
894 59725 60553
909 52978 21248
917 91939 51102
946 10597 21847
947 76427 99041
963 654 91992
978 36535 9677
989 47676 57254
1005 7103 46229
1053 23340 87088
1089 61191 99749
1119 15789 52935
1139 94806 80550
1156 52997 36991
1178 24007 89228
1263 30813 9688
1292 87096 67654
1339 70641 73858
1347 74045 38932
1359 56629 1036
1377 85912 82531
1407 17684 68928
1568 93412 73253
1593 75241 3622
1620 2967 94060
1626 28307 73990
1660 65826 44805
1676 3944 15846
1688 37836 84379
1689 4320 48614
1714 99844 14854
1728 75198 67730
1762 98224 24046
1842 14845 72680
1851 50539 21328
1868 5501 87536
1881 43718 24452
1908 50114 42157
1974 2072 12665
1995 75219 16264
2025 47361 84186
2049 25088 33444
2051 19020 82217
2060 15181 97910
2072 78688 50846
2088 85390 49039
2103 56913 62211
2138 90600 93474
2169 3572 70837
2262 45664 21767
2264 88956 35454
2280 80706 68500
2347 22434 20337
2379 91335 38011
2446 61434 41788
2457 60517 19085
2512 74938 9924
2551 5943 78670
2588 65843 60640
2590 69120 52658
2666 75919 47527
2682 11990 75625
2726 78394 72628
2770 23693 92935
2786 83721 91999
2807 55845 55360
2807 13199 16200
2814 68540 79056
2824 43256 43030
2849 34120 75790
2894 11680 29152
2936 87492 96049
2944 1548 31912
2963 95822 81261
3039 78934 70762
3061 37598 38047
3132 52215 35871
3227 28898 3286
3232 83768 4849
3267 94468 86437
3278 67553 2635
3281 49681 90567
3286 21031 45650
3303 73488 32026
3354 28387 55228
3370 97169 27784
3375 83137 8100
3403 83058 27121
3426 19863 86580
3428 24852 21742
3431 93170 9000
3446 97818 59299
3518 88687 9927
3536 41366 4480
3542 3577 55866
3549 98346 94509
3566 83619 78095
3583 53807 76794
3677 75693 57837
3689 82558 87710
3691 74312 92114
3731 37647 22712
3779 63383 6391
3780 94786 89845
3788 3912 51163
3829 83850 7398
3831 1661 30360
3864 98240 59702
3926 74499 65901
3944 11452 13757
3978 52998 49831
4048 42868 17817
4064 68159 98540
4393 98582 43183
4429 86034 65419
4491 29994 76924
4520 42374 32373
4535 55456 78270
4617 33563 24658
4630 44412 42387
4682 7535 6445
4691 84143 3803
4701 7626 2364
4710 99876 51999
4738 66565 17769
4766 1713 20672
4771 76636 97811
4826 3779 65412
4852 82110 79509
4876 91532 52305
4984 87497 85552
5023 67113 28940
5050 14757 64798
5064 95729 6297
5117 81761 47352
5135 98424 35062
5163 69849 15991
5203 60242 58330
5305 90322 49228
5318 92538 11913
5383 96788 85870
5384 43109 17332
5395 94963 40889
5400 56310 56596
5413 34501 90896
5432 72881 75945
5493 13337 39159
5527 97885 46441
5531 48772 24670
5539 38255 50393
5546 64480 88027
5573 14295 12991
5577 44676 65050
5614 30463 40163
5647 84670 95023
5700 32306 98129
5753 40838 24890
5772 52949 65497
5834 68261 19355
5834 40527 95621
5848 34107 584
5874 99525 839
5919 93181 91262
5930 38537 29113
5937 10558 92768
5974 24094 85726
6039 56161 97657
6060 88407 45055
6127 42604 20137
6160 3473 71418
6241 94580 70308
6243 90324 38093
6253 20036 27465
6371 95578 74495
6378 5774 98836
6431 39844 52181
6446 38264 23586
6448 64660 75087
6448 68678 39071
6455 90050 24386
6497 33290 74607
6502 3037 87342
6513 82911 43538
6563 47301 93578
6631 42367 66475
6636 59132 28359
6651 23426 1750
6687 5153 3423
6728 11950 61469
6776 94111 48340
6796 1477 48231
6818 82632 34311
6842 7689 23660
6863 3567 1883
6928 27833 83589
7030 38063 96984
7178 65056 5087
7197 4111 1078
7220 95202 6051
7228 12203 4479
7241 65421 20086
7258 514 40029
7319 51402 75366
7381 83373 59774
7387 83395 88945
7408 9755 78688
7521 63680 41928
7525 40798 87623
7553 58530 85091
7557 31503 75078
7567 17360 84769
7567 78964 59020
7614 78983 63577
7623 4224 17295
7625 55967 45925
7670 30180 60441
7676 82501 70329
7709 10213 6430
7804 66387 82462
7846 80063 65736
7858 25830 30527
7916 56361 96369
7944 96602 18091
8003 71466 80735
8020 13002 23995
8064 87184 94998
8084 31365 10867
8109 90862 49092
8177 1905 70891
8203 80926 76431
8254 80805 19475
8271 63181 82415
8290 56745 53568
8291 14132 49847
8321 14256 25295
8366 91308 93847
8386 90644 72617
8432 85001 79734
8432 88574 42711
8503 4125 87081
8537 89562 46453
8648 77244 75604
8709 34030 57914
8756 84983 44908
8812 93237 61658
8819 4325 68595
8850 89286 22481
8982 98084 60632
9015 77948 29443
9049 2094 10665
9127 10099 21353
9204 9781 2756
9208 12208 46418
9256 14248 35544
9271 39945 55795
9279 68298 36822
9313 660 55597
9321 35019 42768
9329 54829 73038
9432 5237 64765
9492 45183 16130
9494 16572 56130
9525 4082 95755
9534 42279 43894
9553 68825 9339
9667 91780 23121
9711 10706 42159
9718 90349 33195
9724 9167 37076
9846 40623 47561
9881 98092 40919
9902 40385 91165
9908 18443 34505
9933 12502 39776
9952 52998 57746
9997 26695 51442
10007 63886 69174
10023 33767 53490
10032 82939 13038
10073 36597 98061
10103 82426 1028
10133 76051 51246
10150 63200 75344
10152 16087 6315
10245 82556 43254
10255 30108 255
10358 64194 58393
10374 29401 11422
10393 47606 78460
10413 45414 7284
10488 61331 86289
10512 67774 71995
10564 60658 52282
10638 43471 59121
10651 5727 10584
10741 17743 10010
10822 63840 12887
10846 5296 41231
10885 10782 59043
10901 17465 33194
11039 57994 42759
11079 48069 74874
11137 35406 38523
11181 55955 99106
11182 71907 45477
11220 42641 89247
11257 38245 69700
11282 54094 66185
11295 44127 12143
11301 89082 90445
11343 80426 21101
11384 24023 58541
11402 90908 4929
11425 89790 98362
11426 21656 10450
11435 86804 6114
11452 74365 24872
11477 36808 10688
11477 43601 75440
11515 80147 66355
11538 68814 7272
11579 94455 36473
11612 44060 85736
11656 65364 79010
11656 77334 7831
11664 68671 87644
11678 71760 82692
11699 57829 25694
11704 62823 41030
11777 70297 68961
11785 84958 18949
11810 16257 62915
11857 32815 19661
11876 54714 64461
11924 24542 62393
11966 72870 23010
11996 6875 38792
12036 26174 62101
12061 44566 95965
12065 40869 27826
12088 55839 69934
12122 76997 72180
12139 97507 97556
12148 82170 42854
12187 49169 44433
12189 15389 94184
12230 80383 43619
12234 64243 6598
12262 44327 61032
12291 10682 51180
12361 30608 51751
12397 28177 30787
12398 73826 36790
12420 64167 92103
12449 92647 46938
12449 94812 94849
12508 86928 55261
12511 31798 94555
12521 97372 42268
12524 95978 85503
12554 17419 64292
12564 84264 50466
12651 14263 62005
12671 34333 47428
12673 65965 26788
12674 56386 29442
12677 35017 73624
12685 13192 99862
12710 62478 32384
12746 70307 24783
12759 11182 65547
12762 88910 20391
12820 72119 94314
12831 41841 59701
12833 84424 91872
12860 76538 5059
12939 8944 73499
12944 46998 11844
12945 89468 49438
12976 928 1697
12977 88347 24271
12993 65741 41919
13014 45469 63729
13031 68786 31691
13044 36751 11673
13088 97479 69717
13124 77872 88546
13165 24583 30134
13171 76731 84963
13191 6329 31085
13276 18059 64338
13299 58401 53408
13308 51167 49483
13340 91502 54476
13346 46321 98542
13373 45160 48456
13376 88895 32454
13412 34471 16550
13439 71880 95357
13533 40541 22653
13577 45425 6969
13607 69896 37743
13712 57556 41071
13716 14837 43975
13728 63195 18094
13730 9773 43201
13735 37835 18849
13744 49728 88787
13764 5860 86740
13790 15094 60140
13810 27958 56699
13840 97424 95323
13875 9133 30943
13888 50430 39921
13910 2005 91091
13944 8448 67710
13958 87597 30995
13965 44093 33578
13971 48621 72074
13977 26406 37223
14011 96746 88871
14012 6682 1568
14087 91401 40133
14139 1230 71839
14151 86253 20706
14204 53107 79152
14214 12967 23004
14223 21791 97870
14246 50764 53208
14250 56343 71
14259 51868 87587
14280 8953 90753
14283 12648 32566
14344 87044 36123
14428 49530 34593
14502 35521 76651
14560 61021 31637
14562 7534 78827
14601 20365 92709
14635 19952 66295
14638 55131 65511
14696 37341 68461
14792 71221 86075
14894 59963 8103
14932 68633 52760
14933 57478 6764
14947 99910 98330
15027 64718 78532
15128 58796 24058
15144 13444 75634
15231 11867 78618
15242 69030 88079
15247 38519 74509
15267 38681 84749
15278 75381 81718
15298 56232 33275
15348 16590 34708
15382 39186 61157
15384 82238 86868
15431 95905 6455
15440 33934 76796
15461 84797 94119
15514 29710 75097
15520 86254 94558
15520 72891 40248
15544 96461 11373
15566 91419 53990
15580 75866 37102
15628 82711 25212
15656 81169 39944
15678 7058 53856
15793 99050 41103
15809 53980 73265
15828 12252 15555
15867 32193 54135
16033 51746 88405
16038 42745 60953
16052 80062 46370
16062 25684 37152
16065 9125 84129
16081 46838 62556
16128 15394 73031
16154 92359 15172
16155 33139 10410
16175 66209 3074
16202 69549 69062
16204 74473 75456
16267 11800 49594
16315 9274 55138
16382 70554 66813
16420 38983 2783
16442 46422 32805
16477 86168 41046
16567 56052 91174
16598 29552 7583
16664 74880 24117
16699 60573 59617
16719 49111 44317
16746 13939 53269
16749 15133 9850
16760 38344 31475
16908 38404 38212
16910 96485 76042
16987 34478 18615
17000 11128 88263
17024 50013 53993
17045 98600 80331
17116 16466 57804
17135 70899 37777
17181 57390 21883
17191 92684 21604
17204 82379 29843
17208 30399 10711
17213 69798 754
17232 5924 85524
17246 70164 94201
17300 14129 86585
17350 44788 96614
17370 98963 70356
17414 73472 93860
17431 27776 1829
17448 50844 91544
17504 1680 14110
17555 93053 47730
17577 16016 25223
17579 65801 89781
17638 20291 88861
17672 22077 16070
17679 68808 52447
17721 97271 62462
17728 83967 78731
17733 89810 35274
17767 70634 64421
17786 28950 34181
17801 20843 72128
17824 8383 77318
17845 9926 6112
17853 87638 50925
17853 57559 62819
17877 35365 58325
17881 88192 98301
17896 99755 73493
17902 65791 9079
17995 16546 57684
18049 74956 89544
18066 98485 33203
18097 42825 37877
18100 81351 51511
18108 38577 4812
18142 11152 95463
18147 10494 97208
18164 30259 44745
18194 65806 65307
18197 77200 63278
18205 36983 27826
18221 829 68463
18241 62551 88876
18254 86968 73897
18371 50004 19194
18390 57054 25218
18411 23699 85324
18446 74430 75421
18446 75001 65123
18517 70108 11172
18632 42281 66806
18641 91757 68288
18688 36212 91773
18731 6874 90304
18751 9899 68369
18765 72823 417
18809 80426 81496
18870 65364 50480
19013 96147 59172
19048 89701 24560
19051 2413 83318
19072 8519 60933
19090 21156 48989
19160 22472 78899
19163 6610 59840
19183 17720 55955
19194 42574 56531
19224 62596 6171
19251 48666 30865
19301 78912 35184
19307 33866 67729
19360 96680 43222
19374 22763 64308
19380 55692 48490
19420 3242 73353
19450 99325 65408
19488 7363 55699
19499 45488 77627
19519 92972 32825
19524 23094 85977
19645 74141 12254
19646 65851 98623
19664 959 19165
19690 99313 14313
19738 35222 42518
19779 67587 59828
19869 64373 60921
19908 33079 19735
19942 49842 66310
20030 31402 71080
20053 32277 25450
20075 19578 79912
20106 45351 75598
20115 58251 34893
20129 46301 95706
20148 17860 8524
20154 16627 16582
20215 99907 96559
20335 13381 79628
20425 54597 47652
20501 46961 45336
20510 77312 4703
20514 96737 29312
20566 2575 96903
20594 28668 8609
20619 31902 48330
20698 81568 82537
20747 13877 28487
20752 55307 16295
20804 89348 30033
20838 76925 50886
20847 81945 5187
20883 39636 45099
20942 97412 73056
21068 70217 15742
21096 42182 48794
21105 49177 34734
21149 99428 6345
21216 30615 26562
21225 23378 31497
21255 26973 76168
21269 80440 27433
21281 83120 46998
21296 47499 57462
21301 99616 56812
21318 44921 62012
21346 59966 21230
21358 80199 40789
21374 4618 14883
21416 16838 12588
21480 40974 87553
21499 26277 88614
21500 87804 16242
21559 84632 15459
21568 62983 22926
21624 81384 90766
21650 68447 47759
21674 67169 30437
21684 57360 48935
21762 76277 22582
21779 16416 52307
21785 68205 7952
21789 96519 2361
21889 14103 75213
21914 28440 5761
21920 95147 40944
21932 68596 79403
22064 43525 14784
22075 14766 41536
22085 43279 11424
22095 96104 87963
22105 50860 74547
22165 66547 27072
22213 42456 91083
22254 9127 48672
22260 4029 97559
22310 11133 66871
22390 95113 91055
22416 69071 20995
22427 45454 47797
22469 3101 84088
22487 29276 1600
22508 2205 58418
22512 92088 21339
22562 50046 24701
22573 43099 77770
22597 70574 77732
22710 66934 18469
22747 85603 98737
22796 34883 68480
22819 69484 42290
22838 75286 90528
22893 8836 40565
22919 50145 4698
22992 99914 11516
23016 9942 27697
23077 38370 48743
23088 97806 25743
23144 75396 10621
23200 96771 88975
23215 1788 12834
23238 85704 27267
23250 74602 26027
23257 83601 34183
23277 98720 34753
23298 23599 13351
23373 28732 64457
23469 13203 27366
23494 48445 83228
23512 79021 9445
23518 46246 74680
23550 67509 63737
23557 449 41967
23569 4420 47762
23606 14733 44683
23634 26253 66427
23649 84069 3315
23654 87957 46715
23699 24980 84863
23805 6100 23608
23870 16504 59508
23886 90421 74478
23918 98456 67201
23920 45055 57332
23952 29811 14316
23966 31513 51452
23985 40753 8525
24001 26628 93919
24017 21846 552
24020 93758 43754
24049 73274 81358
24054 70706 3077
24070 22414 66566
24089 40665 67286
24107 86754 68126
24108 6929 8679
24119 82060 42677
24189 13388 89802
24265 35486 26737
24276 71297 52396
24414 28293 66139
24414 6241 96092
24453 43563 90319
24481 3595 1656
24488 27472 60173
24512 68280 69018
24584 93141 4101
24641 33532 77476
24644 85364 50863
24656 28427 7004
24714 19480 85785
24778 41821 56311
24815 94206 86110
24820 63032 99478
24845 59375 42651
24908 85435 67929
24914 31810 75967
24928 83287 96311
24965 51469 41727
25004 71901 68652
25015 58676 62724
25032 91894 54918
25052 71068 60837
25089 75427 72216
25117 32037 90400
25148 88043 22876
25163 92657 61730
25180 30321 90280
25187 82797 4424
25190 17890 49109
25192 75389 31673
25200 87590 9905
25214 61497 44179
25240 40621 56086
25260 866 53591
25335 30787 3378
25383 57014 3193
25436 2826 96485
25471 74571 44081
25507 17443 31604
25566 51638 61141
25575 41601 93141
25640 76078 50604
25642 97621 39535
25668 93282 46168
25701 45903 86819
25721 4829 61293
25786 17699 34428
25820 53628 36156
25831 58088 46089
25859 60129 78364
25883 44214 71709
25930 64500 82143
25999 73187 65781
26045 31979 64201
26080 69563 3681
26103 6633 92180
26106 65994 45618
26124 7831 88049
26158 66107 32422
26160 65251 73824
26212 90308 69139
26236 22858 25378
26253 46543 14735
26266 64784 9851
26267 48267 69935
26298 32463 62929
26313 93730 67889
26335 31196 34027
26414 33132 25628
26427 16473 87828
26447 49277 82663
26473 85222 83853
26479 55352 12374
26525 13978 57684
26539 15337 10973
26591 18956 56357
26639 42183 9952
26644 12900 59901
26683 90268 66690
26736 986 71685
26744 5279 90995
26749 9213 6251
26759 45840 67397
26781 21697 78055
26790 32700 11614
26791 35069 65117
26821 21206 2557
26850 54162 91681
26880 73689 15829
26900 9500 31043
27001 49591 15521
27056 35436 28010
27079 90055 52547
27109 72919 66509
27208 15279 79108
27219 21312 91732
27240 25946 72732
27271 37775 84479
27339 27202 97848
27373 12998 39067
27379 9264 70731
27429 78858 35240
27470 10042 68779
27654 27301 69984
27683 43446 33461
27685 17893 93084
27689 17461 24528
27691 6284 50167
27702 70112 72237
27739 85165 60284
27760 60373 12127
27767 27019 79524
27887 12791 75313
27902 61970 80315
27903 50292 77198
27927 19398 99433
27949 10510 23338
27951 95444 2827
27976 20653 72510
27996 92623 4527
28031 8766 37380
28069 3025 58480
28111 18081 75236
28111 40834 23203
28128 65271 91120
28144 69543 86514
28163 57535 21088
28177 39973 45122
28207 29170 87233
28257 56710 33870
28264 93627 32550
28269 57586 35294
28307 27976 4372
28375 54449 44491
28401 7540 19574
28410 36512 23963
28470 96526 13412
28545 85768 63533
28559 21424 72830
28579 67521 53527
28605 85974 62981
28714 25470 94962
28727 72195 9545
28839 83218 93946
28850 10831 25625
28899 60610 34092
28928 64589 99830
28972 91806 78174
28996 12665 84607
29040 93429 28449
29041 85724 39807
29056 12461 76330
29056 366 34377
29094 67440 13373
29182 61302 29152
29210 40647 97222
29250 10722 94228
29271 63683 46055
29337 69430 75241
29399 8041 15884
29418 49998 31360
29439 60681 78156
29444 352 14676
29512 56180 50599
29650 36663 27897
29795 71670 17678
29951 50632 58484
29992 73915 88129
30041 63276 54065
30078 28335 25747
30086 13044 3800
30096 99220 98793
30099 50897 78300
30113 15960 80103
30141 79743 61762
30167 23796 47942
30216 25949 22667
30286 12813 70835
30298 84570 79694
30375 87026 61282
30426 52943 60221
30457 18571 57661
30494 66069 51068
30540 97529 73789
30554 21748 68497
30567 23715 71402
30619 24160 49348
30663 57220 88112
30689 5234 37109
30716 41896 41356
30832 8235 90505
30895 59416 85043
30910 6744 1576
31029 6365 50740
31127 33207 84528
31147 80682 6324
31279 62201 38596
31287 32767 18546
31316 10716 92112
31391 7564 10742
31417 47267 64916
31429 11128 17575
31448 81673 84636
31455 23255 58847
31491 69193 68207
31502 88855 1786
31596 88593 94718
31609 3225 62894
31629 27380 53535
31649 40951 8406
31763 37049 49157
31771 90871 34316
31803 18722 33161
31894 79854 10079
31897 44947 87542
31952 21340 76185
31968 61991 63730
31973 89319 59199
31998 57420 8165
32013 56918 52008
32018 60990 33273
32043 76013 9271
32110 95757 37961
32147 53520 23730
32158 9048 57090
32231 75626 30805
32257 22817 55390
32381 84606 23239
32395 40450 61824
32448 24602 87718
32473 63024 34589
32526 84587 61072
32531 80861 90439
32594 90724 39644
32680 95072 67492
32684 44662 52100
32701 60027 98847
32722 36196 74071
32879 87364 14832
32883 24757 66010
32916 41976 7826
32931 7816 74580
32972 39424 9969
33066 69424 36380
33129 84716 38364
33165 26511 75508
33183 82909 31147
33315 69790 95880
33422 36271 99802
33462 86013 64634
33499 71181 93282
33513 89644 72467
33553 75206 3547
33636 82827 14286
33642 69616 99183
33670 46342 2185
33672 58073 5357
33712 12491 36220
33717 19538 31182
33734 63765 62008
33865 20736 35024
33868 45036 24164
33961 23323 47202
34004 94580 78417
34006 93842 86659
34013 35729 43351
34047 44678 47259
34111 82605 68783
34125 92294 43501
34130 6843 26363
34161 40711 24978
34162 26574 32124
34165 29404 52835
34173 77625 17172
34177 25986 61542
34201 95859 2526
34238 93224 64560
34245 30347 91308
34249 69212 77081
34284 77745 95561
34300 1245 82105
34356 98159 16017
34409 95163 50255
34423 64189 39848
34529 29902 11344
34555 87693 49897
34626 74211 10035
34660 92097 2216
34735 83880 26630
34772 96383 19903
34787 60795 57841
34825 81141 79157
34887 78195 11834
34903 68534 62204
34943 43752 48760
34945 54070 16812
35047 9247 44037
35054 17298 56969
35141 26877 41790
35153 70366 99111
35172 86414 32883
35200 69840 10521
35212 8640 99143
35304 98524 87377
35381 82304 16060
35517 12005 39203
35554 11997 66227
35564 44023 58906
35599 79946 73166
35604 95896 32452
35605 50968 22241
35621 20155 77072
35627 92221 64165
35662 30259 80992
35718 22725 67897
35723 3620 99926
35738 55775 43674
35741 30821 44962
35805 92170 52054
35824 63355 30802
35859 94077 26688
35873 62934 80237
35885 66831 66175
35969 82664 6169
36005 71438 71078
36029 99150 2174
36033 22974 29179
36093 17926 49912
36154 48429 64106
36273 37257 45172
36382 96178 79627
36398 48123 15735
36398 11372 11040
36412 11537 37115
36417 8723 3539
36431 81104 74358
36440 45868 4298
36445 25351 63102
36447 61558 73579
36448 81093 65988
36481 44618 95783
36492 75321 86251
36593 27353 40664
36615 62269 169
36641 38962 76865
36671 14487 42060
36732 33255 18298
36752 80914 2030
36768 37300 46210
36769 60619 91937
36773 66385 33933
36799 90437 36045
36826 43063 25621
36855 45433 84223
36913 40001 26001
36930 41697 36869
36933 99665 22430
36988 80373 6112
37021 7340 75860
37041 53183 93537
37042 1249 38611
37142 56038 65467
37148 46393 40887
37163 98916 41373
37206 61799 16
37209 74944 37360
37234 72292 2187
37255 34067 22736
37258 71370 49615
37405 93860 69516
37441 49919 27030
37499 74872 30828
37521 58774 78405
37537 51961 97649
37586 47047 43050
37610 86653 8430
37659 19392 46610
37669 54742 69892
37747 61286 79029
37765 66247 20394
37796 71559 50319
37807 57588 40141
37843 70059 37534
37843 45916 34237
37865 76359 15270
37936 38064 22363
37947 71613 98029
37993 23810 97677
38044 34459 79324
38065 86767 58400
38079 18067 71525
38084 36804 35356
38135 68739 17418
38153 41943 15742
38183 34407 3647
38257 73864 26715
38285 85426 60598
38302 20960 78363
38306 52454 94921
38314 67178 45363
38319 70101 66882
38320 90047 39582
38328 299 75065
38369 26997 7193
38374 28881 45932
38378 27997 71391
38443 96848 30276
38499 50034 68919
38505 59339 61480
38556 34773 36865
38601 81934 75372
38709 73708 99676
38879 21217 47564
38882 61910 59521
38926 4068 91405
38933 79260 13811
38973 17272 96294
38994 52638 31741
39009 97093 19358
39105 49408 23089
39151 27072 69075
39172 53792 82543
39200 18704 42396
39202 1798 56408
39258 63303 19053
39300 41625 83669
39302 54779 81782
39309 30999 5890
39311 61268 56360
39334 50744 16963
39335 43030 62805
39339 78537 76214
39350 79468 39579
39401 7617 31624
39497 82643 20881
39524 86135 17799
39542 1715 47729
39556 57220 76883
39577 76713 65177
39587 88180 92820
39605 84955 4190
39624 11232 24785
39706 56875 40602
39721 81782 94076
39731 69674 16166
39744 93419 4558
39774 21413 26400
39813 30068 98650
39828 90 97496
39897 81443 23333
39934 56492 23449
40004 32952 77372
40064 74736 66330
40100 89369 60079
40143 18797 7483
40177 4179 60197
40206 53767 35380
40232 25151 68611
40339 79068 36883
40362 8595 55822
40571 4556 41325
40600 91909 83438
40604 52821 65831
40633 15974 12350
40753 18985 22854
40764 49609 15390
40794 91436 5651
40806 34476 73163
40812 84152 73685
40880 70820 41361
40914 15508 57850
40953 60233 21236
41031 94192 42721
41044 2043 85132
41108 12442 83210
41109 74064 83358
41163 76196 89584
41182 43731 83862
41225 75916 18721
41273 27883 91309
41312 14495 89914
41317 62602 19908
41343 89166 79012
41394 71493 75599
41489 47451 14504
41525 10593 88222
41542 915 20208
41545 22316 52197
41557 87180 51972
41635 99100 66613
41641 38898 84246
41671 14036 29586
41700 93809 65761
41708 62691 38010
41741 51356 78539
41754 46565 30369
41785 1953 86230
41842 3494 78783
41853 74808 75977
41918 27061 23827
41927 92811 10083
41946 45356 89218
41953 30248 19549
41990 77932 35481
42008 50803 81793
42054 27441 94718
42086 2122 4682
42133 55298 88413
42161 38453 69309
42207 71182 64015
42238 9642 73328
42312 69986 98479
42323 72473 31263
42394 8757 35203
42430 9427 90784
42437 22459 68004
42512 31406 38481
42514 45106 67638
42514 66815 22754
42515 72100 64864
42720 98492 23312
42733 55087 82572
42767 60083 25127
42803 92149 85773
42842 85767 56977
42857 95889 20156
42916 36555 19615
42954 51563 68690
42954 68949 1876
42986 53562 58059
43019 70825 29457
43032 61843 14298
43050 34351 97498
43056 20656 31751
43089 7891 84527
43123 77168 93226
43133 16052 40740
43148 30552 34468
43150 54901 60120
43230 7044 22796
43316 25981 13322
43353 94780 90829
43354 27013 53210
43356 70989 32262
43398 5485 28358
43425 9259 25017
43455 31478 55512
43474 51091 73406
43497 5321 61645
43507 42553 78749
43569 99873 69536
43573 94472 1517
43578 88159 83537
43606 76758 15273
43702 40278 29878
43774 1506 56256
43801 35092 86787
43813 11755 68986
43895 64334 60083
43902 17874 59427
43914 35285 20077
43998 88550 12653
43999 35987 41072
44003 3772 93698
44013 44648 74713
44021 13239 73216
44065 77999 46945
44095 78260 52469
44101 11128 95427
44125 98694 11074
44144 9344 54774
44153 89736 16588
44167 94231 6547
44189 34430 64295
44222 23163 77540
44264 32384 67439
44336 83299 71663
44448 73912 5373
44473 32319 72202
44561 5597 55008
44574 56977 72121
44596 78236 43982
44600 87988 48288
44637 49325 34976
44655 57529 65288
44661 79866 22855
44671 64670 49740
44701 49499 79265
44729 68655 16403
44771 82897 74826
44801 15953 75882
44832 71013 39849
44850 7221 72825
45113 41676 75109
45210 37215 66272
45227 4651 31130
45232 98567 13645
45243 52678 30702
45247 58719 22505
45252 2381 39149
45290 62283 82749
45315 16134 76937
45348 27528 92759
45388 77370 31999
45450 47071 23885
45456 8168 98759
45457 6031 50856
45532 60475 46298
45586 54263 62368
45650 68461 58337
45687 91892 61353
45770 87649 44936
45793 22156 55327
45847 49839 14276
45873 14261 90857
45914 32015 85010
45915 23846 37560
45940 55795 51622
45988 49817 65578
46114 6179 10053
46157 69992 26051
46168 43331 97335
46179 23915 82418
46183 22307 33062
46212 58672 8235
46228 44918 70608
46239 39936 12460
46322 38672 54858
46340 60766 21997
46376 16377 64749
46395 75160 66024
46417 67947 31265
46438 99291 45760
46499 14643 30474
46573 36133 95970
46601 81282 3440
46651 43268 21584
46758 75049 18941
46777 16136 44203
46851 73528 41419
46864 77409 27061
46914 91861 55687
46971 95778 46836
47011 15751 24827
47052 79111 19944
47118 34900 8692
47137 66058 14444
47293 5229 3010
47325 89158 9007
47358 38343 73616
47406 57368 68801
47433 91284 50551
47445 28300 72883
47447 50458 867
47449 10974 51838
47461 64554 86138
47485 73960 1875
47513 89962 79004
47520 28156 3696
47522 60503 99612
47538 1450 79618
47680 49865 26861
47695 90467 48753
47783 52844 28532
47896 43778 10188
47930 40580 38759
47932 23495 73033
48021 81834 31547
48090 589 93748
48095 45401 11848
48123 14397 64989
48147 72222 69957
48152 9336 79838
48176 75251 72629
48218 84147 25561
48219 22450 69637
48221 57734 29267
48239 51499 83638
48239 9963 7620
48271 31597 50305
48294 28583 6276
48319 90609 98606
48321 88038 39230
48351 56735 65538
48358 44923 77291
48373 76255 18650
48432 71706 2807
48435 3411 82179
48437 45938 2490
48462 92772 69094
48467 24050 47100
48500 57148 72252
48539 30511 31541
48570 47328 51040
48620 86781 53633
48678 804 40740
48716 43304 18065
48730 74623 34190
48737 95683 70020
48774 10198 87634
48804 14225 74279
48811 19331 19978
48879 80606 20790
48893 72817 53162
48899 49064 50754
48909 24122 57603
48953 14205 40153
48955 67201 58737
49011 9011 30663
49039 84128 93878
49060 13860 70491
49154 26423 58893
49223 60686 78587
49265 54646 16126
49274 80249 30350
49298 83239 14410
49351 85989 3970
49460 78486 6153
49496 7991 76020
49531 20298 51273
49554 95786 24441
49579 14422 75280
49614 6844 15437
49626 93200 65166
49632 80790 7056
49683 83011 70838
49687 70170 19721
49700 77103 54438
49714 90356 87793
49819 99862 32418
49855 20805 80783
49877 54323 37073
49900 16507 55828
49945 69724 71646
49982 84154 98489
50035 85474 6708
50156 95646 60554
50173 40994 91981
50181 98406 77817
50188 89504 49733
50201 88886 65916
50237 83571 31918
50311 49505 85147
50312 62250 52755
50339 81607 4464
50366 28401 73563
50407 48340 53675
50408 12375 72342
50446 30245 37299
50468 93321 34123
50608 73083 6016
50609 55610 40569
50769 51701 24320
50770 18384 32802
50778 96253 32427
50783 19175 66353
50881 84441 89904
50888 68408 39465
50908 40414 98931
50934 52258 34902
50936 3870 35076
50945 57023 10757
50946 6034 1977
50954 90586 2158
50994 16251 12733
51043 52825 78601
51092 18737 52680
51169 93317 43957
51195 90320 41046
51206 76702 19778
51270 74565 40612
51332 3960 80093
51364 74319 27110
51375 68529 60867
51392 50010 12238
51458 6981 52690
51463 80013 66791
51469 69517 48839
51569 32290 270
51609 28351 4790
51719 8210 68736
51735 81715 96108
51743 6053 58767
51745 43897 37545
51791 98627 10061
51796 739 46305
51829 180 51135
51853 21566 2405
51896 56033 56578
51938 30026 48034
51981 52852 38481
52185 48823 2345
52190 20670 67754
52259 49373 16667
52275 13109 32276
52296 37279 15035
52300 88470 62862
52322 82282 55418
52332 29066 46577
52356 67899 95283
52425 71347 2370
52486 35549 33561
52492 36903 94133
52507 91903 71886
52521 20883 30325
52571 62914 34891
52571 97064 24905
52572 70986 23640
52638 35444 34224
52646 15229 63244
52695 32088 66705
52734 81670 79261
52755 60053 74025
52760 18631 23476
52782 27158 15955
52808 79322 48827
52821 4597 74891
52892 11133 14592
52896 36314 70347
52921 97385 46570
52935 13785 3499
52944 34969 94389
53013 81555 96552
53087 35839 83368
53092 96401 3585
53151 40906 5186
53170 33559 30418
53175 75289 74184
53179 19326 97774
53190 72723 36216
53206 31159 48796
53371 42818 59243
53396 70967 42637
53539 4086 41356
53565 57992 33974
53645 77248 11554
53701 16293 52885
53710 42128 48878
53718 14743 69579
53738 7336 87220
53738 97190 88587
53777 90343 83009
53780 74662 49142
53826 96683 95450
53828 46561 57995
53850 55335 20830
53869 96642 31292
53885 25822 31210
53941 22193 14302
53942 43510 56136
53969 30482 12036
53974 85987 59187
54016 21562 80959
54120 43038 1735
54178 28349 39660
54193 83040 81505
54200 73353 27324
54220 92894 6316
54246 32018 44798
54268 44897 12598
54300 68443 61266
54303 79213 55121
54319 20677 9386
54327 76574 30044
54329 35464 9954
54371 74006 46712
54385 85415 30867
54388 8672 754
54435 50623 74396
54462 83368 26391
54487 90782 33948
54495 83688 40611
54535 53563 12839
54562 20943 56702
54573 31126 27969
54601 44693 57998
54670 5122 2007
54687 97551 50557
54720 59277 27134
54748 93233 30644
54805 19848 73347
54830 51758 79053
54835 86233 77695
54855 94884 81921
54866 24882 3666
54946 37670 57591
54949 46645 59207
54950 81963 20475
54961 76815 2753
55040 4785 3173
55098 14212 89835
55099 3210 6839
55219 82721 34807
55229 49399 81087
55241 40585 59236
55291 13125 56154
55307 53918 71840
55389 65888 39600
55405 89101 55538
55506 12904 55433
55515 74256 39818
55547 56888 58470
55604 66090 86616
55614 60135 81895
55614 96497 55164
55633 48637 53589
55638 63683 11400
55688 21511 48426
55694 9224 58413
55698 1944 47960
55711 10104 71065
55738 6818 26672
55786 37566 13451
55791 38113 33259
55919 28028 73969
55992 22749 49453
56028 62498 20110
56072 1367 79607
56368 15661 90009
56386 21152 53137
56431 93939 60576
56543 82394 69690
56599 64638 29311
56616 24747 95846
56651 58578 2978
56675 73042 52646
56697 65630 56298
56716 24104 78566
56725 93163 57568
56731 18920 98971
56745 55428 91969
56760 62567 89513
56796 18306 38175
56822 43129 44749
56850 43538 47600
56865 57214 62782
56868 94041 7163
56889 29562 98716
56917 52331 2386
56924 64900 61781
56954 37107 63508
56957 83411 17107
57023 80127 70200
57026 8358 55220
57049 14088 28914
57111 57175 58415
57121 84051 37505
57158 81206 42430
57167 10989 15024
57231 76280 80035
57361 66474 41147
57447 2297 86930
57466 60119 43694
57513 86572 66380
57538 84172 15633
57705 60390 77806
57728 48438 42899
57729 63573 52065
57764 97237 44301
57769 13099 38060
57784 61147 25804
57795 20250 53659
57818 77639 57595
57821 93367 66490
57881 95909 60543
57883 52367 23225
57890 74030 31153
57918 91787 53584
57942 74709 99369
57955 91658 64779
58026 93352 12756
58050 29614 52778
58075 30652 28661
58088 55581 46762
58158 93054 23917
58193 54237 6956
58193 17136 80308
58194 26710 12285
58223 81694 39558
58236 76622 22881
58264 36135 4401
58293 18860 88209
58310 12087 40929
58324 56870 4379
58332 91219 9448
58359 16337 96550
58406 18764 28917
58473 25156 35750
58560 50625 75031
58582 26359 79284
58591 21429 80345
58621 80771 59071
58623 6858 68309
58645 93469 41483
58724 22568 22146
58754 54930 56613
58772 60402 67018
58784 62359 2531
58784 9397 20540
58791 81388 41384
58809 68290 61888
58814 37807 30491
58835 98972 58914
58918 30546 95766
58960 60311 7689
59004 77124 62987
59054 72943 16307
59204 92301 50718
59206 29616 10118
59322 12846 70973
59343 75457 35577
59355 4569 54934
59388 45958 41569
59468 81174 76346
59470 90609 46602
59494 9127 3931
59496 83735 82003
59549 78598 20238
59560 17305 78102
59570 55736 88803
59574 45451 76855
59577 71031 8834
59604 42565 21532
59645 76335 86606
59700 98260 3777
59705 46136 84627
59732 90822 404
59841 16759 30398
59970 79058 31016
60009 69307 28587
60010 36827 69526
60011 57881 77212
60022 8602 89885
60031 27541 80294
60132 12239 18922
60149 79130 8367
60247 73190 71047
60304 40742 97616
60391 7406 11814
60392 28864 73694
60411 5947 8551
60472 75564 8671
60549 76836 84702
60568 21606 79323
60574 7821 69823
60585 96321 43894
60611 37357 82879
60660 49429 37528
60661 3574 72355
60672 74690 56803
60757 40585 26216
60785 83896 70538
60786 32256 88108
60791 11937 29323
60833 62551 9237
60835 64924 8613
60851 84399 40880
60862 47093 23226
60872 77418 90119
60937 52537 29031
60949 44509 51059
60982 85627 19301
61047 74174 86454
61102 55855 68166
61179 42915 99056
61277 49217 82984
61285 92558 6724
61334 85894 16246
61345 22838 35697
61365 32825 71643
61397 36080 25860
61436 31316 76
61438 69804 74452
61447 96718 2208
61467 35527 35838
61474 48656 47420
61486 50343 98441
61521 20770 76583
61578 50809 49701
61582 56458 72375
61590 81339 51338
61622 88009 43061
61655 58205 22483
61687 47325 6202
61753 50089 97400
61763 75389 88828
61805 31022 89439
61825 88923 35518
61873 30188 31670
61889 61086 78582
61904 83510 65404
61946 58766 11713
61950 73569 54369
61967 11005 82802
61969 63839 58216
62050 68775 14547
62052 45978 38391
62060 24874 25552
62085 10864 52256
62124 7926 28898
62263 84800 3683
62337 26247 95522
62353 51854 96628
62369 75946 9386
62378 70474 33701
62426 64628 18186
62468 57856 1675
62516 69162 98983
62531 82636 6189
62573 32611 82094
62593 91763 79740
62629 16903 3003
62672 46009 53217
62711 53500 33248
62799 63801 86666
62830 94130 76870
62874 58895 60505
62926 57864 41164
62939 98088 31927
62953 82788 8085
62963 681 21353
62992 44747 6738
62993 94106 38696
63023 22727 96625
63092 5885 76517
63155 27874 32052
63233 39822 25352
63289 26439 5427
63294 59795 31338
63304 69169 50230
63355 4732 72167
63358 70776 23987
63366 3375 37586
63397 47084 94866
63420 55752 39830
63443 8604 75876
63488 71491 80449
63523 37784 34597
63578 29699 34159
63584 28507 86213
63614 29944 76771
63625 20378 25934
63636 83240 98439
63669 92855 90319
63699 51638 87458
63733 45809 7921
63747 47565 30088
63758 68448 37679
63764 12464 63272
63775 92942 78585
63780 34082 86088
63842 76070 8508
63874 83046 13037
63877 7280 5653
63918 29306 690
63960 49555 25884
63972 30060 62345
63975 8786 32881
63976 37453 13345
64049 87277 79757
64080 21366 24511
64099 21344 73646
64118 46396 83510
64124 84327 59067
64157 70418 70161
64173 37552 3901
64213 4186 55157
64229 19783 34543
64284 67245 63698
64284 25443 99717
64297 4674 99491
64324 31936 33061
64345 3184 54675
64349 20323 64719
64355 92062 56968
64363 84431 20919
64379 75567 96363
64396 30898 8012
64468 71166 98675
64529 7857 81323
64558 62994 36484
64629 6947 36585
64648 47671 2793
64654 33877 24598
64664 61081 67613
64716 63549 9635
64767 13456 62496
64773 32338 89141
64778 60240 11387
64808 14150 34082
64825 84459 38445
64845 68861 64813
64907 29777 94485
64934 13975 78563
64948 44013 99692
64988 66472 50627
65000 9526 76014
65006 81245 46049
65092 53247 58281
65109 61075 13577
65123 29492 81756
65133 56227 60812
65211 58343 33259
65281 16682 94219
65297 48503 69794
65328 16963 40516
65372 26189 2217
65386 41628 22204
65394 57960 29560
65447 72154 24727
65456 40152 91678
65512 68776 92217
65526 74533 28085
65533 85860 6968
65561 56019 99440
65632 69647 56252
65665 15581 88473
65683 64085 47168
65827 5486 25758
65837 5076 29893
65847 45484 89763
65920 33826 7136
65924 27936 10563
65970 13749 45047
65986 38945 34928
66047 93617 54094
66209 10381 32342
66225 52814 26066
66349 30993 47863
66354 73762 65656
66363 5701 81343
66366 58620 69423
66378 34692 66912
66411 69712 62922
66415 37160 79066
66447 90653 74306
66463 86877 16394
66543 90173 13870
66559 95652 65666
66593 47018 40677
66618 60418 35689
66641 6782 71831
66656 16393 13544
66668 51461 23021
66716 87211 95887
66766 86136 22357
66794 88377 60581
66854 41335 60249
66859 79390 96394
66863 6931 19935
66882 34344 80462
66899 86722 23742
66924 96899 41061
66927 97199 45656
67019 37384 69772
67071 39852 71468
67083 27003 69505
67088 22186 41541
67098 93485 38312
67099 40078 88881
67124 54187 37095
67125 98605 22983
67149 49376 49375
67307 46865 64541
67356 71520 47574
67368 40927 91432
67381 77037 98919
67424 19466 15719
67442 16699 54845
67475 93138 15510
67495 83198 84501
67501 41604 53686
67553 13476 82484
67570 83996 45042
67591 9223 34394
67605 16159 8756
67607 50981 11360
67733 60632 46852
67749 93267 18555
67752 32070 18709
67756 36458 25739
67782 51259 38233
67792 13054 5900
67804 81819 81405
67809 43152 61961
67960 54800 26101
67998 43485 76445
68050 81870 79289
68050 91916 29968
68069 38661 42825
68132 79986 45135
68148 68921 96166
68204 74103 45247
68218 77156 75822
68222 42393 59770
68272 22914 55930
68298 70127 53168
68315 3111 85243
68360 92770 68306
68393 16673 66429
68528 20327 11577
68550 51411 13840
68560 16303 85706
68571 65079 61381
68586 62702 17924
68588 16608 5347
68591 18482 75871
68605 81797 96853
68630 78469 32672
68781 12095 78582
68822 52829 58156
68824 89289 75484
68872 32530 35832
68873 20026 55526
68904 52177 12173
68958 4508 37973
68967 98243 3403
68984 13839 34234
68993 62438 92359
69011 52979 40673
69031 62604 60126
69057 87047 98795
69128 57691 81440
69156 11255 31871
69180 16000 61394
69186 81619 6132
69207 38990 15534
69209 36424 52073
69225 12514 73803
69251 86462 15794
69267 65783 38504
69283 95599 26039
69287 39430 62309
69314 57237 58292
69342 18830 95491
69412 66041 42047
69430 39688 67725
69446 69514 98073
69449 85729 25603
69481 54260 34561
69482 89610 49081
69779 35746 46674
69796 23876 58759
69814 55984 58913
69841 64279 70253
69846 59784 83930
69856 31633 2702
69901 63824 19070
69908 81066 74647
69911 60291 66569
69915 55116 7749
69920 32052 49207
69964 77837 73786
69998 48748 92779
70009 37633 58201
70017 65617 170
70017 7891 31775
70024 77132 71166
70065 477 7724
70077 61203 40081
70151 65078 71371
70213 79655 55573
70215 27784 57151
70224 34576 20372
70244 21930 40733
70284 17908 52976
70288 38681 82798
70340 35797 35646
70345 98509 56247
70361 69367 54735
70407 21266 1933
70410 73109 41109
70426 46090 32282
70499 48858 61482
70526 12049 67282
70544 98727 25153
70571 93915 13147
70595 11554 88327
70677 27326 53301
70705 52427 82045
70793 97904 98974
70799 54997 89333
70807 27747 95320
70851 5175 47970
70913 84615 57430
70919 37447 39262
70955 329 43471
70978 48622 83915
71087 12815 24013
71107 93966 17495
71119 92608 19868
71137 4554 39082
71156 54448 96463
71176 99456 84641
71180 53633 15434
71202 92508 63809
71281 67352 66790
71286 4590 43049
71335 36321 82352
71382 61854 42480
71420 51972 32392
71450 49141 91453
71457 34420 29836
71477 8752 98400
71491 44332 61340
71535 67807 2926
71550 81042 25215
71560 34886 43694
71624 29440 98754
71679 25313 49039
71698 37097 89315
71717 6202 50338
71751 80880 84181
71754 77376 54592
71788 84213 64940
71822 23970 25899
71843 20271 51808
71856 81873 37438
71878 77479 2499
71893 95053 22805
71931 95342 91132
71963 2929 11796
71997 99503 18010
72008 85228 85945
72074 39897 68245
72188 75150 64348
72193 42415 95771
72216 69170 99071
72217 96098 43343
72356 35878 83606
72362 16101 81976
72411 81524 62434
72482 73712 37972
72493 30713 2959
72535 742 76155
72591 75621 34123
72602 6673 65956
72603 57834 93443
72645 19466 95855
72691 33351 49628
72714 96528 11862
72773 62655 4310
72798 67488 20508
72816 2404 93585
72841 71606 8295
72863 43461 38540
72947 49270 9107
72972 81740 23195
73090 8873 50851
73120 89556 35621
73122 34329 73812
73142 440 36213
73192 69856 86307
73205 18693 52887
73247 24537 30485
73250 67262 83612
73322 33232 24269
73364 63344 64387
73370 5270 62593
73376 21982 64452
73412 45941 12162
73499 10377 97444
73530 40409 95990
73546 89371 74320
73552 93937 89710
73567 64124 77557
73642 31281 48975
73670 92012 75181
73679 47352 77824
73748 37568 58813
73783 58475 64746
73833 98620 16306
73845 43508 8585
73855 68137 23681
73893 94899 70292
73897 66816 72080
73904 33412 49244
73907 63943 21948
73913 27603 97241
73948 31172 88822
73964 85196 18194
73991 17316 92773
74044 13693 75603
74097 13403 47812
74113 62305 51004
74118 41716 49966
74131 18586 55492
74289 65710 53753
74345 388 37875
74443 29800 28576
74464 94968 56551
74487 32361 6795
74502 41687 78295
74527 53075 19177
74560 81935 10297
74566 37452 62893
74617 35575 92486
74674 20357 22633
74697 45930 64443
74720 59713 42858
74786 97270 89556
74818 21904 85922
74820 63885 47611
74891 2218 22788
74936 97417 28421
74985 71067 42924
74993 88235 16254
75021 38157 95406
75101 21254 37736
75129 12437 4002
75147 46967 28890
75204 17094 32467
75223 64041 98591
75231 74834 83363
75232 31477 6731
75267 46884 45911
75279 88710 40749
75297 48693 73060
75329 97226 38205
75352 60591 77471
75400 41025 37140
75416 35714 68941
75455 10382 49212
75492 32672 11248
75611 96696 53890
75662 31480 88923
75662 27517 54151
75727 6957 46895
75771 49217 60018
75816 21918 16073
75821 90054 95187
75821 37431 52613
75842 36874 43801
75904 41294 75416
75926 61850 44777
75946 72226 77562
75956 26701 91959
75957 55849 256
76050 17913 73574
76083 56020 75436
76098 24996 35323
76119 1235 95807
76120 67321 94326
76246 91265 93175
76292 98882 88104
76306 39820 59301
76433 64363 75769
76440 12678 57772
76445 50397 81240
76486 50733 4281
76499 72607 28763
76566 40188 14445
76645 72971 21251
76656 1862 3840
76662 7463 6762
76719 5047 13368
76748 13294 33815
76751 66130 69634
76764 25041 87525
76773 71519 25060
76811 70892 96789
76817 89245 35364
76858 99780 76707
76866 91260 56881
76890 22070 99552
76986 16610 46304
77005 46860 35236
77019 73654 97082
77128 38422 35714
77140 81204 65850
77141 85623 12714
77150 85822 29886
77216 12303 85219
77264 20998 75866
77309 4028 18438
77316 17220 95057
77322 56050 95445
77342 11193 53853
77419 12150 93669
77428 2894 38490
77441 72010 88506
77491 33547 76292
77516 77151 51281
77605 60088 5142
77642 30843 32128
77658 67361 41161
77661 38239 58895
77735 41203 8080
77745 42471 80543
77773 22715 42610
77776 13206 30133
77795 63840 113
77846 87751 61901
77879 22083 53294
77879 48726 49793
77934 51796 34694
77937 62064 62459
77978 87006 71228
77982 22355 31264
77982 68337 58261
77988 9730 62552
78041 80748 92845
78071 87944 24470
78082 51241 72793
78137 63105 66049
78154 65957 60537
78254 15248 57577
78276 65573 9604
78314 23414 88540
78368 4398 88390
78371 3452 49469
78400 62411 46005
78437 16281 89182
78442 76987 67407
78480 97327 40130
78487 9307 82847
78498 96858 78482
78522 472 95680
78547 60111 94071
78571 33572 38811
78673 10104 15833
78688 99661 67200
78726 32639 25295
78729 83847 56707
78747 4821 57819
78805 12327 85132
78818 67067 81847
78866 41132 86872
78907 99134 13182
78931 83400 87974
78965 1540 51656
78976 26010 74209
78992 17335 97981
79011 43750 84762
79024 64689 4503
79030 24485 63664
79063 22877 26910
79109 64921 66790
79155 77333 17967
79169 8438 37796
79235 95088 99947
79249 61485 2459
79249 39267 69987
79308 72387 7992
79328 66978 93690
79354 66437 55224
79377 41636 40218
79410 26949 81998
79553 4766 88079
79558 32984 83845
79561 41719 5779
79598 70245 95634
79604 3197 67251
79604 4338 23804
79615 6341 69366
79627 956 84454
79649 21682 15731
79692 74267 68907
79710 91345 5199
79725 35997 73611
79846 52734 64050
79868 3492 4357
79880 73683 90375
79979 9437 60621
79988 12437 38704
80051 58678 32066
80177 76340 43146
80188 83263 20166
80238 52298 9052
80333 90849 60776
80334 32045 98660
80384 9867 45821
80389 99252 45477
80405 40517 77512
80440 92060 97777
80505 30637 16066
80525 42425 3327
80560 78626 59557
80612 26540 32620
80636 52070 15406
80638 10508 8170
80689 43798 19229
80710 66801 75435
80735 47001 72894
80742 60509 7592
80763 67096 74491
80772 76634 25219
80779 79874 23229
80853 79091 22618
80885 84564 70875
80949 39031 42536
81061 64736 96416
81079 31489 6287
81134 67315 61397
81137 37112 33437
81183 20372 68851
81233 7596 70532
81329 54905 85864
81331 26122 57438
81350 92792 31863
81412 97465 4174
81420 50167 27279
81444 66464 85681
81445 21292 60960
81454 86493 21683
81482 32689 14964
81501 78692 44167
81528 72815 75459
81581 3938 29550
81628 93212 27833
81628 87322 89223
81683 42779 43410
81695 61389 40842
81766 58601 24120
81785 43484 24072
81839 25828 65648
81855 47163 53326
81889 74823 18944
81976 78796 37247
81977 48067 64082
82026 63408 51698
82054 90090 20101
82056 38243 89261
82088 80626 51297
82111 75590 1469
82137 80194 97886
82158 6072 96265
82175 16388 83499
82178 61294 14819
82281 72722 45325
82340 70996 46562
82360 6091 65473
82447 68597 11539
82547 71354 47971
82579 19749 45621
82665 3807 60470
82667 70110 96540
82738 34612 66277
82783 39466 19218
82803 82408 8940
82819 11904 40820
82837 50769 49816
82865 76225 71513
82899 23819 38326
82918 11341 28304
82956 29695 64487
82997 92310 24022
83000 4497 2121
83016 19702 97933
83056 76872 83005
83114 62811 17118
83120 56537 66623
83134 38860 96483
83161 11335 69148
83184 30523 42905
83212 69124 99323
83224 46504 89519
83379 73860 73646
83404 77237 24502
83435 11554 51531
83596 88591 18823
83622 60839 19886
83654 51964 38058
83681 35695 30127
83699 18497 47102
83710 77771 10087
83718 4150 32598
83734 39117 31150
83793 43215 28017
83823 92176 24215
83847 96166 34017
83952 22405 98387
83992 4112 16316
84006 10145 66040
84010 46409 75387
84045 25165 79215
84058 76823 92648
84067 66669 2454
84116 58840 97090
84154 11450 31010
84174 36136 33949
84255 82313 57610
84263 26718 42686
84371 96860 72579
84387 53517 91446
84389 76036 31794
84399 93802 58707
84406 80672 44469
84454 11851 13262
84471 93366 47804
84499 93999 54516
84536 2502 67766
84576 66750 49052
84603 24167 16625
84630 2948 53155
84631 75405 32917
84636 1234 66591
84707 87130 67789
84735 26280 5750
84757 25305 6133
84816 58988 83338
84859 57526 87884
84947 38491 26788
85019 74641 8652
85171 43093 35740
85172 90227 92188
85204 2784 30944
85225 6665 4617
85252 47520 97346
85295 81599 61745
85306 91216 19158
85392 79605 35850
85432 55610 50702
85436 87249 88537
85448 3185 9052
85525 94460 78416
85526 72392 49842
85554 57332 70691
85560 91420 95818
85609 1090 78488
85697 83310 72268
85702 83460 80082
85734 28567 16255
85805 16633 24086
85822 45570 83751
85858 18769 67147
85865 23264 24479
85896 37530 16995
85914 32508 49939
85915 23387 35264
85947 7706 56968
85949 35446 48884
85990 12704 46443
86030 34496 75425
86032 81373 96816
86049 45532 2858
86095 91414 70860
86118 24495 14518
86130 80519 78613
86162 92473 56325
86171 29487 27754
86197 13288 72556
86242 64577 56476
86244 75554 59128
86352 44569 83935
86370 96628 81106
86379 53307 85665
86405 17307 59191
86409 78412 76355
86480 97533 95056
86505 16331 92003
86526 3418 58511
86585 19913 63936
86623 98360 30427
86652 86426 30682
86695 56845 87500
86700 73280 81981
86736 66740 22277
86754 66177 87178
86779 4569 46654
86812 30617 53891
86817 59597 19181
86852 59929 34958
86953 92010 39553
86975 81053 70160
86997 50669 54972
87024 98420 61814
87043 33670 51114
87162 47747 42942
87247 44264 90945
87250 3170 78490
87263 47819 30119
87324 95191 85287
87385 63734 15809
87391 16648 32333
87394 16678 74484
87443 33982 15233
87507 1609 11309
87527 18671 60506
87541 59266 19474
87577 60413 67592
87612 32933 35534
87639 77 89851
87690 26859 55095
87696 35209 42471
87712 27678 37068
87725 17645 83071
87794 33693 66830
87809 11770 63917
87848 37522 39906
87880 32078 43094
87907 14928 80897
87911 10743 865
87927 20817 21129
87952 46710 45681
87977 6782 75542
87983 80702 87403
88023 32001 73496
88055 2448 63655
88068 32151 5552
88210 91985 75815
88220 87906 64036
88275 4110 83170
88278 57211 70150
88393 22264 2441
88394 60962 56194
88397 32153 84029
88636 14107 78658
88653 97784 77665
88663 15310 49447
88666 47116 99446
88679 97658 17133
88705 25116 24409
88718 5653 73433
88830 84491 65042
88882 23175 74199
88900 3969 95049
88945 1096 61205
88981 35976 41320
88993 48397 22155
88999 39572 10319
89025 81903 22154
89031 79901 88492
89034 28428 84141
89114 37584 12788
89150 88436 66934
89202 22247 40847
89225 99920 70464
89240 57948 17749
89256 65670 87184
89279 82438 100000
89282 47208 73155
89325 43 62248
89387 51176 87730
89397 83691 92104
89403 82596 56416
89435 26215 67987
89599 86197 14742
89609 37306 2589
89681 31011 79456
89711 73598 63049
89749 22056 44734
89749 34864 63837
89754 98000 21130
89767 82801 36394
89793 87597 25837
89821 43880 35748
89838 37903 4347
89846 32238 14218
89890 96619 30816
89903 54517 36402
89930 91441 59281
89930 18500 12057
89932 51933 81295
89932 65216 73379
89937 2234 20852
89939 11803 84098
89972 77819 76259
89981 78121 82893
89988 72136 17200
89990 83666 64793
89998 31112 54119
90003 16959 24640
90008 90199 20747
90068 10681 8935
90073 32220 97788
90103 66252 1638
90106 12720 32019
90113 37863 58990
90134 79235 57390
90147 385 93143
90161 1116 60592
90231 76981 28004
90300 25675 4400
90346 48580 78167
90417 81427 98975
90448 82714 67081
90452 47766 61088
90455 87939 33683
90469 28726 90481
90481 25678 82643
90485 76494 61844
90494 53099 82418
90508 1071 17143
90578 35569 41103
90645 79908 20271
90750 13228 61374
90755 41179 73523
90804 32240 40444
90868 76610 94557
90872 88960 65909
90917 53626 79631
90925 2128 26685
90946 72097 81163
90948 8319 34103
90968 39464 86642
90988 80081 48202
91005 70545 81726
91005 5480 46727
91024 34168 48153
91047 40613 7008
91088 92473 33675
91205 92089 25663
91215 85081 72667
91256 47299 42081
91313 71739 1048
91366 52602 78924
91377 11238 35257
91388 39724 69540
91455 62161 89198
91458 19505 15967
91483 56831 44376
91484 27954 78294
91491 51199 79494
91529 7581 91324
91539 5001 73166
91569 88143 18672
91592 68129 73550
91592 62790 93139
91609 13397 80438
91613 97030 33528
91637 30438 3075
91673 30775 80268
91743 57438 45765
91744 1143 25942
91746 69789 26488
91816 36345 87067
91875 66529 25064
91881 38992 2482
91965 2904 38088
91970 41419 21525
91982 6967 81958
91987 49801 80018
92143 32104 27235
92172 97929 13875
92190 41939 42590
92403 39026 83513
92427 75572 59232
92503 39132 61965
92588 5762 60123
92623 42104 5103
92627 93583 11406
92658 59234 42610
92744 74913 68121
92752 30414 55209
92787 70602 82116
92797 34881 42409
92803 65660 87845
92807 12270 5895
92863 86709 28879
92868 89447 27686
92925 36434 22513
92974 33581 23047
93115 54556 36521
93198 27567 75528
93199 24257 69464
93217 3610 22209
93228 21856 58892
93291 44246 63041
93312 9841 41676
93374 77252 97025
93387 50849 55608
93403 82209 11844
93468 81992 69255
93596 74916 37267
93705 77360 68979
93753 70113 94481
93797 14911 74738
93812 62545 65262
93913 10799 1468
93970 57114 26956
93977 53604 14912
93985 87571 30529
94000 86390 40378
94048 99995 17268
94053 92257 60884
94126 29714 61381
94157 69054 85321
94181 24626 72766
94197 884 17447
94197 51106 6718
94228 75505 70026
94230 87773 67578
94256 72326 21951
94256 24086 62387
94261 94943 1261
94308 22583 67971
94337 62357 43586
94350 40460 2151
94371 86425 51960
94465 65287 37271
94470 37880 22318
94559 88867 17057
94625 12496 43081
94632 68212 86777
94646 74956 98713
94673 28467 13705
94700 64178 28156
94707 6869 88433
94727 94445 25482
94800 54125 56527
94915 38633 45160
94917 20677 43435
94948 39664 63092
95082 13438 34802
95169 98078 3483
95193 54741 43221
95218 39133 63142
95222 82271 25722
95386 52494 54660
95481 89871 84510
95499 15746 74944
95533 99199 12895
95574 79571 27037
95576 64255 33339
95653 21634 32442
95714 88306 14198
95723 2452 3511
95752 6189 86966
95755 66587 22774
95781 67688 2300
95828 63931 16650
95876 59029 58940
95891 46239 77565
95910 71978 11402
95923 38925 82432
95951 67459 5437
96056 78547 38200
96062 10110 61550
96122 1929 18878
96160 67849 38833
96200 10033 60217
96234 86105 29098
96268 33209 98168
96283 48257 87318
96292 19062 93117
96404 14482 54504
96465 82896 88765
96468 91959 87473
96485 49787 88206
96491 22048 4815
96516 90753 38636
96531 67013 2341
96608 76987 83441
96612 47628 76529
96652 73422 34611
96665 11324 35592
96736 41659 15213
96757 88257 2077
96846 37048 18022
96860 49529 80479
96881 1130 65967
96894 42173 63973
96977 14439 47399
97000 34226 34214
97006 86199 81325
97040 39871 6794
97146 45151 98301
97164 13758 80971
97180 68582 26599
97184 98549 42731
97228 85256 66774
97289 28288 63459
97299 73656 74613
97346 6508 32499
97349 10144 95294
97404 72837 59894
97438 49423 4098
97477 63153 27784
97483 5962 32652
97498 68836 62319
97532 34699 98743
97547 53255 46502
97549 30535 17445
97550 61029 88182
97558 70499 85149
97655 49552 79528
97704 79781 66730
97728 70264 83910
97803 98528 36474
97813 46631 64942
97858 91133 76339
97904 86006 74498
97934 5354 65037
97940 54906 41988
98122 41374 64787
98162 27013 14192
98189 7521 92936
98199 46476 88204
98228 5743 76971
98230 2107 95819
98251 41054 50237
98424 17618 24141
98509 44393 32103
98514 88926 4735
98533 548 68341
98597 20022 20745
98638 153 87631
98638 98474 86131
98648 92942 72766
98717 79840 30156
98719 98917 53686
98747 82814 9182
98751 89232 63681
98814 79572 63796
98874 96221 8802
98916 39233 10
98922 20688 33689
98954 44312 40384
99023 66700 17964
99039 92317 89204
99092 69857 88281
99096 48865 28535
99101 41266 11515
99167 84352 12791
99176 81867 41022
99189 46160 86224
99207 28115 86541
99296 19017 92980
99309 55423 63166
99335 2129 50942
99385 22320 59254
99449 85759 17611
99466 43624 67182
99520 75461 71751
99552 94051 28054
99590 62351 32369
99656 95769 16871
99664 73275 49446
99673 79439 98939
99698 10739 46765
99787 85492 18542
99796 92130 54821
99944 45704 13082
99982 32583 14118
