3000 100 24742 78402
72 84321 57037
89 10677 88781
125 90974 10755
142 36456 88480
145 60221 72005
147 41834 17444
171 37081 80502
173 75285 98691
260 90584 92652
271 80762 3972
281 77231 93771
290 20186 19739
321 78522 98991
348 19417 52705
359 24277 3078
419 4275 90560
425 8179 55431
435 11081 50353
450 95511 27917
465 88710 33953
469 57249 69208
495 65587 74960
511 51386 47770
513 7475 32693
520 14306 30038
534 23385 10325
580 42152 97308
599 18198 67466
696 29199 58799
721 81576 41494
755 38649 68596
789 60635 54908
858 7852 71166
889 8221 14365
903 15377 17995
964 55245 80938
1018 51359 63437
1073 36221 46933
1114 15269 23333
1183 7182 48954
1183 79065 58345
1236 50735 15986
1259 98718 61795
1260 52302 38394
1272 6985 84167
1361 43666 54627
1393 886 4415
1402 82607 16022
1405 95018 81604
1420 21976 37870
1456 6772 54467
1486 49398 19230
1517 51053 40448
1519 99763 95365
1598 75518 34850
1610 56165 39970
1624 15020 50746
1625 50709 92478
1654 82945 82127
1659 32227 98356
1662 28949 11731
1740 44188 29726
1799 78335 84341
1843 34573 65780
1890 27431 92750
1910 5199 86120
1970 25994 41422
1976 84795 1345
1978 30258 68900
1995 58154 12993
2098 38930 77454
2098 16986 11112
2114 76892 6916
2122 49000 24626
2124 42667 4900
2187 23294 52661
2212 95760 79310
2238 33804 6749
2304 31081 61831
2316 6720 30152
2317 30701 55172
2321 88374 28341
2498 58460 66185
2504 49032 58906
2514 79264 780
2516 26417 45923
2551 43915 42596
2608 72829 45266
2644 98600 74544
2694 74411 88549
2699 83771 12065
2706 31272 68013
2763 13612 53139
2798 62681 7139
2799 71470 51176
2808 73690 63434
2902 59328 74599
2963 23786 20511
2967 10056 91052
2971 21618 41748
2978 33196 9068
3046 58025 64917
3078 10314 44480
3080 2015 45581
3214 71985 48366
3270 16033 61016
3299 41629 46840
3314 6820 61092
3351 36644 59939
3489 48431 38876
3492 52271 99953
3568 75702 26815
3643 6157 67755
3644 65480 85189
3684 77835 16390
3691 68771 18048
3743 24450 31905
3747 11654 54448
3809 12230 60382
3860 16987 62859
3970 88695 11251
3981 43373 80694
3981 55252 23448
4016 85877 36492
4093 64975 67954
4095 36818 3267
4118 11587 53720
4192 61726 62826
4229 29704 86027
4267 8145 61848
4271 55824 22502
4298 11357 12028
4305 39333 4339
4366 11016 36549
4403 29259 74865
4449 99719 85651
4449 55752 67438
4462 51115 2680
4481 84862 48984
4504 41638 83807
4534 26473 6389
4619 72734 5867
4637 5271 32609
4709 34533 20025
4717 95870 39117
4745 12904 91890
4750 90142 30890
4788 75300 46100
4826 60646 37553
4870 29907 46460
5012 96545 50628
5070 7470 58897
5096 3287 55222
5102 33679 53945
5118 19390 5912
5158 54501 70600
5254 10075 94428
5264 19038 86467
5333 70284 38855
5335 58956 92640
5370 55381 7107
5425 16052 54134
5557 9706 85211
5572 43625 96865
5617 3925 27719
5699 10467 55914
5726 98148 98210
5745 75565 3585
5769 35248 55500
5769 71747 98166
5890 26929 56431
5900 87613 28737
5939 87985 83979
5960 40979 83697
5963 86637 48110
5999 2921 97401
6001 89046 20278
6008 44641 7907
6117 3928 36060
6153 94496 48798
6199 70214 31633
6210 47638 83072
6215 54140 41937
6241 61169 73946
6326 39932 13157
6366 26018 80694
6443 94644 51799
6518 56472 18209
6537 85288 45641
6551 61323 57633
6596 161 85514
6609 56331 91376
6625 26893 39957
6655 49215 69165
6682 74904 33657
6694 30225 56211
6711 71135 94603
6747 88386 95263
6781 90935 91803
6831 86874 85099
6833 32106 59058
6841 80890 97673
6849 25586 97980
6889 39601 21328
6920 25631 79835
6932 33310 56605
7018 51043 39526
7072 17070 82363
7079 19818 94008
7084 95078 23420
7116 66839 52883
7118 6168 66918
7186 69290 67187
7188 32577 3698
7253 42992 32852
7311 66933 47914
7373 55211 8803
7453 29559 70612
7507 70178 92151
7521 26188 97753
7525 5533 99441
7535 4369 49074
7556 73136 12998
7597 49516 19068
7603 32574 84127
7651 89058 80128
7784 44004 18846
7795 19005 87775
7821 54436 97039
7832 88222 51794
7936 57692 29905
7965 37400 42762
7994 61177 11239
8009 73666 96767
8042 8298 80008
8058 6309 70077
8079 62269 82829
8079 67331 79629
8082 32847 10406
8110 25287 28012
8136 9709 78715
8137 37744 39589
8137 82880 58278
8162 92030 73057
8174 54222 96009
8197 33392 76120
8213 50393 55214
8262 91109 21853
8347 96816 71401
8367 10389 76366
8402 85681 62114
8418 44086 44337
8426 79794 1028
8432 87062 71486
8464 36429 69778
8537 5933 93436
8585 35321 91454
8718 40546 98482
8730 67271 17019
8756 70081 14509
8762 76302 60451
8796 62226 60984
8806 94983 61479
8821 23233 87937
8826 85994 39717
8839 1824 49618
8873 55806 56491
8885 63757 72512
8891 2954 91560
8957 86816 23825
8970 39382 1951
8970 4191 58298
8973 91001 92746
8998 93972 22280
9012 51079 27223
9014 72236 27537
9194 39752 86277
9200 73572 71967
9217 10547 16948
9260 72131 38470
9270 15372 14226
9389 52415 4257
9419 17582 14807
9451 83096 93096
9523 19657 44512
9557 22254 37438
9685 50865 98116
9691 65467 49670
9692 2224 91947
9710 733 95907
9714 29560 55350
9716 21438 80886
9760 73734 74159
9767 90031 22811
9786 6591 48326
9800 87633 73242
9936 79295 51808
9937 38434 28167
9989 95894 47228
10033 21740 55806
10042 67349 64693
10090 82563 44838
10144 95768 19307
10152 87189 67150
10183 64381 63992
10215 26208 55273
10256 47977 93800
10259 21950 23159
10281 23943 29035
10299 43063 86107
10327 66586 59527
10372 44645 72838
10432 90159 8281
10442 9108 90382
10443 62928 21394
10452 58813 28341
10480 48525 88515
10490 36025 66148
10510 42456 4401
10519 59141 96514
10595 11373 48720
10621 35316 97657
10625 15223 83609
10696 69529 49934
10700 19491 87411
10834 97167 40380
10856 72951 74193
10880 21680 50045
10936 47971 77150
10952 37546 96890
11003 40587 85822
11034 39846 27482
11059 46947 76853
11107 91652 86048
11140 65962 35230
11178 54949 73262
11220 5559 36447
11234 75482 58251
11241 12075 10195
11243 53424 36813
11264 7872 65013
11290 18538 21532
11299 15609 18246
11333 1030 59773
11367 45902 10677
11385 53925 88474
11528 25933 54352
11543 41420 30537
11564 6783 97344
11577 99606 193
11609 61111 46380
11639 48146 65423
11677 90041 20771
11700 60945 85821
11745 87336 11751
11773 74313 26128
11882 20432 66452
11904 30643 18967
11914 15738 83531
11926 80905 76712
12087 85370 85930
12120 79129 33673
12158 90758 33061
12224 40667 17788
12263 88581 82851
12282 56691 37753
12288 67135 31904
12302 54590 2853
12323 97637 94755
12413 57669 26885
12424 61695 33423
12472 63395 90201
12525 71440 91786
12553 80386 77853
12601 27224 91575
12628 93078 33424
12785 19365 81537
12795 72800 51977
12807 85042 31366
12842 93212 70758
12872 59072 1405
12890 67944 29781
12894 62386 96758
12950 52432 84798
12979 85649 3513
13075 41821 49819
13088 97598 20050
13107 49534 66480
13142 22296 40164
13189 48100 37921
13218 74975 32949
13221 67255 64276
13316 27099 33232
13366 16529 40037
13383 82541 21268
13403 92623 68592
13419 53051 68967
13437 13555 21590
13481 5642 5223
13550 60762 68247
13553 91687 14890
13565 15199 46665
13566 63704 77798
13579 89000 67971
13648 56614 27149
13711 14622 22661
13742 95343 77784
13766 84165 78504
13796 95297 83170
13861 46738 37627
13874 750 5557
13875 93015 23852
13916 8007 88124
13916 92527 47525
13924 90954 96335
13991 78282 38000
13991 75172 74376
13995 5701 51521
14074 89565 11948
14148 24372 32910
14167 72838 44485
14167 65735 2639
14226 31221 56356
14317 3908 36665
14321 66489 50606
14372 82311 41413
14396 97300 23236
14428 99134 25967
14445 50328 23439
14455 76883 98251
14474 98345 35847
14480 75190 15831
14537 20159 44629
14568 16989 78340
14589 61427 71541
14616 73525 71189
14701 69244 21873
14718 30572 46665
14769 11212 22982
14774 15719 74662
14775 52937 21119
14872 36586 18472
14905 24445 97765
14972 92546 60761
14987 25896 24752
15008 8011 87975
15014 74622 86292
15014 66881 68709
15085 52847 33330
15095 62284 81040
15107 74354 34496
15122 37152 64602
15143 14361 29195
15182 20484 10960
15203 40408 54539
15204 46497 85088
15211 30935 52598
15234 58937 23741
15241 92667 74241
15283 18844 98054
15309 44368 54664
15380 75313 46059
15381 19625 12583
15460 87985 47029
15504 97021 97320
15559 72467 55393
15579 21190 86480
15589 91490 33410
15650 21744 56855
15661 42197 24615
15665 69876 96180
15680 77079 79479
15690 14306 71040
15744 84811 83891
15758 61960 67048
15768 13226 77816
15871 58541 68313
15872 1855 34665
15881 25181 87581
15888 64365 1119
15899 59741 1047
15933 23801 85118
15937 56407 18180
15943 3579 74724
15961 47022 13727
16001 75293 25256
16010 24463 2051
16018 52278 56872
16055 65054 90290
16171 2310 74693
16188 29840 31621
16270 37186 26434
16280 48409 34418
16284 59324 31135
16329 95060 20753
16415 40677 76755
16430 87770 14608
16452 7577 9012
16482 9136 78338
16545 41759 68174
16581 37214 69732
16638 87830 57727
16654 84462 20365
16719 42983 39772
16803 81326 65529
16830 28207 48951
16874 96860 50992
16877 69442 11445
16879 67605 61556
17036 51612 47358
17077 25706 82027
17117 97573 12266
17129 2606 46270
17261 16750 85678
17295 43924 17593
17321 89734 39668
17359 25391 98545
17389 40051 94691
17397 6683 30133
17439 78864 58410
17448 28014 47088
17464 24350 391
17475 57874 20510
17492 23844 49963
17573 48448 48932
17614 38386 88125
17666 7552 90592
17682 15391 96842
17688 78317 29639
17720 72227 33311
17779 44545 36241
17804 99972 42541
17816 50764 96166
17860 28187 40446
17865 90357 98486
17929 47773 56861
17998 32461 78572
18009 13499 55891
18015 28752 69792
18027 46103 3248
18052 962 91625
18075 33085 37358
18114 20931 18650
18141 71616 61560
18148 57065 31845
18176 43620 59881
18192 78074 97244
18298 81973 45727
18336 95641 11464
18346 31190 11576
18356 28690 14015
18363 33991 49103
18367 39096 78058
18452 64172 95555
18462 14893 35814
18553 7019 63114
18562 34320 76358
18632 94448 30250
18713 91100 20157
18722 35764 31083
18729 33717 90090
18733 65131 91051
18757 48523 49203
18773 85386 17302
18809 15780 42719
18877 40696 98868
18888 31192 49574
18907 62512 769
18945 62023 75391
18974 1813 33163
18977 73647 43979
19032 84379 9360
19054 51695 33506
19063 56393 81578
19103 6098 42069
19128 3553 2695
19158 6733 67774
19163 55659 60731
19164 39692 59174
19189 55986 94333
19240 28268 3615
19284 93858 11522
19455 35422 3566
19521 77367 50842
19609 74858 31620
19626 23650 69697
19669 4417 95557
19682 9454 64468
19694 46471 86956
19717 88441 30139
19735 87256 7679
19737 93106 55916
19756 84257 22783
19761 34878 52737
19810 62611 17792
19841 48638 71794
19867 98799 77841
19961 52349 137
20069 30890 59953
20079 84688 14066
20202 22259 9225
20352 82189 4381
20362 54626 24562
20417 65444 80678
20454 41826 47707
20495 88714 76348
20522 99542 99635
20532 59362 13018
20575 75641 57288
20589 55125 99041
20601 76077 53283
20636 20935 11942
20637 72300 61913
20639 15994 23071
20659 6333 86147
20676 36629 57091
20686 50523 77612
20728 29489 86929
20741 71433 73305
20763 94112 5122
20782 7641 76251
20788 86643 65198
20793 41246 13683
20924 44650 43152
20930 13475 2277
20931 45408 4126
20953 23938 96109
20954 64403 28990
20972 31286 14131
20973 19172 44201
20991 51134 81223
21200 72435 33301
21212 43466 52451
21221 70771 69094
21324 10919 43412
21390 20135 85383
21414 92377 21207
21421 88538 66423
21463 47408 66392
21474 74293 62682
21510 36553 67953
21524 22286 23307
21530 47658 39155
21533 79787 64866
21568 35226 40093
21584 30814 88967
21730 18055 85411
21766 87374 66519
21814 10044 55280
21819 31636 26252
21901 38399 73464
21913 15874 45284
21941 62866 21803
21957 6561 61740
21964 44157 53828
21997 58911 62927
22196 16284 82918
22236 67535 84627
22269 47688 67522
22275 80840 85486
22290 38176 30213
22327 44618 9042
22387 88410 54857
22425 75479 52751
22465 74017 55298
22506 31322 93708
22531 34588 26137
22613 35711 81897
22619 39733 54008
22772 42993 34539
22888 38994 28252
22894 19375 7877
22925 17953 44584
22937 57169 55278
22966 89507 21894
22978 52849 50014
22985 26861 68216
23023 15617 46500
23059 99769 11151
23108 7364 72144
23109 87642 30929
23189 90179 10521
23263 65408 15889
23265 84204 55988
23282 41129 64221
23288 72610 52667
23311 39800 80542
23316 49481 30441
23328 40140 28965
23380 32506 67670
23390 42736 96621
23410 44797 83840
23415 77524 62947
23481 53991 34963
23525 96897 85451
23534 114 29550
23575 64735 58943
23577 86856 9091
23582 70112 4724
23587 12138 24136
23677 51920 12225
23677 21823 34285
23688 82422 57126
23747 18301 83013
23752 78436 94364
23786 96292 49563
23820 31782 80301
23857 36590 40257
23863 27169 86573
23871 75079 52829
23905 908 34217
23956 70578 45244
24005 77429 84850
24010 62967 1496
24010 20901 74433
24023 89492 92371
24039 19213 52022
24047 6467 82391
24108 10476 35048
24126 4323 40957
24155 95904 68823
24196 70736 78529
24199 2166 47120
24273 24934 5634
24327 6687 33804
24362 33699 7865
24374 79581 50299
24408 55706 89745
24414 28312 31781
24419 87357 83479
24468 7665 19118
24480 68333 47517
24628 5394 38936
24633 7882 59173
24636 49003 5007
24717 18207 52920
24723 36954 53621
24750 62088 52371
24753 95471 64377
24767 55348 10489
24827 33745 9445
24869 86402 17212
24879 8642 77470
24900 97113 98146
24907 24514 81701
24909 36290 61769
24938 86447 41158
24941 2308 41586
24965 66615 64974
25004 92888 12084
25074 83654 39675
25129 1732 80279
25210 29651 96177
25213 92417 56382
25214 23587 32979
25262 28892 77533
25272 39249 95969
25350 67401 51826
25366 19958 36960
25378 75085 73833
25460 35845 11625
25473 5585 1043
25518 9731 90797
25536 45427 13076
25544 93700 34061
25545 19792 56901
25599 19583 42456
25665 35094 34557
25674 25319 51993
25677 69437 44885
25699 30972 14809
25720 11991 794
25753 67676 77840
25761 34555 74245
25777 24366 89104
25786 10207 78171
25799 57750 21866
25832 53545 69722
25908 56164 79551
25924 24100 73095
25930 6310 70476
26028 52123 56233
26167 37738 843
26230 31665 43460
26242 80526 93729
26345 64091 3590
26352 21289 51816
26373 71193 69321
26405 25750 53094
26424 73747 83718
26437 24951 29773
26527 8455 45472
26564 92804 90662
26601 65511 42262
26654 85917 53659
26665 58561 31253
26671 11504 94721
26703 48597 31351
26703 62408 59812
26727 49278 98747
26771 54524 25505
26776 83639 84292
26817 23641 24340
26890 80814 53780
26943 94785 55433
26956 4928 90383
26979 35443 63814
26987 39007 54896
26994 28666 44840
27081 25076 26861
27096 54621 51048
27119 73909 71996
27123 42158 33707
27149 78557 78553
27164 52212 61979
27276 22193 47775
27305 53608 25907
27319 49604 38330
27373 38709 49205
27389 24599 46339
27408 93944 54035
27414 42790 3591
27434 59897 82182
27443 58584 98466
27451 37787 1254
27451 92687 12446
27523 42394 34491
27562 46504 21898
27582 57618 32697
27628 79678 781
27638 63304 72531
27644 11505 90644
27670 19344 11828
27703 83534 30049
27753 6278 98760
27758 73817 51402
27759 96016 79476
27804 5025 58220
27825 5049 52540
27882 47768 86509
27922 98347 9986
27989 99152 79562
28002 70460 23074
28042 90206 9392
28057 11277 73431
28059 71754 69841
28073 81340 2878
28083 63715 21766
28087 15610 31127
28090 68896 8356
28130 12324 66636
28130 70645 41754
28146 94499 22414
28165 38276 4592
28169 99327 89792
28185 20948 62206
28220 37856 32042
28231 74550 66113
28275 35228 94837
28288 37000 43599
28364 55028 40158
28376 45704 77956
28482 43174 16607
28497 34253 62096
28582 28650 8740
28621 30673 7611
28698 98536 71187
28726 44254 87336
28731 87110 40314
28766 13970 55530
28788 16637 26790
28807 88507 24371
28856 49399 10621
28912 34545 14957
28937 13296 29375
28971 98980 4577
28982 90243 29160
28991 95548 64656
29039 42733 19917
29141 11812 38491
29256 89433 38619
29261 91084 60028
29261 29169 17743
29277 48406 34866
29367 90170 91334
29367 65076 29508
29399 93744 48255
29401 61954 45465
29438 38726 82027
29471 4179 73412
29475 46827 20735
29482 86824 35380
29508 39522 44095
29600 57002 50043
29614 31329 87863
29626 56877 8333
29637 6256 91640
29680 11041 82736
29703 65363 3141
29714 97152 53814
29733 68906 47392
29771 66889 35966
29876 75450 15062
29881 5648 59647
30041 16699 99501
30047 16390 61116
30103 25899 33193
30127 14319 99305
30138 51890 61604
30230 78202 16960
30285 86944 69723
30285 73414 38739
30398 12302 54323
30399 88763 73494
30433 10853 59354
30474 86637 25350
30509 8958 26481
30516 5798 30319
30534 31352 66328
30545 94085 18682
30552 81537 12798
30621 61905 82696
30644 90595 23559
30687 51470 98150
30955 23866 90726
30983 56283 18503
31002 90044 77260
31020 17659 48546
31097 41188 7379
31127 93236 34817
31177 57954 37141
31298 1564 89184
31312 23855 60886
31313 19813 47464
31413 62640 49398
31427 74007 60035
31490 56668 69664
31582 86682 34278
31643 74149 75349
31653 48813 57771
31685 11879 20671
31701 72822 13560
31737 91051 6596
31758 59627 73555
31910 56336 92079
31977 4773 94940
31987 82635 66292
32036 43205 47678
32085 85416 1859
32087 26886 58778
32110 55323 81307
32151 26094 40020
32193 85609 37205
32203 63732 40231
32216 9707 30630
32221 13947 96340
32261 80230 35736
32281 57418 60588
32358 95989 85616
32415 28548 38430
32429 43757 99213
32485 54614 87121
32497 71224 29986
32514 36776 87762
32514 10037 88219
32516 67670 54664
32541 66820 49286
32548 95254 50465
32591 4671 14911
32614 19673 45267
32629 25593 34939
32631 58434 94628
32643 52198 35158
32698 88996 10428
32732 41968 75927
32744 95540 85758
32786 84091 40165
32795 49118 82990
32820 70042 67278
32822 84347 77940
32824 91392 71818
32825 35381 11186
32829 54136 1410
32882 67134 54425
32971 39579 61834
32983 81969 96003
32994 30525 9155
33024 43465 67301
33049 85103 90262
33056 50192 84973
33062 47394 95608
33064 95635 66322
33065 32228 28313
33078 61654 43166
33079 98372 66058
33098 55367 85951
33115 72419 52000
33119 68931 86865
33129 70543 1386
33132 20072 29971
33166 11950 58026
33167 68906 65984
33171 1951 95648
33211 72415 18134
33222 31562 98352
33239 30863 98198
33243 82920 15100
33252 4179 77013
33254 80525 53374
33309 60322 36512
33321 54727 10881
33352 94478 5210
33361 23204 75125
33368 348 36807
33394 63322 44364
33398 65561 48599
33408 18816 6022
33417 86947 51802
33427 49996 6293
33476 29318 29946
33538 34490 54837
33562 61953 97878
33608 97312 86369
33664 29537 65031
33676 80132 32662
33769 97438 30738
33840 2567 90244
33852 47266 46224
33897 33696 32344
33902 76028 31992
33941 228 25525
33954 17961 93046
34018 75138 26713
34050 79291 59186
34106 13111 45536
34146 49963 67331
34156 58630 45733
34168 46854 9792
34205 14600 89123
34328 64071 73559
34384 55952 47774
34446 69320 56617
34456 24962 10289
34549 32299 21536
34639 40225 39766
34654 39751 49710
34658 75608 39834
34785 68567 38415
34821 74061 64737
34834 63200 71457
34864 26458 53455
34866 73089 79452
34901 50358 90280
34911 43330 2490
34914 41308 35076
34965 45356 52024
34987 55378 47124
34987 50657 85977
35003 65647 98347
35011 78686 23721
35033 85328 87578
35129 98816 35624
35134 81918 86033
35140 54283 62466
35143 789 8562
35177 77408 8103
35202 53042 10607
35226 56907 45033
35239 95298 66715
35253 23135 60741
35256 39034 70262
35315 84905 73590
35340 64355 74381
35380 25336 84344
35397 879 12147
35445 10249 2979
35523 21128 57136
35532 72990 58146
35540 89572 3623
35556 8394 83568
35581 22874 54433
35678 80035 48589
35684 53667 68663
35734 76256 31747
35748 57610 5586
35783 10089 31043
35798 88718 15159
35808 73020 54712
35887 71342 46947
35942 90758 34039
35973 88626 32117
35985 63635 49023
36129 52444 53187
36151 96376 13514
36165 1415 98346
36194 8814 39868
36196 29777 86518
36206 722 92282
36223 61278 6554
36247 13260 11045
36345 14192 86571
36393 64978 48990
36409 2951 64504
36457 54395 4093
36463 62795 54036
36499 74059 68194
36532 40836 54240
36537 4060 95758
36542 8327 38986
36558 88382 89092
36617 60631 9116
36651 37783 83421
36695 90379 73738
36720 1097 1546
36731 43331 19568
36771 18847 10186
36787 78967 94669
36809 7833 63674
36831 13148 22395
36832 88628 18059
36944 84239 5897
36959 17662 19592
37065 69857 27541
37124 20663 88580
37130 34180 28418
37158 7833 6818
37222 65222 30191
37231 42691 7830
37233 11419 15120
37245 39004 23785
37273 73230 32681
37411 20731 48023
37417 24872 23527
37446 71258 37446
37460 9815 31591
37504 87346 88127
37584 28288 39642
37639 49044 90537
37652 17423 46409
37728 50293 44892
37746 17629 94202
37793 56195 87974
37814 45084 85879
37841 98421 41599
37845 42927 41276
37866 20696 3481
37871 67954 18577
38016 20019 42230
38030 1710 80918
38047 96777 43464
38127 23143 45384
38130 22359 65426
38175 95044 84213
38247 45396 18434
38325 72930 18811
38327 35185 46102
38342 14344 90820
38373 21069 78814
38397 96433 50396
38426 60287 51629
38490 72585 5070
38495 74288 75673
38503 78312 88794
38580 50828 67354
38587 27171 58290
38590 72319 84996
38635 59894 92459
38642 34860 32403
38663 86765 96963
38674 51549 15614
38776 24564 67235
38789 3581 33179
38808 89210 90935
38853 49127 79792
38869 26808 5370
38896 14176 68742
38898 58703 66328
38930 40068 29238
38977 77694 85101
38989 55236 7439
39015 48377 39431
39050 65137 60888
39055 38400 66873
39070 71249 10784
39089 15688 47120
39094 46537 20122
39118 79950 66688
39193 59951 18019
39229 22329 94511
39240 39725 18689
39284 27263 43948
39316 36755 36144
39331 94344 73979
39338 39829 27803
39343 6578 92575
39353 79040 53761
39361 27920 29298
39388 59607 72253
39396 76190 54839
39417 74428 69015
39424 55421 59915
39439 42132 19876
39455 75612 16327
39465 5246 67578
39467 71156 37492
39499 47548 12190
39517 25136 64307
39527 6596 87411
39529 40740 10551
39544 28735 10862
39550 19358 84429
39565 72378 94102
39596 86231 56616
39662 56912 39407
39727 32873 95251
39733 68315 61576
39768 6929 33183
39790 20761 69212
39812 40084 22084
39865 80810 88192
39913 54637 63444
39919 79012 5448
40020 87100 97408
40024 36114 75243
40099 22238 6491
40101 53248 52773
40123 48145 6210
40165 18560 17795
40180 14752 89956
40202 25326 47220
40221 17973 21646
40292 72574 34890
40313 31029 42678
40315 24946 70754
40328 36723 48822
40369 23993 15075
40375 96814 55862
40411 65135 3611
40450 59279 83809
40463 27862 60091
40482 18633 57888
40484 20230 6576
40521 8998 69498
40525 62772 79792
40602 37772 52883
40675 58490 61738
40679 52775 13210
40703 21486 21604
40714 43492 59821
40716 5789 94930
40860 25054 43496
40927 68489 35435
40943 48779 91241
40968 20612 81829
40993 19879 92694
41002 7179 92459
41002 35883 18485
41010 18414 11608
41049 67221 42132
41050 37387 33856
41090 42258 91240
41128 99591 20546
41158 49987 18596
41203 27961 1613
41228 50960 66087
41260 31932 56543
41287 8082 88078
41393 79007 49686
41438 68725 33375
41474 5332 92930
41494 24151 47039
41560 37605 92568
41579 78972 81949
41590 68185 53978
41618 87034 34549
41624 44821 85029
41697 29314 89453
41744 16711 6585
41842 73442 1545
41868 16511 13377
41871 20046 90713
41917 67464 50378
41946 16223 65153
41984 21092 6210
42014 52320 10682
42016 67670 85825
42032 79850 86978
42059 16656 4920
42074 41619 51169
42214 22389 24891
42220 62354 40403
42279 52074 69662
42289 26644 53713
42390 24009 60929
42404 38062 62513
42409 32448 15505
42446 65677 5916
42455 17384 10370
42481 26036 78842
42568 63077 58900
42600 48346 36629
42614 49381 75974
42621 7755 32910
42652 6536 74604
42661 39496 35080
42676 52165 5247
42702 65560 80859
42855 20835 71452
42871 22998 21255
42900 31912 36883
42911 54933 74504
42949 35185 65546
42992 97440 82239
42998 5082 93311
43000 52224 37219
43026 3123 50603
43035 46415 94955
43045 35048 79367
43140 95586 78916
43164 78474 44191
43263 63722 15246
43266 78876 93872
43356 22669 61920
43371 41338 80849
43404 47102 78357
43435 94772 6182
43480 29657 17060
43480 73969 74406
43563 37775 20257
43611 15802 24034
43657 44022 29271
43674 3576 28494
43675 47242 73417
43715 57682 70831
43732 73711 15918
43734 97050 30300
43747 14038 77019
43751 24540 61128
43785 7648 44461
43812 41727 52891
43852 64230 3810
43863 43189 30713
43924 48705 86931
43956 61626 62911
43986 82173 70248
44040 89622 16438
44049 31384 20204
44083 10615 4346
44158 77344 85653
44170 78339 94043
44217 48214 22125
44220 92726 23380
44259 3132 35164
44278 19908 88244
44279 59257 98714
44333 44298 67245
44333 94555 15308
44353 72040 11673
44364 3196 56659
44396 47415 43307
44439 51680 21154
44481 55238 9790
44488 41636 4983
44491 92362 25290
44548 20877 23960
44556 72873 81058
44584 94389 8871
44649 75533 1168
44670 24860 18318
44673 87468 24348
44746 28163 65361
44811 13157 54035
44914 81953 76406
45050 86811 13425
45072 64204 50469
45150 42492 58069
45162 73928 98054
45187 73448 26595
45192 60459 39029
45227 93145 95589
45276 12004 98408
45298 12856 36018
45302 35102 37059
45307 3644 93541
45342 31791 8857
45464 86449 82994
45524 99494 623
45530 54018 9766
45544 37269 16559
45544 75207 49823
45599 87116 84426
45611 64793 63362
45621 76012 6165
45660 7724 55190
45667 644 11121
45678 78422 7227
45680 54411 56955
45707 74029 62718
45778 29978 12026
45806 77427 5295
45815 99293 55480
45883 5541 21386
45958 44671 23195
45961 17681 89739
45994 21405 46789
46016 384 64938
46079 61435 67184
46153 56326 15995
46213 82450 67949
46234 19893 94926
46292 90694 20359
46311 10752 25129
46336 32404 55238
46376 84779 29066
46385 9198 52113
46391 50845 29070
46434 760 10621
46442 17176 94603
46458 29038 61117
46492 15358 88766
46534 85605 84906
46550 1572 83195
46613 3301 59610
46642 12684 1802
46702 64330 7756
46734 64212 3513
46751 86041 69555
46762 890 50964
46802 9210 5459
46884 66947 97209
46895 85840 37691
46900 13834 9394
46900 39153 15070
46919 26457 95012
46934 53272 16259
46951 66030 18879
46993 31780 90252
47027 7335 39399
47074 82480 45619
47091 78481 11397
47107 60172 96235
47127 50382 35945
47147 62869 94456
47342 83181 76884
47440 10209 33326
47502 39273 84353
47711 90005 87668
47812 95767 3831
47814 36547 15580
47825 27421 94502
47825 78566 4124
47887 32722 21391
47929 93371 49614
47988 90841 30814
48049 41986 60345
48075 19533 20050
48159 4587 49641
48252 37362 69798
48257 34803 64754
48282 8957 25564
48337 96760 92270
48364 82569 62321
48366 2166 20315
48386 98082 73859
48387 30686 67871
48391 7592 12832
48393 29865 46319
48396 21337 10992
48425 49157 23919
48449 64255 22175
48490 83343 42689
48527 81721 84465
48578 7455 12357
48630 15153 51703
48678 13951 34739
48720 98444 4704
48723 22190 87951
48771 53049 39844
48817 58963 8037
48842 83402 29662
48863 34922 11416
48892 57035 54285
48896 11991 20382
48977 45708 66145
49043 43482 53252
49084 52729 8648
49104 66176 69845
49117 29278 66971
49178 6370 92409
49178 61338 19188
49221 5667 22104
49229 86345 83916
49245 3417 59256
49282 25475 80121
49403 92160 33439
49423 17832 2172
49441 97072 13103
49445 72567 49492
49490 11792 74699
49521 51388 83743
49541 69559 74385
49600 5741 99655
49602 36535 72041
49722 28552 39743
49778 23257 38571
49781 77387 68475
49808 37257 63080
49888 11292 64488
49894 41030 89482
49904 38703 15695
49904 72434 88410
49914 93665 29582
49950 53644 80530
49971 86801 29090
50096 58736 90237
50178 71828 90558
50233 42801 93897
50251 24899 99256
50374 36535 39821
50387 31619 85543
50404 78748 20201
50503 14814 74456
50576 90544 8133
50582 5052 93421
50626 76793 96795
50635 42186 61573
50674 89779 92425
50685 89493 27629
50712 81497 82891
50749 29116 2960
50761 71881 198
50763 30919 44396
50789 90301 88294
50857 60112 86203
50876 86124 28697
50882 83812 54162
50897 15387 70916
51005 77832 26236
51043 92504 95992
51077 94527 95274
51099 19640 60580
51152 31601 70133
51161 6229 20564
51164 43289 63058
51209 91181 31479
51224 80905 7012
51230 19917 32604
51281 83337 50323
51318 3756 22998
51319 75518 87752
51358 1365 15818
51401 29725 10931
51499 75876 2932
51527 89426 94891
51530 7665 79262
51560 91175 11369
51582 42129 42743
51589 14665 36120
51657 21821 15537
51661 12113 2222
51751 84021 74250
51772 23042 50989
51847 63527 73870
51979 21036 16932
52044 56513 17393
52047 62706 22568
52055 17260 15811
52082 22848 52356
52106 38812 17252
52189 58110 11330
52198 5611 6504
52295 16203 80546
52393 23425 6409
52409 79395 46212
52414 95542 95116
52431 16805 29644
52435 15404 21770
52465 39773 34982
52471 76984 64318
52600 15707 58011
52627 16473 1479
52635 11313 8306
52645 92969 65075
52670 95337 28417
52683 28375 86567
52689 49894 22618
52691 75696 69332
52759 68867 66724
52781 17062 45795
52806 15122 49156
52839 68102 7935
52840 66477 45899
52863 64186 9484
52908 63748 7207
52930 60971 45339
53006 38408 59198
53008 60975 21773
53065 55284 20461
53072 59492 36813
53134 18739 49174
53180 8264 5786
53201 96154 40552
53244 21859 29696
53267 9223 73580
53374 87729 46436
53376 87685 87400
53383 34794 19130
53392 14106 45689
53409 81940 38771
53445 84357 66074
53484 39829 69972
53492 51163 13423
53598 50633 20146
53603 7599 9811
53688 69416 49364
53694 57576 38362
53699 53903 41380
53713 40288 51822
53719 55189 60780
53732 97637 93170
53821 64689 11797
53850 85467 56948
53884 43011 1890
53884 42626 16336
53890 66112 92862
53933 51669 29400
53969 22459 90400
54075 54575 52682
54082 74010 7359
54102 90193 61401
54164 48547 66261
54214 81588 22119
54227 95154 66871
54233 29628 96621
54268 37442 63743
54325 38157 91330
54327 10561 16068
54347 67437 54480
54360 46073 96355
54360 93503 39188
54371 84760 66939
54372 11040 34564
54513 4293 75564
54520 57859 88479
54527 53213 3409
54553 90753 10939
54564 62323 12040
54612 45425 42317
54613 91449 73948
54674 38228 54807
54699 66490 7354
54762 10775 64440
54800 55167 57663
54837 34845 19944
54848 35708 13310
54877 13649 20710
54893 23489 97021
54913 70154 26129
54916 58934 87482
54953 35013 98928
55009 17703 11747
55065 17316 5535
55156 41099 93163
55337 39307 58087
55468 56491 80938
55480 30941 84000
55494 9936 74854
55517 91250 13143
55554 6646 36754
55620 91021 5655
55622 15085 50787
55720 89572 66581
55728 81307 80609
55737 71021 73862
55819 9818 76349
55827 21311 69081
55856 63142 40396
55911 92576 59190
55931 69448 34032
55957 77135 2893
55988 30894 52592
56043 90452 22106
56085 36 23812
56110 52958 31460
56179 68965 19219
56290 59888 20801
56311 15388 90269
56325 72464 12098
56348 74244 51177
56385 36055 29345
56390 76979 85454
56403 97132 54596
56443 53828 24231
56450 21642 6404
56453 12829 24560
56513 84022 56236
56521 94661 45307
56580 59482 43267
56610 23984 75270
56629 77331 16534
56645 27000 14161
56736 39013 94178
56739 77942 39137
56749 74826 97852
56784 54517 99144
56786 34035 93562
56799 19207 62850
56851 53413 89237
56865 63299 38531
56885 66554 53269
56887 61848 15134
56952 95439 45488
56954 68727 74202
56955 75603 92321
57045 71414 35349
57075 21904 57629
57154 77586 20959
57165 8957 59693
57189 62440 52419
57233 68047 59883
57235 9088 49731
57256 99660 81817
57263 93184 62316
57384 23413 66306
57408 50159 56301
57414 92728 25168
57415 44102 89217
57442 78054 91781
57463 61683 98681
57483 65850 98848
57485 23798 29632
57490 69920 8346
57505 43800 65647
57505 62114 88393
57510 18336 68498
57579 71666 72692
57588 14104 15769
57608 589 59527
57609 81843 80322
57654 94175 43842
57716 92211 37665
57796 9928 87696
57887 53219 70665
57890 55440 38987
57936 60888 65369
58048 49839 50816
58120 6092 44841
58173 22009 14471
58180 34459 48852
58207 59423 35332
58220 12899 33045
58241 84617 45665
58263 45526 60871
58270 71572 54296
58280 6716 63308
58282 32145 30896
58284 55350 24917
58402 41665 91970
58413 2879 72075
58426 48077 52054
58530 34257 25680
58537 42733 91963
58550 93822 79125
58552 26107 11303
58569 27399 82614
58582 40767 85351
58620 41247 28820
58689 29641 27968
58714 25214 76868
58734 61375 5257
58819 74371 26603
58839 8055 38488
58842 84127 29686
58925 95607 5193
58933 81737 12311
58963 44082 50905
58987 64708 75030
59004 32057 95405
59026 71775 94994
59068 35339 30546
59078 33419 97546
59183 60822 23634
59194 67013 60795
59245 83786 66910
59295 20795 24647
59322 33516 79634
59350 70508 15790
59378 57919 33575
59458 67579 76514
59468 66526 50654
59481 30396 17127
59553 85488 95813
59572 34209 68767
59634 83527 82268
59648 83144 14116
59709 31442 86910
59726 91342 37826
59737 47285 38412
59737 88324 92960
59759 38185 85813
59806 50797 10364
59831 93960 58675
59892 98389 19784
59894 15710 84734
59936 74530 21708
59968 37798 70212
59977 81466 87248
59993 75678 35571
60016 46586 8383
60027 11298 81436
60043 94135 9322
60080 55966 66883
60140 70280 10445
60147 62477 47823
60159 64949 13513
60171 62385 50778
60192 33675 47903
60205 73513 33966
60245 40432 87705
60296 35163 22270
60299 92474 74144
60299 18243 23239
60312 59851 34716
60362 13459 65570
60460 79602 77285
60528 724 77700
60531 12216 92020
60592 79404 71938
60705 9601 15729
60768 54912 80977
60865 64188 20376
60881 99840 19967
60899 10653 71015
60954 21467 46734
60961 56730 87258
61059 61407 75122
61097 46659 2409
61125 18357 89240
61133 50467 65895
61170 51027 97194
61180 73033 93427
61250 63121 77325
61278 78792 91287
61396 41836 40797
61441 17189 23385
61445 97308 66638
61479 53829 85496
61493 96552 5161
61513 5538 67079
61527 31690 63617
61533 83772 28479
61533 44822 95780
61603 4528 55218
61700 1987 99507
61754 36948 36750
61757 7192 70164
61758 32534 81654
61762 98446 43821
61784 5585 69728
61790 66988 12068
61823 32326 96417
61837 76132 25661
61837 81658 98721
61839 75298 39275
61877 5049 78117
61894 67314 55114
62072 46446 39074
62173 56360 53660
62187 14846 81517
62213 98015 24463
62218 67530 66457
62235 20563 40164
62260 58499 31550
62294 10767 24793
62322 40817 36014
62336 11342 28395
62376 33448 40535
62381 27177 49905
62405 94705 15364
62480 92406 80945
62486 42925 42845
62553 91660 46087
62611 72752 44476
62625 44199 18838
62638 2474 31245
62688 54773 27722
62692 39026 96992
62818 45187 95923
62866 54267 94724
62877 74828 91764
62880 99401 73491
62969 65081 2891
63010 36679 82006
63026 15457 32478
63060 43897 33661
63068 14883 56846
63083 37966 39435
63087 82975 41998
63139 62649 55565
63140 50894 4455
63155 20746 95545
63174 15581 24532
63185 13314 82151
63204 29968 29751
63204 70086 39493
63212 71544 77622
63316 44659 56278
63410 92535 95627
63416 83593 37075
63428 32247 52660
63450 78619 73792
63479 56044 84248
63536 41940 13341
63658 22674 99642
63658 37388 69854
63659 95123 15758
63686 12025 28178
63726 72133 8159
63774 7439 36672
63818 38502 56141
63859 14731 80927
63932 17084 76477
63933 58862 89935
63944 25785 27958
63981 68192 2156
64008 49318 90059
64009 9978 35026
64109 91544 94756
64115 6712 17458
64136 65562 78005
64141 31356 92624
64144 94949 89289
64199 80764 45558
64221 27716 63424
64249 13791 5305
64313 45286 20600
64340 66032 52226
64405 77345 37198
64444 84281 78640
64506 81591 50917
64530 77115 82866
64538 55797 63024
64602 81316 87546
64617 36362 83044
64618 79053 22536
64678 43170 97057
64719 46928 33768
64904 12672 59022
64905 71703 91802
64915 71218 80239
64937 12588 73765
64976 17620 12696
64999 37659 6390
65052 3764 80141
65075 74797 83770
65119 55543 3505
65189 34815 89161
65193 63821 72902
65240 62188 74691
65242 52697 88887
65275 43738 4826
65414 73799 12881
65446 11829 30383
65450 20363 44879
65452 97933 69125
65453 66027 56106
65484 87401 71541
65514 12532 43604
65515 88350 94253
65625 14565 18167
65635 58580 88289
65639 51409 57808
65665 28998 78045
65755 54437 23049
65840 66205 33143
65847 71708 66105
65907 31666 79457
65986 14942 59797
66023 67729 4784
66032 89977 38194
66057 46737 32678
66126 19974 21045
66265 41496 66802
66291 47497 23538
66303 7604 86003
66305 37534 44892
66338 67859 96272
66377 90224 48280
66467 97040 66456
66506 72047 26955
66506 64061 29331
66596 91255 96616
66734 43792 22061
66747 48130 42484
66761 67829 28923
66769 91806 23533
66772 84241 9326
66841 54292 41964
66843 47472 53051
66876 90023 42662
66963 9033 27140
66974 15746 77111
66991 54692 51805
67003 25506 12227
67008 28386 66302
67019 3593 53911
67065 66756 52483
67107 69141 31320
67187 62744 67292
67189 73781 73323
67191 39240 1721
67191 30263 31915
67235 85798 88827
67237 6958 16201
67239 62204 11785
67239 41899 13545
67244 85031 89576
67293 84518 50229
67334 49821 15030
67354 6243 77269
67357 55886 3343
67377 23510 91553
67395 61025 99132
67414 66164 25761
67427 96997 62390
67431 49506 59427
67494 34978 49275
67591 60548 33835
67634 752 62797
67635 59149 7577
67642 4062 28511
67668 53128 31658
67684 19988 52004
67705 79383 13868
67708 92400 30989
67743 39744 80664
67753 71427 94509
67769 56001 98535
67777 72559 25154
67780 89437 47243
68003 41784 4050
68032 89766 30445
68079 6607 31402
68099 1678 46850
68099 14333 74911
68149 4135 99218
68178 95399 39297
68190 1476 5994
68317 61252 60965
68419 37697 86394
68483 15611 25848
68485 10005 59176
68527 18551 80435
68533 42120 71588
68607 22354 88608
68645 53989 76850
68671 42359 4510
68769 79974 85229
68792 29448 91088
68816 71173 49562
68830 55586 17038
68857 91132 25326
68861 435 78936
68924 96958 29290
68954 51741 21892
68970 9230 86489
68983 50320 7493
69075 53686 25847
69131 85406 16778
69169 57819 34275
69240 74920 4118
69282 83862 57931
69287 92033 57469
69314 51342 4523
69360 22553 84028
69398 78163 7978
69405 71521 62597
69423 62418 40611
69444 73437 59264
69490 29612 47470
69524 39610 79737
69591 4532 98273
69593 13433 19029
69608 89493 89685
69630 3062 29649
69689 78143 18874
69702 66540 46584
69706 80907 96434
69707 14455 80928
69711 35168 16474
69718 3527 5500
69727 12601 41428
69734 94021 15505
69738 56696 41496
69768 15488 90844
69770 75715 99561
69809 32069 93222
69812 9761 3654
69849 74204 78523
69952 66168 36318
69959 56689 98524
70030 34985 42170
70033 97472 44311
70160 74019 52510
70166 80993 45931
70170 72490 11368
70263 77919 52888
70267 10638 98018
70297 14210 26390
70325 3013 36432
70430 15913 71206
70489 16312 24636
70514 82274 76969
70530 42644 80642
70566 54903 98476
70576 29665 97974
70592 34546 83927
70652 11095 41202
70677 27434 64476
70719 80407 10551
70734 29878 19642
70756 27270 63843
70762 9713 62034
70783 11724 81392
70828 9647 78714
70848 4672 88219
70852 8459 12752
70878 72971 15047
70916 24777 60630
70925 11197 64831
70926 14283 45731
70983 21843 78433
71001 5377 25832
71015 96026 33200
71052 87155 46732
71066 9494 28162
71155 13926 99658
71194 88642 39069
71227 27964 19646
71267 69627 72433
71285 63820 70172
71329 28498 5993
71529 62263 23403
71557 50963 10172
71585 93668 20622
71620 52442 75133
71621 94227 57911
71762 46788 88676
71771 83954 18544
71887 74183 1999
71939 15902 90125
71978 69985 83347
72061 94683 69798
72061 44435 61103
72104 28807 43445
72153 98772 59632
72217 66500 22466
72233 54114 50340
72282 26490 4396
72320 81738 91983
72336 64383 74105
72363 86051 19207
72378 357 13577
72378 19253 67690
72383 40892 88173
72430 82581 49334
72449 33400 97289
72513 97663 74060
72557 48631 51557
72646 44810 78539
72669 24984 30935
72709 54414 47795
72765 82444 60514
72804 78319 46284
72857 32067 4043
72906 33553 2804
72918 87741 63393
72936 12822 84153
72986 14167 13164
73083 92935 56533
73169 42689 43752
73361 42469 82616
73383 13042 42310
73384 49209 85481
73413 48806 87251
73420 17069 98981
73432 39856 33862
73448 62877 28843
73528 74926 70839
73572 59494 82
73662 90689 67976
73729 83149 31279
73736 70708 38331
73748 68705 49348
73749 65458 12502
73842 72754 81283
73861 54699 95442
73915 82111 81683
73969 99325 88255
74008 37802 87357
74089 85250 89905
74097 68658 78172
74107 23662 68648
74141 8078 84525
74176 45816 91874
74213 88419 92589
74234 852 19346
74260 55714 80668
74276 41688 33175
74285 96506 34705
74323 81208 16639
74340 84007 77208
74345 46802 82738
74350 88659 72283
74365 64432 91446
74426 39264 76971
74434 26122 25772
74509 67352 75679
74510 66434 5207
74526 70357 26583
74537 39041 61017
74540 41514 20302
74598 14604 8794
74603 5100 47602
74617 61605 22987
74638 61278 91906
74707 45332 53992
74727 27258 67520
74728 30913 38431
74742 20089 74836
74757 67215 14071
74765 21756 51635
74770 81076 47406
74798 92361 63634
74836 81757 84828
74843 12760 69926
74846 94799 71928
74871 52815 64807
74922 43277 29608
74943 70819 93049
75109 21515 95311
75140 8399 50474
75212 60486 20426
75224 98110 83852
75269 95352 4015
75275 24216 64475
75276 94038 23105
75284 43532 28935
75299 79188 19323
75307 21127 10823
75341 17459 8804
75420 16367 63547
75425 51190 60652
75428 83662 97980
75442 60689 94430
75465 89952 16343
75472 88171 38202
75537 96976 26605
75546 80380 9003
75551 27879 59793
75640 69828 84870
75651 53591 48776
75697 11681 27444
75711 52338 53639
75719 9077 41026
75753 35809 12241
75839 75062 38183
75853 83694 79496
75854 85716 63483
75864 33674 37595
75879 16772 66338
75905 28689 21126
75931 77417 15589
76059 55207 34431
76118 95783 89928
76146 60952 85274
76182 16226 77417
76188 37522 50470
76219 52390 30325
76234 64021 72591
76235 10008 24502
76256 5760 90139
76264 41466 4010
76280 27945 10714
76335 56765 48446
76340 66657 34106
76359 227 37233
76372 80143 32560
76397 47943 14660
76407 6449 97785
76457 80730 38825
76484 42022 67654
76516 26801 6707
76546 19556 43244
76554 94095 40522
76574 16366 41015
76585 92211 5704
76612 66651 87876
76664 3690 66472
76701 75496 72365
76744 32849 15838
76779 52451 29136
76789 35884 88695
76803 1970 57984
76808 69813 48243
76909 38323 83755
76928 48398 49313
76988 58284 75444
77009 50722 58558
77053 45470 83498
77060 71152 91388
77082 38158 22602
77097 1205 87403
77105 98604 7497
77208 17129 97325
77242 73608 44604
77306 15547 67088
77313 21430 86834
77316 58873 41212
77341 13667 72519
77358 28126 34225
77369 27665 55022
77445 45382 35033
77469 75749 5829
77491 97606 27259
77605 16825 46268
77643 44970 69941
77670 47555 59081
77727 89897 67237
77812 87263 74191
77826 86844 66882
77853 21513 38101
77877 50101 21406
77919 79169 35081
77933 79178 90684
77936 56411 40437
77961 43610 36672
78066 47833 4664
78071 51514 38609
78082 70100 76174
78118 96541 85150
78138 3082 52585
78145 92388 19087
78159 93283 48318
78229 20369 82002
78257 88830 60748
78263 12684 14528
78276 72946 50187
78286 50987 12634
78298 5031 45303
78366 35367 39202
78372 71769 41703
78375 15574 42555
78393 47585 98636
78452 93191 67313
78464 81950 21845
78469 21303 93852
78488 2508 59673
78560 26058 51956
78722 18842 32660
78754 8545 71692
78759 16495 87069
78786 28865 79214
78792 58675 77772
78819 99637 24546
78904 94780 8931
78928 40227 76003
78980 90057 79340
78982 90544 44371
79015 87875 12682
79046 50133 98692
79048 53222 99783
79072 55593 54823
79152 78299 11176
79159 90990 92263
79211 67202 98071
79229 52267 78715
79236 58973 16977
79250 72453 12600
79273 79273 33147
79372 62332 92477
79374 31460 18410
79410 51517 7927
79450 64428 94950
79456 26617 44421
79470 39395 60164
79530 86275 7204
79569 65844 38867
79609 81128 25118
79743 44745 11622
79750 37203 24145
79782 33324 95184
79797 29970 3534
79834 15203 19659
79891 50898 36426
79933 42800 39399
79989 23893 42994
80012 17325 57267
80094 51812 68042
80120 46788 86528
80132 20639 25528
80153 88960 30370
80172 43364 13856
80202 68403 69628
80243 29827 61429
80399 25083 59168
80403 80439 66159
80698 81482 30014
80852 8081 39296
80879 63241 8023
80977 62355 94152
81002 66329 69815
81061 7822 62625
81150 46874 15429
81154 21424 74254
81193 65285 71468
81199 8399 69757
81220 60282 28188
81275 11431 18467
81290 94271 96796
81291 95013 66001
81348 74277 63512
81380 80414 71874
81415 23216 20319
81458 40843 25137
81475 66743 98545
81486 27032 26584
81496 51576 1925
81504 47368 82032
81521 71039 9740
81526 58109 32428
81548 7706 50439
81548 55852 93220
81594 49632 42532
81660 85203 45918
81678 6404 58188
81702 13440 94776
81738 25477 43849
81764 22268 47297
81783 59345 13761
81819 79930 37031
81855 93338 60592
81880 60158 76078
81952 80340 23093
81956 87888 73507
82006 97703 64330
82045 3586 58189
82107 86984 45349
82120 48696 63097
82127 52256 87460
82141 46060 21160
82145 34050 67933
82206 52186 51394
82220 3717 72200
82381 1164 3002
82416 12302 27443
82446 29288 91235
82473 10413 66364
82484 11188 85173
82496 9828 61381
82521 91906 84702
82526 53097 26121
82547 62203 14006
82551 8175 89008
82558 74798 94899
82585 38557 75020
82633 69812 47534
82673 11902 17776
82704 99422 35494
82741 21881 94884
82742 91860 16897
82810 29227 41123
82846 24700 18490
82894 57518 67744
83000 37255 71840
83274 1221 52573
83327 60347 28432
83353 55182 48378
83404 84754 11379
83445 12710 99070
83477 99618 75452
83497 33684 56231
83505 62614 73751
83614 44619 45689
83622 29698 87353
83629 43218 98537
83697 59487 53746
83738 98125 26611
83783 64349 19457
83815 25772 19857
83817 69799 95827
83902 26292 87312
83948 34399 41892
84027 7506 90121
84034 68492 9823
84048 55848 64372
84053 93733 29350
84109 78877 79144
84115 1063 48874
84128 3484 95997
84138 84855 89686
84161 6998 77884
84170 95430 70321
84180 56608 69607
84185 96645 79093
84210 29285 77505
84226 60655 53007
84252 7720 3711
84253 4295 47704
84286 70640 5443
84381 88195 69396
84401 75349 98242
84414 8286 73581
84438 45095 54207
84463 9660 95600
84495 766 45163
84529 12582 93676
84534 815 24535
84535 17716 39433
84537 35421 79936
84546 59394 70042
84582 83491 35560
84695 79413 86990
84705 32432 48701
84714 58103 2616
84796 15976 45335
84808 25777 74300
84826 59471 73336
84831 22681 83425
84865 13920 11797
84959 37936 8751
84965 15221 12615
84989 72586 58794
85039 55696 22322
85046 35762 35748
85063 62775 11161
85146 65583 75243
85188 46370 24751
85237 99972 92963
85371 98155 22058
85386 1712 68048
85438 28418 10531
85473 32592 51538
85557 41302 22582
85612 84219 58547
85619 71542 1821
85659 82266 34145
85666 44466 11804
85677 31345 18453
85724 17662 45940
85728 61931 17296
85743 61852 22790
85756 2145 84885
85820 11548 51817
85878 15203 58174
85911 87726 29984
85936 69056 77919
85968 5828 27039
86001 63232 40206
86028 6641 85602
86033 37973 22920
86043 4853 9986
86066 89641 85166
86104 91195 76463
86133 30754 18127
86140 50435 95670
86193 3293 36084
86199 51434 55595
86204 92930 40444
86219 74031 87171
86330 41307 93081
86330 55646 84801
86433 8761 15896
86435 53501 27641
86437 79808 82828
86457 67271 13365
86523 34549 31902
86543 42943 62233
86555 81671 92662
86559 43932 63693
86560 62608 9761
86575 25970 11661
86581 79248 1135
86656 42264 86973
86689 55573 5005
86723 1067 32091
86741 33378 87943
86751 15803 31738
86768 34318 47955
86783 6307 97275
86785 4510 6607
86837 56098 73056
86846 43969 66214
86873 69790 36865
86880 44476 97168
86942 50340 81104
86973 52110 46153
86984 11285 23222
86985 38616 90252
86995 88967 97098
87012 92579 18341
87307 46094 4608
87336 98918 79331
87348 14857 15595
87360 1926 6989
87400 52785 33179
87415 64332 79002
87422 73906 83910
87428 70975 34379
87475 27995 14836
87489 56954 43519
87491 29807 94545
87506 63554 87517
87519 9048 2956
87532 24700 40279
87593 33053 8905
87597 27670 51980
87613 2879 86846
87615 37123 43334
87654 812 96689
87724 70249 76962
87727 83152 94096
87745 12717 40691
87774 48563 13156
87777 96349 57506
87783 81816 91955
87820 51865 76830
87824 91655 7928
87862 33318 75361
87870 38040 58458
87896 51333 55941
87939 90704 99355
87991 25221 76747
88037 26811 89312
88056 81484 46314
88124 46883 30934
88199 18178 69594
88213 54945 84757
88237 9304 34343
88256 99276 83966
88257 62299 54497
88270 95404 98705
88273 5206 23383
88281 40074 35757
88287 47779 5509
88287 34871 73218
88293 9857 80181
88344 29359 13546
88344 38608 57159
88350 82656 47155
88373 83046 86578
88392 30903 27368
88405 37721 45162
88452 75952 57397
88480 63265 86534
88514 57688 49640
88556 72488 73233
88619 4431 40598
88656 67540 19612
88673 30244 54166
88677 54314 59376
88692 44629 87092
88707 29985 56294
88728 52042 17844
88818 92415 63572
88889 6183 9455
88945 55850 9768
88981 734 42375
88985 16145 25685
88987 43641 78355
89004 73392 33306
89015 84118 48624
89021 50776 69792
89088 15494 94816
89103 39102 83669
89122 30958 79858
89123 49468 16406
89133 4731 10923
89152 97053 5298
89255 71744 47086
89259 88163 29112
89269 51679 81996
89276 87258 89723
89279 98203 42298
89286 40811 68264
89290 27742 40703
89371 96112 65858
89381 61075 23906
89387 57162 3163
89463 63152 44290
89474 74314 72175
89493 24119 96449
89523 50995 37355
89528 99595 5220
89535 11249 74087
89549 65910 99484
89588 7049 14971
89597 25348 15878
89601 42675 73416
89627 89239 69054
89679 42590 26848
89680 73978 72396
89688 34799 55947
89706 53347 3367
89750 66464 34152
89758 78621 92561
89764 86710 62472
89775 65905 14124
89820 57354 78485
89825 33815 13918
89832 79721 41441
89840 58543 16420
89880 9834 73689
89919 2838 6276
89923 78911 15584
89931 45677 9432
89935 86963 77917
89945 50085 72644
89951 59244 98574
89951 27093 52318
90034 72723 18335
90045 3157 99126
90068 53331 86746
90168 57434 9926
90179 64783 3935
90193 18291 34620
90201 13567 55691
90235 41318 11101
90270 15302 54540
90288 30446 66210
90293 55677 71667
90324 18870 368
90343 47075 91030
90347 47776 80621
90372 5797 1494
90374 20791 38357
90394 1935 66232
90397 87263 47494
90408 55254 57280
90537 33042 61320
90552 57788 54628
90554 63138 60928
90564 3871 99472
90575 56734 99985
90605 86781 66191
90606 19366 70040
90622 7334 15035
90756 94033 77509
90841 45542 7661
90859 56118 14076
90872 55570 86267
90898 93113 70526
90975 75215 88218
91036 83136 30413
91117 69327 76987
91125 98752 25043
91152 89 58175
91161 88923 36460
91161 96643 84343
91299 97215 77579
91333 79907 61127
91347 80791 11690
91403 54671 3189
91452 77690 11601
91645 47069 48164
91663 89774 72248
91802 39530 70156
91824 16253 89137
91969 64332 20936
91987 77754 17456
92003 49685 91063
92027 87649 11513
92059 6786 84434
92093 32760 88795
92134 98766 55870
92167 30194 84912
92223 78050 65100
92238 62518 4964
92245 17621 24606
92277 90950 54267
92313 99768 86573
92342 6431 386
92349 52932 71916
92397 94661 14994
92409 28251 73831
92416 58549 43377
92456 85437 19357
92571 50299 57127
92610 89895 8982
92635 76076 9964
92667 27243 70056
92675 89330 31332
92714 12787 2444
92735 19687 20259
92779 70084 45899
92838 36375 88005
92924 23003 47333
92983 74043 90234
92998 8353 3197
93025 73997 60102
93030 7375 76080
93054 39733 57725
93068 54217 76139
93095 95642 30728
93169 68459 37980
93186 92024 81349
93193 79598 95194
93229 8497 80174
93294 56004 32710
93304 20622 75721
93311 11654 48773
93313 11757 15962
93325 3893 18632
93358 17625 74799
93369 70192 96466
93415 78828 86605
93433 3852 641
93444 8513 45615
93487 36417 17190
93500 10574 16098
93515 67612 62919
93563 51304 1942
93566 75251 78864
93568 91682 32778
93648 36627 91628
93695 91494 85165
93738 61534 19395
93777 18341 55452
93818 78730 96851
93862 73338 41842
93928 92205 96996
93930 11557 23950
94027 95664 49658
94038 26079 54535
94048 6433 56056
94117 77823 54898
94139 7183 25425
94208 88356 70395
94274 45741 1634
94306 9191 10879
94335 98832 88448
94347 8724 83821
94408 12403 80978
94415 14117 75239
94452 49673 47270
94713 87471 39956
94765 67059 49587
94803 77078 76502
94822 85262 2748
94843 27732 89104
94869 61534 56768
94870 45749 7986
94941 15083 25452
95010 94460 45294
95020 7874 44285
95035 25298 74839
95081 77215 89474
95109 49058 63065
95123 60993 6710
95243 79722 98471
95295 1540 37180
95398 2674 91324
95528 59181 65335
95566 44036 39466
95651 19943 82934
95659 7288 82717
95660 13464 1497
95683 55835 44280
95745 10479 40872
95812 11339 56524
95886 5639 35039
95906 14298 70449
95918 72489 97550
95941 79984 81628
95979 42209 44791
96037 83219 86856
96073 10319 58692
96154 75854 1258
96186 2438 68236
96221 8126 96611
96229 21029 84197
96248 23520 61888
96277 7469 32406
96308 17082 98620
96311 81270 87901
96358 72482 51635
96466 31264 9906
96489 29817 13611
96605 88322 46372
96635 75180 26
96668 95664 13776
96692 72554 19360
96752 61047 94976
96818 46544 87439
96850 2668 8627
96883 32811 47026
96917 64712 95935
96920 19032 78291
96972 53485 63041
97028 32830 47348
97038 82434 18657
97076 43961 69563
97122 83793 8944
97126 15384 58864
97145 50072 4049
97202 97687 45615
97232 93823 66692
97242 13040 96074
97246 55758 40592
97261 77865 32177
97307 30522 31531
97356 88600 91532
97375 4629 58317
97386 43533 12134
97414 23604 18618
97525 15119 41473
97541 47941 5059
97593 86363 30299
97598 42050 21631
97676 9572 27668
97735 67522 52997
97789 7100 89677
97807 56250 14453
97828 24975 59921
97834 45110 99788
97863 2494 48346
97882 74341 81950
97900 42341 33843
97909 28813 10796
97933 50631 59224
97955 80118 28678
97974 82320 4689
97975 86845 98510
98000 54695 6619
98029 919 60970
98044 50754 95703
98067 70538 47734
98123 41627 4179
98223 74171 96410
98233 46024 34883
98273 26200 88507
98334 6042 40279
98366 33463 70287
98424 39429 69701
98425 95307 6278
98483 49740 22368
98492 52234 85307
98510 85293 29300
98512 11677 99078
98528 86352 69276
98534 20142 47752
98575 36865 59656
98612 17249 42879
98642 46619 87573
98686 75216 48006
98691 36126 56142
98704 64804 95052
98727 68160 63414
98806 95017 60577
98808 55808 89535
98811 72038 76436
98819 31725 25588
98841 688 18817
98863 80671 74840
98948 59655 40397
98949 43866 2449
98983 48346 73109
99014 59964 2905
99029 69887 98368
99047 19178 39231
99073 83216 21584
99154 77087 15853
99165 1067 14851
99175 88345 20302
99215 29790 24353
99251 57284 40150
99260 7632 579
99268 93709 44807
99270 46518 40389
99280 17913 95766
99333 2993 62275
99340 8015 4543
99360 88872 24463
99378 22679 44920
99441 39301 93105
99499 18981 17290
99509 39863 1448
99552 72753 3689
99553 9085 85464
99617 5740 99792
99665 89241 28504
99697 34239 82896
99724 4293 23669
99780 80274 82913
99780 60309 6732
99891 56329 55781
99908 39688 86284
99966 1853 59760
99984 38725 32514
99996 56356 6953
