3000 1000 34034 58393
99 35538 57642
144 36113 72534
218 42732 98123
236 95433 64175
239 8451 94972
281 3112 44011
300 75802 22205
300 46062 44694
355 27608 91754
367 25901 39352
375 62583 44203
411 18943 5071
426 33315 89967
457 62243 19480
482 26767 97022
492 36742 46038
524 126 64319
595 37021 81081
655 5193 93331
864 52557 65809
925 22470 43632
927 56574 3728
973 21417 4838
1006 59717 38842
1037 26792 680
1045 7082 91900
1071 51006 48655
1116 50599 41178
1137 30778 79223
1143 37521 56016
1164 64291 60618
1169 7889 53918
1189 52690 83448
1206 49408 41798
1266 71549 39780
1287 7056 87176
1296 76070 55717
1381 97446 71184
1476 1979 60281
1525 74872 4511
1545 72475 70547
1649 90550 10940
1707 66040 54574
1717 80013 86555
1762 14568 12747
1784 31135 99713
1814 90980 14371
1816 56673 63780
1829 13013 89100
1883 31788 89357
1899 16696 11350
1940 60043 98491
1990 97267 33488
2037 67555 25365
2046 80254 68395
2066 87392 39639
2084 76867 30302
2135 87254 82074
2180 63111 46704
2188 11687 38202
2226 61254 72908
2241 787 56371
2264 33359 89212
2264 17419 6682
2281 74634 50026
2282 16323 40670
2328 20888 26529
2348 89828 53745
2381 84188 26597
2397 91378 48550
2456 6241 60548
2477 30238 34564
2487 26356 77790
2543 17013 31330
2559 93195 97419
2580 94856 9052
2597 715 46956
2621 52023 11298
2627 84336 2073
2630 76329 13369
2632 59689 37179
2632 16609 55479
2643 54977 19221
2651 98952 63482
2690 39697 79018
2707 38889 39520
2759 62969 94715
2772 63088 56456
2773 67029 9820
2795 30798 50178
2819 6196 23719
2825 66525 19104
2883 91788 42514
2945 20868 96969
2958 57025 78807
2963 75952 93017
2968 1722 54290
3086 22318 28445
3160 11253 39494
3212 33623 38927
3251 92683 25804
3261 11085 84054
3373 4249 17577
3395 54563 30779
3474 86220 75416
3492 75592 10127
3520 74481 47285
3662 44098 78649
3682 10662 73665
3717 26091 59122
3718 5210 34113
3740 24814 91805
3785 90712 31784
3791 87237 88336
3803 69301 93575
3818 1064 55081
3863 59216 73482
3865 7628 28383
3865 94625 33709
3865 39729 62784
3872 20539 29838
3881 81473 71512
3917 1409 64916
3981 91526 19770
3991 49654 9274
4064 15457 34340
4152 85345 57477
4161 66177 55441
4166 87000 55693
4201 24733 2102
4270 60544 2414
4291 67067 27312
4320 50452 6593
4323 10214 7899
4373 43271 82258
4407 76749 69136
4410 81448 56299
4459 19588 40565
4476 16510 11208
4571 78303 77741
4599 48370 52391
4629 13251 10809
4632 27274 60362
4657 77854 31045
4728 95496 61566
4738 83981 99572
4749 19967 17266
4768 34882 4866
4785 43019 27743
4796 63333 99265
4856 81470 77449
4861 11915 71013
4868 17596 36513
4870 54977 13994
4871 47216 76327
4895 6081 93771
4917 53992 71426
4987 95835 58542
5007 60682 42600
5034 77930 7221
5035 29462 48430
5073 180 57349
5128 49785 66622
5136 33235 83462
5179 16321 36188
5184 61576 56609
5198 85181 20833
5200 59002 1556
5240 15899 6082
5293 12478 14800
5322 11624 47160
5339 75829 34829
5356 13897 32808
5377 89791 72532
5417 20520 95853
5423 33703 40539
5494 46964 33444
5526 53021 11777
5544 17048 19612
5581 66859 99822
5607 54560 25219
5614 60143 36543
5661 74297 14181
5724 99386 49780
5755 66985 85075
5756 51716 91130
5779 53973 33432
5780 99492 42372
5795 68574 86820
5800 97641 30220
5807 11588 27822
5839 14116 1775
5885 58282 16245
5906 53820 11503
5915 17750 41900
5921 28640 30217
5978 85215 14767
6005 76089 12280
6018 67056 97436
6113 9295 92378
6136 85844 57982
6177 47326 60038
6193 37848 60397
6292 26510 26659
6346 52768 68260
6454 95278 31972
6478 43603 60521
6565 38735 90664
6569 71215 33735
6583 34903 80258
6589 3059 72456
6640 98145 56925
6673 18831 14510
6677 38268 18203
6703 38720 68587
6720 92799 98805
6780 94942 94792
6840 25737 36167
6875 27573 74794
6900 11007 70846
6916 98065 34638
6940 8137 89289
6966 59312 77792
7032 13076 20435
7052 32420 43494
7054 15439 35740
7060 271 92574
7087 39695 91429
7131 28669 4837
7144 46725 50088
7166 99527 15477
7166 677 70151
7325 77418 82701
7326 90676 48005
7362 77221 53315
7365 28891 15835
7421 41700 15868
7432 42331 28044
7476 85989 80527
7551 83850 68722
7560 41400 43764
7594 36257 41669
7623 41839 41935
7767 59825 52346
7796 99593 83784
7892 91705 39636
7906 3315 81403
7927 98765 55759
7993 23386 39037
8015 69078 62439
8031 9763 20943
8078 15037 52178
8080 48291 19566
8090 97814 9694
8105 35079 37876
8105 95427 7176
8180 85919 31195
8191 4326 25396
8201 5545 669
8228 25003 47363
8234 62533 91111
8242 38109 62099
8273 60213 13339
8324 35898 12977
8337 45894 16548
8347 27369 18539
8351 30387 18833
8394 97319 24151
8405 13169 18440
8503 87127 65416
8575 89159 64322
8579 5422 82994
8586 19505 35266
8598 65211 13138
8623 79952 19152
8639 21799 7780
8658 75811 7522
8667 47747 36174
8692 57350 52373
8732 66931 30261
8736 23583 66224
8768 34099 90663
8778 22959 16442
8832 37453 86860
8832 39985 31050
8883 9785 26634
8917 99986 56733
9016 46426 30446
9046 15160 42642
9053 55183 52999
9069 7912 9440
9083 3275 3706
9090 23953 62665
9134 86887 10232
9137 90332 73418
9149 65353 71683
9195 91011 26622
9292 5063 48666
9297 36323 37583
9374 17699 87967
9418 78593 90057
9419 2339 22471
9449 86343 99443
9478 19488 26149
9510 44583 22474
9528 71713 21317
9555 39616 97869
9609 40165 84668
9634 87259 77162
9649 48203 27937
9750 54618 61860
9791 52687 49974
9821 47502 72997
9938 53919 54676
9948 64214 90236
10093 64589 28906
10105 14713 57079
10127 21154 27475
10144 42147 28073
10168 43264 199
10225 92319 73757
10258 90298 68635
10276 32333 56510
10287 95486 27940
10311 28107 42299
10328 28512 27995
10335 55957 42120
10365 52507 10442
10393 52992 13375
10411 81854 98884
10448 42866 49243
10457 83632 24572
10493 30699 68495
10531 67999 45468
10556 45303 26780
10574 9462 56642
10676 54366 31529
10691 43243 40927
10710 72606 96348
10762 10266 14213
10772 12876 30755
10815 38760 60100
10836 71664 36761
10839 37759 6507
10839 90380 38247
10857 1744 62734
10876 29084 76562
11012 3956 25946
11053 38517 74243
11089 40740 44445
11102 75870 33000
11133 15081 84163
11231 20740 3781
11247 55249 12181
11260 58791 59730
11316 2464 56488
11357 59171 83918
11388 70675 83279
11389 17550 1689
11429 74414 7343
11433 52222 30899
11498 96583 63832
11502 69312 13357
11546 4312 58622
11579 88722 15919
11633 71751 77715
11649 31710 88704
11696 92678 79463
11700 51646 64955
11709 44444 99344
11739 59745 64943
11769 71669 2595
11790 97004 12011
11836 4693 30563
11906 84274 79098
12001 59118 31781
12011 79135 89924
12014 61866 34930
12017 77055 96633
12043 29463 38168
12049 52053 10300
12081 91563 31609
12096 18693 21983
12108 36194 28026
12112 52676 55921
12127 96100 90566
12133 55622 64282
12147 45198 31519
12215 50387 91573
12254 93959 49793
12261 18972 60961
12279 61498 4467
12329 98138 98180
12384 9279 5997
12387 71548 2703
12507 63199 7758
12535 54219 10913
12555 76298 73632
12556 80246 54965
12584 40483 80426
12584 38438 84455
12596 43397 81593
12603 51331 43451
12664 70705 42435
12692 93464 33177
12707 67740 79107
12709 98513 54736
12711 80301 97551
12726 64978 96141
12729 27021 87981
12814 28696 80718
12832 25165 52039
12963 47815 11674
12980 80055 68608
13022 9901 26421
13029 61769 88454
13048 78596 99870
13200 406 41487
13202 32797 22174
13215 84112 21561
13234 65376 78583
13259 49974 78698
13274 42146 4909
13300 77017 62373
13320 57410 90836
13405 58639 53358
13419 34215 70941
13421 66086 53339
13422 96936 84002
13427 12946 30627
13461 23707 9660
13474 80003 8000
13518 88304 62001
13525 10026 15629
13612 38888 17743
13616 59149 40309
13666 64068 64230
13687 44973 43450
13716 70746 4793
13730 90083 62211
13739 882 8347
13746 85702 92000
13778 30826 86045
13780 31826 39437
13811 19352 79228
13850 21057 42867
13866 49227 70696
13874 45478 62436
13884 43600 40187
13899 5645 65577
13958 90598 51757
13961 73920 2353
14010 5032 89878
14016 23833 36457
14033 19979 90630
14034 74905 83439
14040 44534 18617
14087 20035 53223
14115 47672 66674
14166 53683 95651
14169 12719 78312
14188 23559 20737
14255 70154 38095
14257 25094 37510
14281 33005 955
14348 38089 2339
14360 93501 47507
14384 53483 49000
14407 83211 72109
14447 42847 76013
14463 79454 5602
14479 91231 54462
14639 59809 10891
14658 16185 92282
14752 83821 37947
14841 28494 81832
14982 54292 13360
14985 18588 65440
15038 80504 66281
15045 5358 3388
15073 72542 94160
15074 30754 18066
15087 53598 80490
15145 74374 81398
15175 31623 73646
15188 48025 1967
15223 88689 42956
15259 22028 65630
15315 98343 22604
15317 41489 5878
15320 88692 51229
15351 10667 24212
15375 36251 35832
15377 36426 23499
15434 33053 74150
15456 96850 57882
15470 9958 30987
15518 29331 29615
15599 20990 28146
15640 2775 37773
15745 37208 17924
15825 93606 78208
15832 95552 27344
15868 71702 41451
15926 71464 88516
15950 23319 98010
15975 20656 28061
15986 29095 21498
15992 69332 29474
16023 21342 32788
16068 47311 77236
16105 62876 88598
16127 85280 47430
16244 87063 80886
16257 52316 86666
16286 49992 4260
16294 34836 53109
16413 70008 65872
16543 1297 3432
16597 94214 23425
16650 69735 42467
16672 48086 58435
16691 54050 30851
16694 54646 18280
16717 8666 82130
16802 21560 8295
16810 95745 78860
16854 93330 33992
16857 43242 52518
16893 91927 64594
16937 84662 57317
16969 83569 19870
16993 69197 36862
17020 91231 45523
17181 18362 33889
17254 63254 5321
17261 29035 38183
17286 1520 66614
17324 42282 99524
17407 5093 13422
17408 61320 87681
17446 49492 83014
17497 1503 82081
17515 4074 80335
17525 49438 67537
17585 26097 57474
17710 8780 59206
17713 206 22589
17716 63773 5687
17756 71376 12846
17762 20418 5560
17804 30848 50311
17826 28111 57885
17924 48987 4304
17928 25946 30321
17956 80815 42291
18009 2961 24709
18112 75370 87619
18112 46989 59740
18114 73162 49066
18125 99711 65019
18135 34645 21557
18153 85819 92203
18166 58157 74857
18171 45704 17210
18238 46081 65059
18277 49432 30878
18282 43598 8049
18340 92418 82473
18504 94030 24771
18555 22001 26775
18570 5825 60315
18571 72385 69432
18616 19900 51954
18632 95615 51282
18664 80116 85717
18672 40185 25460
18684 72699 65850
18824 30985 9001
18824 51240 15404
18845 46991 27203
18868 30268 21248
18940 37317 91293
18949 66394 72644
19021 94794 16311
19023 64984 85269
19052 56314 13268
19054 30969 8487
19109 73164 60594
19141 85603 18255
19141 49021 15697
19239 1913 96781
19264 95561 81864
19295 17415 22504
19305 98328 41847
19306 46059 10549
19364 30973 3041
19399 3243 1597
19479 31881 40847
19487 39669 77927
19500 11090 41823
19520 41647 98311
19542 61404 49329
19587 28846 93445
19657 97562 24818
19725 26915 36849
19737 54274 4128
19767 91583 33255
19864 29718 76481
19949 49747 8873
19981 46351 44912
19986 72607 71254
20032 61665 80505
20065 5263 63693
20129 38442 42340
20187 8182 19734
20191 36980 24869
20363 19056 74489
20443 64217 23744
20487 52024 43015
20495 34228 831
20545 32421 94868
20560 14414 92101
20564 59280 83091
20593 90229 45205
20619 48294 65787
20621 12557 25510
20628 51928 68866
20643 50061 14741
20681 8233 88732
20682 94311 25054
20685 47225 47086
20751 31105 71123
20799 38191 69167
20814 44867 39295
20832 54108 86116
20841 10556 26955
20875 58151 9284
20890 5803 54084
20930 63643 68327
20971 67063 41735
20992 20031 21902
21023 96447 28263
21212 44673 4398
21222 25264 14926
21281 98999 76620
21371 18903 8703
21380 47756 94728
21424 97800 24183
21448 93579 57804
21512 16527 93376
21534 75625 42029
21561 69130 41417
21595 79734 68822
21618 55916 58930
21636 77700 90973
21650 14272 80449
21661 20575 63967
21714 78647 12520
21716 28142 30950
21731 54563 22047
21746 20372 32656
21749 85926 28773
21810 27181 69941
21822 89552 36574
21832 46065 65297
21847 82435 71659
21854 55592 51591
21856 23648 71704
21862 16170 73350
21865 77212 19086
21872 53280 26424
21926 26933 65901
21948 15425 18522
22077 40555 10727
22098 49226 37607
22188 63803 80329
22188 40335 18554
22189 59715 34711
22197 6156 60755
22199 8388 17160
22202 70062 11025
22217 4642 43450
22223 28832 47584
22249 70896 12045
22328 91160 29226
22357 77537 71781
22396 92046 43788
22408 36334 70965
22410 28635 34009
22427 39982 60503
22519 92533 8190
22564 76479 9948
22567 50817 94434
22572 22770 329
22608 97682 97110
22655 59129 70955
22715 61119 42070
22797 92647 24090
22818 12589 27555
22881 59038 70551
22886 15341 87369
22915 87571 44789
22935 13058 62047
22969 39277 50311
23010 93419 90999
23016 42191 49072
23030 22394 64097
23062 44635 87621
23073 6799 36326
23086 39358 81283
23207 33217 12038
23230 1382 96833
23232 11314 66298
23288 29675 56351
23293 41297 74520
23326 62805 10382
23337 46186 13199
23361 84938 76531
23419 43231 18134
23441 99740 89110
23465 31077 89784
23467 50145 77867
23539 80240 26458
23585 55927 19129
23587 34088 62694
23601 58179 63354
23665 5758 10336
23678 41350 1524
23698 56126 83730
23711 16552 50547
23746 94293 81640
23760 57118 30015
23808 58493 3508
23827 27877 50031
23835 11906 95615
23899 29433 66099
23920 23510 60163
23986 91536 10979
23993 87327 30788
23998 17388 43515
24054 13009 20443
24068 71665 35113
24089 19283 88303
24163 17798 66507
24193 22497 48048
24204 70465 37272
24335 20054 59590
24368 18457 2814
24373 42348 44164
24385 76062 49814
24462 39380 96095
24508 55789 60675
24534 70085 37206
24645 38099 65546
24665 76792 83167
24675 31134 18055
24832 33827 83298
24833 22668 98203
24833 13157 67698
24889 93726 21458
24973 69931 67548
24980 2590 84739
25004 76948 38067
25049 51619 70372
25090 91717 28558
25092 9600 82831
25092 85069 67538
25104 99647 72710
25169 98648 65311
25210 71369 84314
25212 11429 52090
25234 99130 12891
25237 51360 40202
25254 20526 96657
25267 79463 21449
25291 68014 72119
25297 65710 9558
25329 60031 77208
25350 84709 86389
25350 12545 66205
25408 38104 32324
25459 90617 4496
25576 96726 6011
25586 98669 20374
25586 80406 79459
25586 15608 25284
25608 37485 13778
25632 73857 72065
25644 23246 83421
25645 86103 87211
25654 22747 94704
25654 43277 81415
25669 67692 24444
25687 66401 6610
25687 99490 28838
25731 2977 83353
25780 41430 60966
25785 37008 10420
25789 77077 10033
25821 98424 26945
25831 51616 53661
25852 72976 17882
25875 34039 58047
25924 83290 21002
25989 63856 1430
26013 55706 30185
26033 46550 7016
26066 32189 95692
26102 62743 28652
26106 68832 82197
26202 23942 59289
26234 83740 15704
26236 31976 8235
26236 72963 81345
26303 29056 23450
26363 99324 33886
26368 53074 98972
26411 52469 24524
26473 56146 37646
26500 74690 99676
26522 61488 29086
26569 28150 46271
26597 45766 32781
26620 96214 51094
26646 36877 50830
26655 37026 60887
26719 47402 97065
26756 65397 98808
26778 98018 7646
26809 72164 57892
26821 6065 91689
26849 15470 99862
26858 96524 34668
26863 409 56483
26908 10533 31664
26928 67290 16335
26931 98265 20486
26941 66346 95566
26965 17387 17328
27000 6795 5802
27068 81570 93255
27116 94819 98147
27148 93300 46227
27205 14576 10464
27236 62439 38988
27294 6304 22081
27305 24923 4797
27330 83494 65417
27343 26197 16627
27362 66875 13782
27377 32552 62153
27404 16628 94668
27414 4767 88535
27483 95300 8407
27518 76346 32093
27538 86590 52351
27551 80039 6110
27592 77266 8703
27594 1793 80965
27603 80951 35709
27644 77772 44635
27673 14450 84900
27693 16685 34449
27732 176 66873
27749 16234 64080
27784 4255 89612
27832 11975 31502
27878 61055 52131
27881 14823 40863
27897 87111 83285
27920 18275 68836
27949 29877 87016
27975 42566 57184
28004 64417 45960
28004 9171 81168
28028 57794 62325
28053 88103 17895
28078 64919 47901
28117 74331 6671
28117 41575 46013
28263 33150 47885
28276 14241 93625
28291 96200 89665
28306 29206 78408
28309 83538 2161
28320 33878 64784
28329 19337 22521
28336 10408 28732
28355 84177 19746
28460 64879 56602
28503 94850 6286
28503 70577 26625
28506 64480 61412
28530 15763 80469
28534 36851 37662
28674 60103 24627
28703 81795 73971
28713 88428 34350
28725 79561 33820
28728 14397 37389
28784 13668 79496
28788 68038 72870
28835 19324 33871
28859 96866 24728
28861 81286 49142
28921 43695 75359
28952 63843 70642
28971 60332 27340
29010 43141 7174
29057 35887 69563
29069 63978 51053
29078 91827 39273
29089 93796 32831
29134 18933 78819
29190 92923 50947
29275 89123 51558
29333 77994 66574
29345 80610 35803
29387 93500 66134
29434 30774 94971
29447 1792 44488
29456 11228 3320
29470 30573 38438
29472 29990 36573
29495 5831 69291
29527 80319 77420
29544 12362 24496
29552 30254 56835
29634 8967 53896
29670 3696 93213
29712 74490 12399
29720 89686 26355
29724 50352 2049
29740 57741 21117
29747 6086 15892
29766 40258 13926
29876 58776 40985
29893 8481 25700
29907 76609 66797
29916 75950 26768
29970 74891 88115
29976 95158 22599
30023 88003 24177
30056 67976 53862
30065 48995 82442
30092 92188 72788
30198 73773 96142
30231 32064 75751
30323 2625 24678
30332 36766 80893
30341 71994 51374
30366 5007 10187
30380 90381 69005
30448 82384 23854
30504 4383 48827
30554 55133 14927
30557 40479 1134
30568 80273 31813
30597 91275 75632
30661 43832 86221
30682 36801 43171
30786 45362 5929
30857 93822 24644
30860 37758 33861
30888 5095 38106
30912 60395 76668
30919 46184 76396
30919 57979 22817
30969 71855 96371
31020 99587 21096
31037 6701 96228
31088 68047 96700
31096 57314 76309
31159 90516 78062
31183 99685 53753
31185 82487 75080
31252 43620 36986
31268 77930 54030
31312 47458 1257
31315 62765 80778
31338 85384 33188
31367 60601 72583
31386 11242 89260
31426 57046 37994
31505 70815 89285
31604 21230 43312
31643 11322 80472
31663 64605 43074
31716 46592 84682
31774 40907 40752
31795 34508 14696
31865 96422 29757
32060 64795 29947
32069 63272 55654
32086 66943 1115
32087 27060 30665
32187 40442 42753
32277 25629 69135
32302 40252 55222
32390 47480 89179
32433 58571 71778
32489 92072 43587
32503 16415 83429
32512 600 99948
32531 78054 47140
32556 39081 28573
32560 93523 37949
32586 40616 13818
32608 71072 94660
32616 90906 62391
32641 4329 32688
32664 26493 96146
32684 22488 50213
32751 89162 96169
32760 42746 70661
32775 99136 49702
32798 82592 36113
32800 5094 48615
32940 13791 83274
32951 29225 5093
33036 62248 23054
33058 32773 83996
33077 89019 27005
33099 9522 57488
33141 59657 13519
33152 20643 28636
33189 74155 8772
33197 53550 21720
33212 48865 48085
33226 1679 64971
33228 27188 67851
33245 83441 66945
33260 88190 37097
33280 58147 17198
33300 44657 84248
33310 73081 30499
33365 64185 83250
33379 39070 71359
33435 71704 47243
33444 72426 60214
33471 74744 13003
33498 30440 11070
33510 75654 8916
33550 15136 61061
33572 6364 74318
33576 9024 32751
33586 83522 15365
33602 26273 48594
33671 38301 7579
33676 44308 77366
33732 94051 62122
33732 57365 41472
33734 13210 53498
33769 60316 65800
33797 20585 16446
33839 39875 2659
33926 58618 15816
33929 55627 94819
33933 77216 4435
33936 84136 70825
33939 78938 11061
33960 45230 94856
34032 51191 7206
34059 91909 10691
34085 37545 18705
34093 4790 25466
34117 71777 79532
34140 20688 20511
34147 89096 49765
34168 42436 24685
34189 32523 35260
34190 84711 89094
34232 55425 31216
34247 90519 56749
34249 78698 50470
34335 52045 18198
34342 35724 15404
34348 36353 19982
34365 23155 62667
34370 52216 16910
34390 68851 75647
34433 51161 81059
34435 89544 69822
34464 85194 4254
34503 8519 51883
34576 76499 85609
34739 20956 1473
34837 82118 67655
34878 67801 82277
34894 23622 89836
34899 78510 76382
34901 67376 24651
34927 17918 15327
34935 35835 58379
34941 34836 11808
34983 81058 65888
34991 91322 92869
35018 96882 58701
35022 56407 93185
35044 95295 53035
35062 67446 88603
35153 96257 13724
35200 15262 26439
35222 40853 51324
35313 99299 3111
35324 60738 61313
35325 87649 16636
35354 29440 34633
35359 90500 62742
35359 40539 3308
35361 41023 3738
35412 19206 8271
35414 25380 43424
35446 55818 55615
35486 41455 1643
35513 47552 19300
35619 94534 51920
35712 39611 39885
35754 53302 97559
35757 56179 49282
35786 82301 2586
35791 29516 43510
35797 84439 39917
35806 60046 32535
35829 56429 13428
35841 38431 57999
35901 27871 6300
35914 51196 91716
35950 13447 52289
35992 96028 12067
35997 62637 60972
36025 9755 98506
36027 41785 84581
36047 19950 91729
36061 51166 3618
36064 43065 4956
36084 2901 65890
36158 39669 70209
36165 43141 40185
36189 9369 43813
36323 56795 33248
36332 68336 32160
36334 86615 11957
36382 77717 99997
36421 43635 89156
36518 55036 20357
36536 92349 33441
36541 4660 41917
36543 68056 1563
36561 93259 55278
36576 32655 29208
36577 75271 68728
36637 40051 28663
36694 55770 52531
36713 85678 32678
36753 40208 62824
36804 49658 62032
36823 9661 74020
36832 17817 88546
36839 10524 87367
36850 18377 94012
36858 88037 54873
36872 96413 46965
36907 93984 74479
36952 83635 40953
36960 84509 83701
37053 91621 72659
37057 13581 77081
37058 39810 20330
37074 86361 72865
37104 15484 18784
37110 34628 16082
37120 50306 188
37123 99933 48900
37128 39786 68953
37144 22603 98481
37180 17690 95849
37184 97721 84045
37219 70402 67864
37257 69317 96830
37269 48807 97313
37279 47972 65013
37281 27959 12941
37317 87967 82821
37332 36772 78777
37388 16801 55301
37392 42604 63394
37413 786 51739
37454 96072 80150
37472 22852 99767
37496 80998 94667
37510 40363 40869
37511 77524 20536
37568 48834 59518
37599 97382 7995
37615 96132 73472
37626 13685 84260
37634 41543 24387
37652 70028 22243
37689 13110 24660
37718 45461 92473
37791 464 59624
37859 15450 28419
37909 7875 63325
37963 44398 51209
38097 33971 92822
38102 53420 94109
38125 58226 24351
38280 32582 34839
38317 26514 85538
38332 97277 22088
38396 39125 22022
38407 66219 30389
38467 59228 78579
38515 77809 32744
38541 26030 79901
38556 71870 56538
38567 85545 58273
38667 87462 59853
38692 7075 84977
38746 57904 20952
38984 69657 88966
38997 41989 59036
39016 20312 78373
39020 46597 20664
39033 19006 34541
39052 94596 21670
39063 72290 58836
39088 96944 76845
39175 25760 12390
39176 98440 46346
39188 15905 89426
39190 24251 4098
39202 40853 78649
39236 31973 40245
39250 2104 32096
39285 69291 99345
39308 20888 58864
39312 91131 3777
39321 18817 81548
39333 97273 15600
39334 66340 65683
39347 71239 69663
39349 43257 92686
39407 67790 70779
39409 96461 81589
39417 76525 14718
39510 67735 15287
39549 79148 33146
39568 62280 85166
39571 91703 21449
39609 82394 86343
39624 28371 42727
39673 58431 81173
39688 55929 83359
39749 45368 84011
39759 69929 50140
39778 55787 33141
39785 99408 87631
39792 89245 25398
39838 39367 44466
39891 6611 27614
39928 57615 86387
39965 92167 27334
40079 56926 38670
40103 67345 28197
40150 79475 43196
40176 14589 50249
40202 96727 74930
40214 53309 55549
40224 71504 67245
40411 86118 35456
40414 45908 31208
40470 24604 81637
40483 68032 89073
40493 91956 33169
40495 80051 12184
40500 27483 36872
40503 99821 85672
40515 68187 78345
40549 43396 95165
40636 47116 947
40719 21902 33961
40720 93608 39634
40721 91145 13810
40730 39803 67703
40903 2292 2724
40908 90170 73819
40919 19195 77759
40939 43670 51538
41029 41504 76378
41083 57644 91843
41101 64369 83496
41199 36218 12455
41259 55054 87551
41308 2572 2613
41322 64114 54153
41330 61768 19193
41386 56199 31101
41406 79407 21978
41422 88642 65060
41428 5902 92570
41456 87250 35802
41459 56465 92456
41467 11976 12997
41536 204 82719
41574 13718 87033
41649 67881 60740
41653 56882 53028
41705 2460 87706
41736 87972 73752
41753 9430 73354
41772 58963 23357
41792 74375 25025
41817 25870 12715
41851 32998 38399
41855 87696 90919
41861 41896 64164
41868 93773 71096
41907 380 58602
42030 18478 86566
42209 16880 82918
42241 76344 55407
42253 3970 52301
42269 74262 72534
42281 85488 963
42295 17812 5906
42339 57978 9168
42400 90229 9354
42401 52510 96163
42431 72243 78009
42475 58392 71102
42500 28366 76895
42510 91111 53307
42541 97041 55957
42572 85088 37959
42600 65050 42999
42644 46440 90529
42684 42075 99346
42774 7207 71369
42810 96605 81725
42819 92331 8370
42876 68473 61769
42898 76098 36948
43013 28741 54568
43050 93282 67670
43145 82396 15549
43180 82127 46168
43299 50693 89280
43359 49447 8329
43359 49068 54400
43392 39312 65038
43521 87107 90013
43601 82108 76791
43652 73433 30994
43660 90505 83915
43661 68219 62206
43690 20320 16554
43709 22872 9345
43714 10519 45824
43795 24942 69638
43858 29472 95254
43896 29439 50344
43900 32846 39588
44015 83908 51630
44056 98090 52579
44121 90931 6678
44195 73637 55103
44272 39526 24055
44284 92965 96500
44298 90403 54504
44327 45462 56691
44358 7778 15056
44366 45369 24285
44459 24240 71918
44493 34377 25568
44506 84572 28149
44570 53218 64471
44627 11524 83656
44669 23809 63035
44701 90930 9581
44747 77365 25489
44756 5622 97654
44821 54401 79160
44837 51364 76220
44930 63344 17330
44959 83666 75666
44981 58806 30588
45045 51127 43212
45136 45879 95757
45142 97350 30890
45143 45373 97248
45176 37076 46316
45213 5781 52541
45233 18370 40612
45256 22232 37866
45271 96119 53688
45280 98617 8756
45287 2801 23654
45290 76033 56569
45384 57634 95597
45394 65346 56568
45495 33560 16654
45505 42733 61302
45521 7870 57056
45534 41069 42988
45607 89406 15071
45616 17618 26438
45621 33737 84218
45635 96048 94724
45645 71194 96467
45753 15701 89079
45768 78846 53976
45809 93878 96046
45820 52868 49892
45821 73053 7487
45822 60882 79805
45904 23297 85568
45918 71115 20274
45956 63347 97577
45997 35958 95587
46047 92485 48889
46073 11843 47780
46078 50473 55927
46099 8596 70695
46150 27229 37508
46174 80511 61702
46194 36697 86495
46228 99077 56212
46272 28122 39536
46340 58114 69645
46342 91240 91861
46411 85544 57718
46425 89703 49639
46450 16971 74705
46471 12821 14640
46574 32743 62478
46588 57284 31080
46716 40471 21746
46736 22952 8477
46753 64410 55331
46787 53530 5243
46839 80872 88926
46870 17877 40046
47040 40230 1276
47099 22456 10169
47126 15415 55665
47208 19347 1281
47227 83361 97714
47244 58070 64952
47267 85304 27666
47296 96956 84067
47319 64825 84423
47320 10536 376
47362 80403 80532
47420 11818 81330
47472 27170 60597
47480 30661 83811
47517 64744 38986
47533 60867 86578
47557 58325 6304
47582 64722 6345
47691 35500 1265
47713 26285 22061
47745 43315 70109
47804 18781 40419
47844 67728 65054
47932 483 5404
47936 56677 10719
47969 95732 1584
47970 79510 88026
47984 67301 15660
48086 39630 28998
48105 89251 66124
48201 24815 38770
48204 29665 15268
48257 55801 93298
48331 70128 3790
48378 80160 25850
48440 93855 37490
48451 85869 80549
48492 4086 63603
48520 16787 61922
48529 50965 38467
48577 75946 37597
48645 32131 54769
48650 58715 73336
48666 66742 63824
48703 88456 97702
48723 54024 98927
48729 86409 24664
48765 57841 78492
48805 30152 41426
48830 22047 62827
48834 11588 16535
48932 59323 7786
48935 19651 98881
48994 91229 55420
49028 29060 84599
49032 76506 74816
49061 52623 73546
49134 82652 52889
49167 54751 29448
49169 67052 49728
49182 96074 69157
49195 2810 7534
49250 80358 31684
49274 28511 6782
49275 90382 78611
49348 81684 1975
49349 79560 65699
49373 22410 30056
49384 29837 57777
49385 40889 39439
49392 27133 29196
49415 72888 96254
49439 8014 31375
49460 37909 5087
49502 42113 38873
49541 55522 71934
49607 10335 55311
49644 99366 45994
49667 83245 17206
49715 19680 72603
49723 64162 71338
49765 22800 63773
49802 42696 34082
49809 85260 28365
49884 41967 95890
49949 60941 9319
49954 64085 46736
49957 14306 85917
50113 58482 12239
50240 20014 68321
50282 2651 56629
50283 7418 85130
50331 58139 14432
50334 65664 8001
50338 41853 20447
50398 38365 19068
50428 25450 73499
50474 58483 48632
50506 81121 17413
50510 6881 51614
50566 28789 98999
50604 76230 89556
50610 54833 13117
50692 94713 21277
50752 25108 61622
50765 67505 53671
50782 27990 70273
50788 11855 53511
50867 56450 32105
50915 32490 25724
50923 62918 65550
50935 17561 30481
50969 58786 86684
51018 15260 9075
51055 37907 80343
51074 15399 3821
51128 15917 13328
51142 50587 82417
51193 73704 44689
51235 13039 10932
51243 83915 47752
51258 35044 77208
51266 12155 24404
51304 76639 27767
51329 81097 98038
51340 29912 52548
51342 97227 33728
51398 84237 3203
51411 38851 57582
51421 99885 30071
51433 86366 13938
51455 36889 10772
51482 75004 90296
51520 82346 47438
51522 18738 91429
51547 70733 86748
51578 25965 60077
51601 44532 242
51619 29259 89946
51646 59671 58692
51679 7684 81574
51710 46097 52773
51738 32220 69709
51763 5385 58390
51784 76177 41178
51815 13460 27279
51927 45230 47815
51973 1975 9519
52031 93466 62953
52037 32300 50179
52051 17295 65358
52080 12568 24488
52082 76295 13328
52090 19520 32278
52128 10545 53587
52148 54617 31372
52248 35546 20073
52281 58383 80391
52310 30493 6720
52342 79646 82948
52360 44641 46339
52398 58203 15174
52511 37778 61602
52514 31784 5405
52529 48191 46059
52570 96053 20278
52586 95078 52270
52592 76060 99804
52597 7065 8313
52615 79744 11207
52620 86011 42071
52626 72285 2877
52678 21656 26566
52727 91164 24421
52735 77886 24409
52770 60853 869
52838 86730 49347
52914 10648 58960
52915 9303 27248
52927 28153 87229
52993 11389 12625
53008 26693 69920
53043 30209 69583
53083 86183 1870
53156 5257 31868
53183 80374 66698
53228 83234 18081
53339 30555 78394
53414 62888 83392
53437 93247 53397
53438 14826 93700
53570 77232 34418
53590 18204 51665
53601 2545 56943
53603 57755 71494
53685 53257 67768
53732 56001 4473
53772 35762 78641
53910 4769 22244
53928 7106 57748
53932 53755 97831
54009 42712 53164
54035 62099 9330
54242 13365 54628
54289 22473 1324
54305 62089 23599
54318 67354 53376
54405 59246 40539
54409 82476 83630
54431 48178 81806
54442 2103 62990
54470 3143 31433
54485 78595 93253
54501 73194 33207
54503 18946 62356
54636 35902 13378
54687 50288 7642
54698 64150 55356
54705 4640 18978
54729 56906 26550
54749 12285 1032
54768 43046 45231
54804 6518 30787
54817 25984 77712
54862 25598 24879
54868 40353 10679
54876 71834 58079
54883 18245 19016
54938 19999 80336
54942 53985 53572
54970 97624 80571
55021 91285 9242
55047 22954 74731
55050 72094 38164
55084 82213 95413
55138 70366 84751
55141 88185 20258
55204 88313 98867
55268 13746 31326
55293 21616 65613
55340 30564 5466
55350 14390 70977
55364 21406 57747
55410 23881 21292
55413 69836 57684
55502 3960 38395
55530 25796 38573
55591 88402 68208
55634 64767 59626
55656 69251 59473
55658 56773 97644
55668 76919 26147
55683 38 15180
55698 15188 2238
55825 7198 36847
55887 18653 27591
55937 5420 16069
55951 71303 96203
55972 5281 62303
55990 18193 31841
56021 18543 66872
56072 7826 70823
56130 1057 35312
56148 17035 64585
56190 43006 69340
56259 38863 60204
56263 96971 54214
56301 45548 52964
56305 29930 80660
56312 80531 11864
56320 33340 16498
56385 27988 62032
56388 53720 33912
56396 3024 36025
56399 71073 59899
56405 79275 68708
56441 43557 59575
56458 62404 48138
56510 29732 94172
56517 38393 74696
56546 56098 71427
56547 14627 53186
56572 99942 57175
56585 79550 73084
56591 97293 36689
56632 52075 78579
56674 40611 13538
56692 91883 95946
56742 75128 48195
56754 51209 77636
56784 75815 32470
56805 93602 37344
56824 14447 76167
56921 53080 95209
57042 77739 91879
57088 77380 58858
57105 21922 77283
57118 36110 40624
57126 93914 16982
57193 84494 21990
57210 31229 20521
57284 35515 60913
57287 74347 34482
57321 26225 43028
57333 30171 50563
57398 19477 43555
57511 7946 2641
57593 71596 85076
57702 94328 31825
57745 20764 29334
57754 47295 53067
57784 34824 20098
57788 39386 57743
57853 62070 52748
57900 81294 92987
57916 87898 54364
57925 6931 28127
57934 99234 84383
57949 22412 51549
58024 3450 77466
58070 28329 8581
58076 68366 68103
58138 74290 41316
58206 11013 92542
58229 99234 80245
58241 17654 34115
58273 573 84615
58293 68205 54149
58302 81667 22576
58318 67298 85621
58338 28903 46735
58360 83053 45915
58399 71931 98714
58404 29886 62466
58424 83536 26054
58429 57398 62739
58442 50261 80693
58469 25700 34033
58498 23516 77212
58597 66551 57871
58604 15369 89685
58643 75785 86000
58691 19982 74191
58696 23814 18578
58760 69126 65520
58807 54436 88375
58825 84117 90815
58849 78170 32416
59032 44854 71528
59036 9898 19445
59045 56318 56905
59090 40294 46304
59093 79375 4396
59117 19682 52267
59208 25881 14880
59276 31274 68330
59281 71499 66541
59284 38414 50493
59285 78835 88770
59320 38679 62693
59352 22853 25768
59434 62791 44948
59478 73005 93653
59482 96209 13681
59490 35996 45609
59514 40904 97262
59542 99993 49923
59583 10140 89792
59632 76964 98996
59649 62912 51760
59720 20036 96144
59739 5613 25668
59767 24835 29289
59806 63591 466
59807 36354 97976
59823 1171 689
59890 98434 94963
59903 37047 89210
59928 58086 57311
59940 36093 47588
59961 12115 82908
60007 39872 27576
60022 90689 60004
60035 82320 4827
60086 6580 85147
60157 32203 84989
60168 69302 51023
60169 30016 44552
60177 36904 60036
60212 1232 71426
60231 40974 5537
60256 6580 89279
60343 80075 6757
60348 91879 14025
60352 42604 29047
60471 98466 71338
60500 70303 63020
60532 98367 82373
60545 35709 70005
60792 23883 36479
60861 95744 31775
60881 76450 23261
60905 82050 60350
60948 25104 29478
60981 39021 28173
60992 60243 88018
61010 31425 40156
61023 41259 64033
61029 25922 64023
61120 25451 10070
61185 22429 96769
61192 83125 33747
61199 82118 67710
61224 7019 65106
61226 45710 15134
61247 59105 5144
61258 58630 30001
61303 38289 78268
61328 11984 87559
61344 60214 41796
61416 62335 33930
61439 1212 65540
61482 17012 3509
61487 9204 55202
61546 73102 35237
61604 61030 57022
61611 58734 17738
61636 87811 21046
61649 5605 94761
61660 663 10183
61697 59815 96926
61706 46645 45728
61710 73312 47572
61724 20822 39488
61745 17417 86333
61778 26635 14790
61782 95216 18983
61801 25105 89588
61812 50293 32169
61916 26231 38310
61925 6358 97202
61937 36971 14931
61973 78131 67919
61973 13848 17433
61977 80387 84918
61978 8813 41950
61983 73405 34321
61995 23888 4742
62036 83244 81131
62057 33428 53906
62062 63443 34135
62122 50240 87865
62180 7054 44420
62186 67616 38337
62189 39404 65322
62192 23219 55935
62314 23731 86246
62415 37396 86172
62456 46548 38488
62464 76391 89184
62547 40038 59292
62604 86786 98184
62742 53407 59918
62755 76527 29084
62825 9684 38495
62849 1203 13099
62854 26834 23910
62856 84072 38571
62899 259 81040
62999 44826 79269
63000 9932 68460
63032 63746 60931
63102 63786 26853
63175 39638 49443
63176 17353 81944
63232 79445 18988
63253 88496 99261
63259 928 22507
63264 6864 24495
63270 3968 19635
63316 75535 85400
63417 25005 27519
63434 601 51955
63453 1093 68254
63492 70120 19347
63512 15621 41311
63554 71829 73252
63575 20241 78279
63583 86329 47570
63626 73296 37334
63634 59678 80044
63638 49359 32442
63646 8314 31002
63668 72916 72913
63677 29916 98350
63679 88387 38747
63735 3377 22606
63737 56638 38686
63745 48097 77464
63802 92453 78538
63806 99659 10620
63837 22596 46012
63861 62814 96138
63875 1923 47649
63891 75082 43512
63892 86931 44359
63919 50086 51177
63932 50394 6274
63982 61963 60655
63992 60382 19312
63994 77188 42114
64100 97777 8548
64132 15822 41656
64144 23745 85757
64148 52950 28945
64155 37663 32052
64187 79154 3318
64200 69802 16273
64201 35966 77949
64269 27584 34343
64333 48882 5132
64464 10607 8415
64497 70061 36051
64550 7206 45106
64595 28038 12256
64605 52110 11472
64623 86498 17163
64682 95996 27309
64698 68212 44788
64824 94383 84661
64892 17714 51456
64912 81044 83031
64939 28551 17982
64962 84132 14217
64972 272 98816
65059 50030 56380
65061 84513 19944
65118 41598 67518
65137 93833 46037
65163 22860 72031
65194 58128 60310
65200 95888 49566
65201 48510 60980
65266 33951 8059
65301 22956 72572
65329 65752 16995
65375 96842 17715
65378 37578 65917
65386 54569 1755
65391 82933 99657
65400 39831 32261
65412 22842 11749
65419 98818 10285
65461 83518 38809
65464 70409 93405
65503 80239 87988
65557 51429 77657
65579 98456 32365
65610 94723 43366
65613 37157 32706
65616 46431 11998
65619 13217 25208
65629 74641 43845
65639 34808 61332
65693 23541 23374
65727 42204 603
65766 6742 83068
65792 48578 90118
65792 44675 41145
65818 73458 24269
65857 89222 46650
65889 53810 70014
65897 16201 16644
65958 96036 23876
65978 77896 95148
66039 6807 85303
66043 99408 18081
66043 16651 32315
66082 38046 75642
66089 58950 53001
66135 94518 2662
66140 9734 50249
66144 24222 54064
66219 40817 27259
66291 80996 62898
66376 26343 43411
66410 39922 5141
66457 81941 15551
66461 99605 88039
66544 20329 49313
66554 43207 53928
66558 32547 93794
66597 17471 91332
66632 47229 77170
66703 21011 18813
66751 75344 3519
66761 73327 92730
66876 79715 73651
66903 69064 97952
66908 5536 51659
66913 81556 23650
66918 72860 85742
66926 20388 35109
66957 55025 14215
66970 88116 1562
66971 55959 49793
67000 73265 8632
67013 6094 53981
67014 66656 72542
67025 60351 75582
67077 82540 5881
67084 14658 69886
67221 5217 7898
67242 75917 5476
67272 12709 88358
67291 20434 96505
67307 2992 23634
67333 72233 40667
67338 41740 73567
67417 88609 76761
67422 53717 89653
67432 53667 55086
67444 73158 92157
67479 45991 4657
67517 37532 86330
67613 77552 59983
67632 59150 67148
67677 8502 40981
67681 42046 58644
67709 61213 87628
67711 57616 38900
67725 27100 27567
67744 91547 91994
67752 65102 55157
67778 81252 31384
67888 60371 82843
67908 75400 35736
67919 53597 5173
67922 74885 57703
68001 49599 46584
68017 74006 38563
68075 21965 25127
68091 58552 76365
68101 81924 81032
68114 21263 45379
68156 7388 6308
68193 95600 68239
68220 11144 99129
68228 39657 87630
68234 41774 39691
68235 43369 73232
68244 812 14607
68247 88376 20011
68258 68309 64598
68281 40131 4601
68290 53441 10659
68303 25599 46581
68347 45903 25721
68419 29466 47481
68419 79585 18983
68428 88016 95849
68483 77538 55119
68484 46968 46679
68493 9928 99183
68552 16725 50247
68585 97280 43738
68605 15054 49861
68646 83938 23798
68707 12931 45656
68769 7786 16617
68795 66835 58553
68809 16284 98543
68825 2019 39115
68859 14553 36002
68928 44694 61741
68960 67475 69441
69006 70947 32640
69036 66024 17178
69062 62868 55069
69092 11564 20753
69099 97613 10052
69127 61949 99912
69192 41114 11632
69197 56676 52258
69334 37545 22754
69383 29738 34994
69387 67115 52469
69446 24740 77986
69479 76395 24046
69487 60903 95614
69493 81083 28509
69521 32604 25797
69537 436 38597
69538 28136 94088
69619 28595 780
69686 74900 57746
69787 15130 72055
69803 38567 85284
69867 75062 3983
69901 35063 61995
69967 5972 55259
70083 30154 12360
70144 74248 9590
70166 80211 43454
70174 20301 911
70183 8869 59579
70192 42304 22533
70215 96030 91035
70244 96072 4381
70249 60998 82661
70254 61676 15567
70259 14182 46669
70315 64202 61873
70334 15240 67682
70375 60376 24680
70440 71664 63400
70553 1888 64371
70574 75976 90825
70591 28130 95050
70592 35100 69214
70649 78218 8564
70675 36800 3385
70702 39569 40661
70710 36703 43265
70743 12196 84513
70754 91094 21506
70787 43082 84265
70794 1328 84961
70804 32501 16466
70836 68066 67194
70838 18771 63943
70862 42772 37190
70878 6842 85152
70914 20406 9261
70953 33041 14746
70983 78460 77790
71007 80406 41551
71041 48729 31990
71054 32639 99252
71055 19965 85581
71057 10415 93051
71085 98461 55542
71153 5739 80692
71168 74764 65748
71198 46897 39361
71207 75987 25276
71299 63532 6521
71303 31928 28326
71318 73278 8999
71348 97279 39585
71357 32659 90904
71382 58728 69565
71410 34944 56598
71484 48365 28913
71487 67432 208
71488 84132 71681
71509 69658 412
71574 17425 62233
71631 54990 97670
71649 12334 9839
71678 31537 26503
71701 22798 82082
71752 38219 85713
71934 61340 73740
71973 66881 36871
71986 26571 30556
72047 56105 10931
72079 1580 25880
72084 20006 45757
72141 69809 59974
72148 88609 3207
72206 87711 5393
72210 85889 10043
72229 56276 95209
72282 49085 88300
72294 76823 46020
72316 95089 30771
72336 3126 28321
72341 61452 55417
72448 27480 32091
72456 47796 51975
72495 77046 6311
72498 75434 56802
72588 15691 64419
72610 35120 89132
72630 1374 85638
72669 94963 9894
72695 27215 25250
72797 46312 11872
72902 50206 88373
72935 86717 51523
72942 84233 73680
72971 38345 79401
73059 40299 20902
73116 70397 45053
73136 97471 92320
73153 17793 42430
73184 87874 36496
73194 14011 40371
73234 71174 58644
73264 80013 2755
73319 14005 39911
73322 24679 60830
73355 49285 18366
73371 43297 87181
73385 91150 48799
73390 74124 16062
73455 41751 35371
73458 87875 89193
73475 85924 98166
73479 80007 9747
73486 49059 30276
73539 64111 37239
73565 62850 87974
73577 81924 8931
73621 48269 80796
73684 66342 86911
73701 32792 56814
73740 63153 54439
73806 13064 82618
74056 90870 15973
74121 71909 41735
74158 14259 90761
74175 13232 79442
74200 91074 25625
74216 41769 39998
74229 51065 96282
74231 35758 49378
74255 25719 53105
74294 49610 71284
74429 63717 32631
74521 52318 13017
74526 95705 61175
74551 51144 4515
74585 36421 64340
74602 65786 18981
74627 15107 87044
74633 36393 69266
74677 10044 33918
74698 50332 71029
74755 48230 27922
74843 28674 39981
74917 11478 53701
74921 8702 4591
74984 17596 98708
74999 52230 12268
75056 89660 230
75064 81662 65577
75096 86484 82956
75101 10072 13
75117 49071 47667
75166 2577 96818
75236 74574 95702
75237 30864 40537
75249 61511 97505
75294 21256 33606
75299 88491 62914
75331 85178 14520
75346 93400 98058
75377 9754 93950
75404 17857 73017
75408 6516 46271
75478 63844 96459
75574 87208 33382
75747 3839 39417
75751 72402 44566
75777 21710 84542
75781 31556 30163
75827 18708 6921
75901 45875 35755
75910 25414 48055
75922 23216 87674
75952 65551 95603
75968 14995 29434
76019 95955 34710
76031 36842 60097
76058 6415 93079
76065 94337 4379
76111 17247 44718
76231 1777 22359
76240 45046 30220
76305 96999 49251
76311 62788 28420
76403 23987 64732
76444 41266 80835
76516 15815 6175
76593 8036 50024
76754 50339 95723
76770 66472 78575
76771 78085 74443
76779 8031 67235
76823 5757 13626
76864 69779 55911
76878 75820 58425
76920 23143 67592
76988 18108 99674
77081 65720 7150
77100 31451 27789
77183 18485 98786
77189 9156 18
77288 54997 80101
77296 38303 63186
77305 47425 3034
77370 15664 11787
77446 28150 72160
77475 73180 54420
77560 38588 1782
77643 52188 16276
77658 87042 49717
77781 48934 9745
77800 77829 6552
77845 43215 93864
77929 43850 87945
77946 99191 24735
77948 78407 85770
77995 25118 59180
78135 73142 60230
78245 28303 18320
78358 58037 93722
78368 10685 75481
78444 66158 54587
78480 13330 58060
78481 72271 74052
78504 79622 1817
78559 44931 64524
78581 54982 67614
78756 7516 32064
78767 72217 86102
78785 56258 69980
78840 5181 35855
78884 8595 68970
78915 462 51298
78929 70285 5465
78937 55373 72817
78957 65378 78070
78972 34894 25683
79007 66645 17737
79026 34243 82302
79094 12269 32569
79112 1546 91269
79218 4329 64246
79249 44324 97710
79346 67 20677
79356 82870 31429
79410 77673 76111
79423 52576 86133
79431 6627 4248
79488 19468 33607
79506 63922 5664
79524 31216 2989
79531 73652 38682
79540 79650 71122
79577 47669 55168
79580 95316 79643
79635 67460 56576
79663 67306 14394
79670 66887 51039
79678 95218 2823
79742 35220 32609
79757 5765 26547
79762 84908 72825
79777 74752 95049
79803 43817 47188
79849 59432 41114
79872 58479 63715
79930 22397 27478
79949 41229 78356
79962 27790 28576
79968 26114 81448
79977 79911 4842
79986 22546 25405
79989 92659 46532
80003 30780 81261
80008 41336 75342
80111 90569 42773
80115 21671 48429
80169 3965 5993
80175 72868 11981
80212 97077 38426
80214 34734 30883
80261 41481 2703
80302 79876 53562
80352 69069 27857
80381 5968 88250
80381 29684 91537
80394 7304 49351
80408 5270 98361
80439 19668 62738
80456 87810 56029
80473 93248 45966
80499 53616 54125
80559 30186 80075
80560 23921 58475
80622 90664 91274
80637 94998 83227
80712 51349 21923
80719 14857 85792
80734 14153 55740
80741 26440 57229
80780 97245 4193
80840 62318 60128
80905 72416 30666
80960 69684 23930
80964 90950 60310
80985 58294 17677
81018 87898 63978
81046 12032 28427
81093 97359 60462
81099 86428 17507
81122 86302 52487
81128 74944 66208
81160 11219 24474
81202 62707 51064
81207 65618 51049
81286 58865 41313
81297 86355 64272
81322 90208 26800
81327 86418 58663
81366 90965 6435
81411 79202 48280
81591 82593 39475
81652 46122 40645
81742 55944 77687
81744 72193 91588
81762 71861 14620
81791 10173 55295
81858 84739 65778
81858 66515 38416
81882 63983 10921
81907 30634 60562
81929 95756 99160
81949 41277 34437
81953 16872 61530
82030 17700 3138
82039 12641 6078
82075 35787 44588
82082 77885 71476
82176 86202 57923
82217 39104 13890
82228 16601 44618
82278 91617 31041
82337 64085 18967
82355 27211 8064
82366 51500 34310
82379 70928 98748
82400 67542 15635
82402 57716 30235
82419 86512 72589
82472 94789 80779
82511 31655 87254
82647 25587 92275
82700 75615 45425
82705 72093 4034
82778 10617 25404
82822 33617 36025
82830 24221 72092
82835 18934 56674
82860 44315 69795
82936 99137 59967
83015 89500 56751
83038 34461 94690
83044 6703 33050
83115 6891 84402
83145 10602 78772
83173 69236 94116
83179 23909 41221
83185 25475 61696
83249 81948 93830
83266 29828 67428
83292 49181 69641
83301 19816 95916
83329 53208 66724
83339 60623 10082
83341 30760 64791
83368 99412 39310
83380 14358 2289
83412 4372 77065
83458 24839 73356
83489 44270 47416
83524 13602 73364
83731 39051 3268
83774 65707 47496
83818 59829 52144
83827 15593 65110
83886 23813 22348
83914 37186 82617
83919 11160 86008
83980 68320 43982
84036 84256 43479
84039 67453 8163
84105 5316 14367
84139 39995 9313
84169 83252 77440
84179 20552 84137
84260 29782 6964
84398 88964 42597
84426 65548 61766
84443 96296 53601
84457 75371 60027
84470 30812 68093
84497 86180 14414
84499 83511 85162
84506 29001 93039
84518 56883 99955
84524 59694 11218
84526 53722 55976
84529 61970 8647
84582 48104 99670
84606 77382 43781
84611 69138 44913
84613 62320 85960
84616 91422 86971
84646 17471 31703
84646 25465 68078
84677 26810 33996
84681 9572 38103
84700 21879 81772
84707 32288 99279
84718 68873 52151
84807 86892 24472
84837 23869 74057
84897 18044 12963
84906 62231 39314
85016 37264 28367
85038 24771 92443
85060 97586 10206
85126 57380 77552
85141 14423 43193
85208 80598 21596
85219 35618 71185
85250 29582 27328
85277 8696 9179
85317 73349 2171
85361 62723 11313
85381 59575 64547
85583 24131 68925
85590 2060 96941
85651 24166 37950
85786 51598 93467
85828 70071 2870
85849 36741 20317
85905 88444 7509
85914 79365 67171
85940 31487 69114
85964 45175 76300
85968 18484 71362
85976 22218 60103
86016 30047 41164
86021 78805 68120
86042 9903 22051
86073 72776 16742
86109 66219 86581
86142 74463 33096
86142 50114 1424
86145 39872 89478
86155 18240 76536
86234 55573 23443
86289 17253 34470
86305 79128 21260
86319 65813 14231
86326 12448 84040
86331 33922 32658
86343 63153 87644
86393 97220 7821
86401 8706 64343
86457 89917 42365
86463 93477 97596
86474 35916 5501
86516 19646 61085
86556 61153 18432
86561 93910 56712
86603 75259 53163
86615 23234 98336
86643 66610 81597
86678 70197 20187
86693 28973 79319
86705 62977 83338
86714 46189 71355
86734 20196 81784
86758 39089 2258
86809 78682 15463
86809 59258 81326
86826 90753 80099
86829 73582 11789
86863 62436 89538
86863 38317 10358
86964 32850 88599
86969 55980 92713
87016 84864 64360
87033 60072 19792
87041 33735 2763
87042 22651 43643
87060 47814 86496
87090 19898 85784
87096 79238 26099
87122 90776 2994
87164 72141 25883
87171 15466 36211
87219 53412 42810
87223 67028 96803
87236 10630 3729
87238 90924 49024
87271 77329 43881
87369 9329 949
87412 43757 74945
87418 35333 11690
87446 45681 49669
87446 59833 45571
87505 99907 87315
87511 7812 86346
87527 13600 58793
87528 65990 48809
87573 59134 44727
87670 34091 25436
87685 73264 36148
87728 80326 78992
87742 46194 15036
87752 7328 228
87912 94686 19713
87919 86903 18450
88029 28260 64333
88053 99155 17032
88096 3263 64193
88109 84564 71351
88171 28459 90589
88184 3995 25346
88185 95151 26163
88220 89372 80510
88250 59480 40473
88265 62853 86006
88315 7780 90678
88390 10900 91306
88413 95784 24242
88465 80478 47314
88580 89986 3117
88610 48503 92124
88665 20716 8981
88751 50634 53516
88779 2351 6029
88792 16054 92751
88832 26647 32414
88839 23255 97794
88840 61311 50364
88856 9968 66054
88926 94174 97434
88943 47662 89545
88945 15668 40228
88961 21600 10210
88972 51691 71144
89002 37457 4500
89020 69069 96520
89025 59318 29407
89066 63411 54049
89069 20334 85570
89096 22740 17393
89118 81484 40031
89152 51147 36832
89188 69255 35995
89323 71509 48455
89324 93596 96994
89388 1396 34289
89439 51708 54737
89505 76783 51281
89556 23938 37876
89578 1740 171
89629 7514 75982
89702 9047 11051
89710 32860 85214
89724 48533 1944
89761 44635 70716
89798 78724 16659
89838 46422 36617
89886 79235 33591
89935 17255 13256
89950 33837 34436
89964 44083 63460
89979 23075 54441
89988 23263 98755
90066 67638 7645
90072 61311 84724
90073 7976 69352
90083 94223 15081
90100 93066 1481
90108 32155 91487
90126 42439 98804
90174 46388 38037
90193 4719 47539
90202 85250 48140
90225 51272 54835
90435 33784 67507
90473 70873 99999
90572 29726 95059
90577 77520 53839
90660 12242 75428
90694 18213 2382
90718 58562 37356
90728 95220 79754
90732 44682 6180
90738 82690 64037
90777 81007 65743
90846 46891 78277
90858 49920 87396
90933 70950 93383
90975 13718 2277
91033 20189 30667
91043 61333 86686
91090 53042 57228
91124 76438 5566
91136 3537 87538
91142 76455 45000
91274 5849 78742
91274 5829 29749
91280 3907 31797
91323 34490 47213
91342 28817 95636
91435 19452 6442
91456 2317 86435
91519 33097 45113
91523 46552 11205
91540 84092 17242
91555 26657 64143
91579 4360 38945
91642 32471 55053
91644 13673 98826
91715 6440 11571
91736 38930 58216
91748 60123 44555
91765 94616 72237
91794 85093 35159
91802 43966 79165
91814 7582 47529
91816 27791 8536
91895 17340 25862
91910 10354 82380
91922 16748 11048
91981 97850 55912
92004 13347 8036
92022 43404 75914
92034 24857 50636
92076 84663 76783
92221 8410 89632
92222 72597 84886
92273 24159 11258
92285 57671 73253
92297 76363 18989
92329 36811 34412
92424 71475 76657
92449 6585 75997
92464 2488 59554
92471 65420 11106
92598 387 93483
92874 99455 45141
92915 92937 58439
92954 78171 74286
92989 51815 14993
92990 32714 94172
93002 85418 76424
93037 27545 2690
93072 70777 38118
93079 11372 88560
93114 98945 82980
93178 57431 20791
93181 54740 92192
93183 44665 60629
93192 57050 93243
93326 53664 61972
93346 58786 54541
93393 74585 10116
93446 29642 84676
93473 51561 84003
93486 53046 81360
93493 14611 64183
93573 77616 70002
93578 15390 44807
93645 4859 6460
93677 70166 8283
93754 66008 88945
93772 54483 9260
93834 91205 79735
93852 64647 18578
93892 96741 40402
93944 27628 21828
93955 3328 67127
94033 92961 37949
94101 9860 98380
94115 84142 83485
94150 62871 44951
94153 86475 86789
94165 29933 76326
94260 69721 83381
94293 87790 15389
94336 92901 94136
94345 37893 18543
94393 83071 42914
94435 87139 34637
94474 27796 33931
94479 52446 492
94531 45212 47238
94535 41473 64607
94595 11274 82414
94613 93956 69923
94661 74460 80930
94681 88139 24997
94688 57841 88056
94764 17578 59031
94766 37169 88324
94803 6335 92505
94809 4467 82738
94814 37150 67782
94835 95325 14886
94899 37823 23119
94899 80868 28888
94901 79030 53650
94944 83159 27630
94948 17914 63889
95008 70183 52735
95014 9751 55138
95159 27483 71283
95167 23662 55599
95174 58819 76368
95191 89630 72839
95223 42422 23635
95276 45485 86184
95281 82440 86704
95311 32136 99160
95325 6885 49248
95342 40635 60278
95358 51076 99927
95417 43196 25481
95505 26155 12674
95506 74707 62158
95512 22396 59234
95573 84416 42964
95718 98962 15418
95844 89133 8300
96037 57955 65005
96099 31360 36879
96127 98654 40113
96199 62128 87276
96216 44951 33029
96231 54054 8478
96242 34555 96270
96258 20999 59098
96308 75009 93755
96318 8063 66678
96331 36051 42507
96337 92254 88545
96348 56543 92902
96416 95772 33687
96429 33897 1896
96458 18841 54729
96460 59779 27994
96503 71804 78405
96512 75331 76600
96520 47699 41730
96612 34263 9795
96618 40723 4974
96716 49078 67370
96763 10661 97183
96820 53025 17245
96838 52909 33100
96846 64764 32333
96915 68457 96183
96928 63373 44247
96962 29376 2581
96997 45633 9107
97041 37880 32922
97043 77327 66836
97091 89451 78718
97103 72887 17579
97211 12324 92201
97214 13963 55469
97217 92014 72942
97286 4745 96308
97376 62887 20989
97380 22318 84411
97385 84994 98952
97421 37146 91577
97448 16038 91461
97482 4805 89731
97487 73562 96976
97513 38276 56222
97527 22029 28703
97538 22221 37614
97545 7913 7387
97570 73935 10615
97580 83624 9837
97691 9705 45222
97735 14485 61243
97759 34655 65353
97777 58079 55050
97827 98624 53208
97863 98806 30590
97882 28590 72238
97919 68415 70934
97928 92943 73132
97946 28605 1544
97964 42268 45332
97968 12574 64024
97974 56566 2249
97984 2607 11684
98063 92741 76774
98096 84225 5445
98102 99888 99696
98108 68062 21854
98153 37725 38714
98184 81731 17997
98253 53562 66374
98254 15773 35872
98259 3807 90160
98281 45826 30900
98333 53050 90234
98409 57886 44010
98434 57664 1951
98464 17138 76366
98478 49532 22014
98485 94042 40249
98508 92257 18733
98520 75408 98697
98545 19319 89135
98564 94798 68940
98599 47521 48876
98621 21942 72809
98623 47794 79809
98639 18780 10747
98671 14102 98872
98696 250 41223
98715 99144 22177
98805 61810 4529
98825 91562 23560
98855 42857 8090
98952 88746 10307
99041 93433 54430
99108 74956 76298
99163 94935 79663
99164 65572 32213
99218 38211 81999
99310 41173 90539
99367 25106 85111
99399 98852 98684
99412 15554 33081
99447 64162 62268
99531 60479 83858
99546 27852 44836
99551 77115 622
99644 5087 57681
99679 84359 9824
99741 76619 8893
99773 20991 55847
99815 15707 17492
99883 38544 43568
99885 17033 44369
99890 49758 2530
99925 93441 2443
99990 28395 27034
