3000 10000 51573 71711
13 82282 8964
15 67997 18056
40 22256 92357
48 79585 92751
79 2336 36841
129 46338 21459
161 9176 48991
258 98740 92623
260 29840 64690
280 12441 95792
300 56150 51478
390 2396 64091
397 3016 87963
464 336 40929
512 92406 95443
514 53457 2117
582 38006 40331
624 679 43732
665 45450 49594
690 42505 41289
702 49745 12835
744 12881 65012
846 44216 37816
873 99143 57764
961 57228 78830
972 8706 31496
980 86521 67671
990 26200 85713
1010 44710 69784
1107 90870 96990
1125 55946 80241
1166 93881 11556
1168 47850 66092
1179 6656 1588
1185 76709 56617
1199 35482 47210
1224 20868 80587
1236 5371 61755
1255 45148 68106
1290 1312 9966
1291 39362 93902
1319 1146 49507
1347 74862 26883
1348 79670 84631
1415 72674 3397
1576 56359 84387
1579 44370 15817
1585 90153 88794
1600 78437 32454
1602 99204 1287
1669 21272 9085
1760 93887 68372
1796 18205 41702
1821 10069 27247
1833 78861 60859
1881 2944 83247
1893 8725 30988
1986 87911 43847
2031 9981 68436
2036 78241 18680
2037 49984 75630
2057 197 18764
2064 70329 18799
2065 66348 78064
2077 85170 61597
2117 84102 38959
2121 55204 42323
2221 5397 66748
2228 40120 73143
2250 40912 50469
2254 23522 98256
2262 29005 47394
2338 59067 74109
2381 98832 72269
2388 97711 69295
2415 60512 40769
2440 68497 27193
2443 6974 39927
2481 43435 65150
2499 79650 65192
2516 21289 86369
2520 92167 4111
2608 58059 37343
2611 12585 50942
2660 10333 7372
2680 87370 96338
2735 18230 71896
2769 22324 11584
2776 56769 48642
2805 71405 36404
2819 20633 30793
2860 78715 98041
2862 11341 38583
2868 39098 95029
2901 57375 79259
3002 561 68628
3033 7541 65529
3059 27113 19316
3088 12760 76143
3096 31285 92271
3099 70472 36521
3111 83811 58379
3129 40570 51223
3145 94494 25957
3154 34093 18011
3246 89229 5780
3264 67658 96199
3265 84317 45544
3310 80462 60118
3328 67879 19293
3367 1194 54663
3397 10145 3903
3408 40748 96465
3421 35895 36690
3443 28183 94895
3473 25551 36879
3481 95014 91800
3482 99292 73527
3488 27292 82792
3491 5221 24714
3497 10972 46517
3542 96258 29446
3568 14864 19960
3603 72739 20111
3669 81013 53291
3691 17437 69725
3756 14015 20780
3824 10607 34356
3848 28444 40491
3859 5480 74318
3874 11991 82859
3912 2856 25059
3919 81798 41290
3926 55221 81821
3944 68075 48990
3975 73455 89558
3978 80875 22637
3996 43013 36697
4058 26552 64929
4096 10788 34502
4152 999 55223
4159 38603 2017
4178 68114 3737
4250 72843 69033
4258 27463 25389
4318 43967 79909
4370 98595 61041
4411 39985 91367
4438 85902 50580
4440 95028 9410
4469 1221 12222
4494 3372 96997
4534 97032 13188
4563 78368 9395
4581 90116 28073
4660 67624 34050
4695 72888 13716
4700 56275 97496
4704 22763 95351
4748 94936 9670
4793 2756 95867
4808 83780 55360
4808 21622 30322
4813 82864 28037
4815 25536 24087
4825 13383 25002
4825 4487 12529
4829 49871 57860
4885 98639 95233
4901 89211 24064
4957 19669 57832
4979 63892 15866
4990 85780 8149
4999 6706 46381
5000 39230 45622
5027 22441 31385
5040 91087 56320
5057 9647 93755
5193 35619 77233
5259 74076 60655
5286 58321 3149
5289 79537 49448
5398 94911 66693
5430 82961 65455
5518 75780 74038
5520 39639 76510
5576 82088 26936
5590 42825 71104
5635 63099 63486
5638 48817 59468
5644 24722 79002
5666 11118 52110
5694 18529 82082
5703 98474 35648
5706 50320 82939
5820 68576 10719
5888 18003 79136
5920 24085 86981
5938 20642 51006
5977 31632 82769
6003 34931 65612
6028 39157 28580
6039 46517 91450
6051 3421 99914
6052 99786 3328
6146 10824 58748
6193 3655 20744
6205 82611 30644
6269 87896 90351
6269 83308 97906
6287 79561 5930
6304 70900 9762
6329 21138 4609
6372 46468 16227
6381 495 92508
6387 40544 5481
6401 49999 92658
6428 44858 19339
6434 5524 54460
6496 15910 16311
6514 94649 5653
6572 24992 53950
6579 24398 85320
6594 17162 55370
6612 68792 42651
6614 9347 11098
6630 65241 21714
6694 65839 11639
6728 90733 4150
6778 69654 61148
6823 7806 77381
6828 81361 47128
6849 40455 70674
6862 52202 50060
6892 33163 18201
6894 45707 83590
6894 58798 73627
6935 65959 21278
7008 13419 23216
7026 13261 914
7034 95590 59296
7035 45936 36591
7038 1464 3703
7074 86222 83341
7084 36436 62788
7097 65745 19462
7129 27412 60083
7132 36612 49536
7189 43257 81738
7194 22837 30923
7220 85222 94707
7271 1994 39207
7296 13243 80208
7363 87501 44397
7370 48324 20260
7403 24068 74148
7406 34168 99628
7418 1805 18206
7459 31538 76968
7473 77738 81862
7477 98555 77506
7477 50035 78026
7516 90869 17417
7522 39972 27242
7533 59794 33607
7537 42332 55330
7555 13853 82173
7576 29855 35222
7624 63432 24692
7650 26124 33761
7680 33273 12738
7703 35837 7642
7715 55603 90604
7759 76774 88789
7764 71273 64279
7889 81715 29289
7894 85329 34179
7902 75958 71928
8017 75285 81200
8049 47079 74277
8067 87275 33013
8070 45316 87354
8102 59459 64113
8126 50878 5298
8185 92220 71317
8197 36524 65322
8252 47874 40493
8324 23589 32221
8339 28087 69077
8392 63779 66952
8423 7994 79988
8443 58368 70285
8481 62265 70115
8540 32595 94084
8549 34387 83559
8553 12630 90392
8577 6078 51594
8587 3731 17371
8612 43842 60787
8626 46110 63874
8692 73671 87067
8733 85923 32481
8759 15725 35054
8824 92043 16301
8840 61992 35529
8851 83246 84199
8867 1953 28285
8873 30023 78926
8905 89819 11798
8929 8170 90589
8932 49217 39649
8942 8208 70742
9016 45370 60612
9051 11550 90847
9106 27481 25345
9119 64975 59368
9206 20996 22563
9249 5805 65127
9382 49912 60163
9410 69769 39448
9437 92463 26508
9476 33043 12362
9558 74035 83071
9644 16067 97328
9653 90068 88729
9666 18816 56303
9699 66056 51600
9707 52063 10921
9724 60051 54749
9737 23099 86817
9739 42848 71694
9746 14519 24062
9748 8982 15050
9752 92894 97115
9764 62457 73400
9767 83351 86857
9769 34939 81195
9793 78228 64489
9818 3282 84508
9876 51375 57076
9879 12465 99470
10042 98451 60695
10047 53367 27028
10053 75597 99255
10157 97614 49785
10175 90452 87276
10224 79160 72557
10258 51450 71971
10259 67768 11723
10315 20784 88304
10351 69262 46622
10356 37990 23569
10397 70659 99998
10423 69656 72029
10448 38189 68747
10471 88552 97713
10503 45865 90578
10512 64509 8206
10514 26768 49885
10522 4311 92484
10541 53134 83287
10564 38126 35049
10571 11978 30216
10582 45106 66076
10650 95540 44422
10689 10615 9682
10694 18580 34536
10707 55722 49373
10830 38235 80001
10897 35543 92617
10947 71465 80283
10958 50952 11806
10969 55300 97358
10993 60589 19369
11015 17206 58976
11022 43171 15100
11029 61971 23313
11100 23278 59501
11130 96144 33937
11131 90142 8810
11144 91429 349
11164 80892 48272
11214 129 82427
11229 69380 52553
11251 49702 96389
11326 30676 8058
11337 53647 47066
11413 47202 3781
11431 92265 32714
11460 2125 60100
11460 19240 42206
11491 23477 29331
11491 37443 47386
11521 67327 3997
11563 11365 58227
11582 26506 16867
11596 42340 40234
11648 89439 24205
11654 25355 41632
11712 33183 61274
11717 86394 56924
11736 50447 47519
11750 53042 40589
11751 5272 1505
11760 16117 19279
11769 34111 48076
11796 39450 86446
11893 52791 75958
11898 76434 74468
11964 67694 44392
11985 98112 51372
11998 54154 97281
12036 63950 17840
12050 74125 98964
12151 98887 88037
12182 81849 23295
12188 73523 66318
12196 39914 87208
12210 11103 22136
12214 32892 41887
12229 57898 13278
12308 54722 18216
12343 36607 66807
12354 82711 7912
12362 20269 46923
12421 78240 54480
12472 67491 96118
12606 29511 10085
12669 34892 63511
12699 76087 63079
12770 7687 4341
12784 54765 34306
12802 27687 71406
12840 89843 65352
12846 12102 24451
12908 58796 34854
13017 81598 74082
13022 62891 55588
13035 31380 72399
13060 28768 42226
13067 36876 65505
13074 12200 32125
13133 38772 50049
13149 52483 30308
13151 70081 48799
13236 42788 25126
13255 32623 61714
13340 53407 36701
13340 96654 619
13349 36714 21727
13397 62466 66970
13424 45931 70356
13458 31798 21151
13523 10156 81328
13726 96689 37986
13734 93820 5147
13783 56153 79871
13788 50810 99753
13801 22955 53054
13805 14358 76711
13827 37688 57608
13838 50090 40952
13863 64061 52424
13898 91244 22681
13904 61466 99563
13911 59411 51044
13914 30295 27984
13918 85917 24485
13934 11851 71954
13938 94832 81893
13972 91450 12838
13994 55210 8384
14025 71257 447
14083 86616 84771
14169 60273 66607
14191 13768 67925
14209 75559 58238
14235 99868 89019
14278 55535 32570
14308 13830 97458
14394 30911 95081
14406 76227 81400
14523 24235 98643
14667 26183 88533
14711 32523 29059
14804 93416 41273
14825 32672 81562
15033 1725 8074
15124 9543 17871
15143 31385 84342
15181 29452 95195
15205 57242 85098
15214 32181 65207
15245 40585 5081
15250 15916 88875
15255 68723 95081
15269 64674 21622
15286 31990 50771
15377 79861 55494
15386 20216 39088
15399 48940 30294
15477 67719 33741
15478 99145 56410
15504 94016 86334
15520 85438 86128
15524 70904 80683
15529 84258 26080
15543 15486 60174
15547 65911 56092
15557 66293 62887
15557 87630 30933
15577 66341 53567
15694 64780 64737
15765 60353 72891
15794 32583 40741
15850 52729 68516
15873 78261 53131
15883 82211 59323
15936 73237 65644
15961 54829 42827
15980 33986 82397
15986 95625 864
16011 6343 85151
16045 89880 53396
16093 29439 35378
16107 74038 21791
16127 3901 86328
16179 28868 80439
16197 30636 9265
16202 93592 92592
16216 92569 4137
16227 80712 38874
16237 38761 88780
16266 35550 38670
16312 15589 35770
16325 62329 39771
16351 80253 83037
16391 23036 23511
16414 62375 71334
16442 87329 59238
16509 99353 93380
16582 39193 88617
16614 1317 58827
16660 7971 82054
16664 82948 66353
16674 80789 22122
16743 42636 83837
16804 72207 26243
16871 65083 4965
16885 85827 49967
16928 99651 48112
16999 37125 15177
17014 91364 89803
17024 93625 36632
17037 44832 55023
17073 92312 88030
17079 35415 2970
17080 41181 16026
17107 52472 83749
17172 56860 87321
17323 14581 14318
17339 56801 55476
17340 96479 65813
17362 94122 22863
17381 44745 54939
17394 18773 12320
17572 78163 77245
17586 75531 84057
17648 30308 43542
17660 73511 66360
17680 52436 84915
17717 11525 28777
17751 41068 94780
17784 78171 56750
17806 74394 88006
17809 9812 14722
17849 27398 59116
17873 85656 89715
17910 78411 22045
17938 15548 56030
17980 38315 5049
18003 99634 70253
18024 92417 98512
18031 46161 86289
18067 6885 6959
18098 90742 60502
18108 64619 97297
18126 6475 37595
18216 87374 14849
18299 71876 5754
18327 52038 2967
18412 93569 24699
18439 42997 25442
18526 34107 71136
18569 12647 34103
18570 51244 77343
18580 10 2308
18586 42590 86140
18622 63666 39826
18647 82293 1618
18652 85617 70513
18720 85561 89538
18736 73945 76350
18764 66703 94334
18791 30981 23412
18821 67510 68513
18824 32477 96517
18843 61826 99124
18853 90893 62233
18867 51379 82301
18870 37593 4284
18937 23028 64475
18958 35402 29570
18981 7599 60711
18983 55091 37811
19156 44392 51360
19165 30926 79894
19197 61819 7034
19204 27471 24648
19226 26634 2432
19311 63946 91883
19362 65204 33480
19377 67828 89984
19488 49312 2576
19586 60278 72316
19610 17899 2756
19648 58581 76794
19748 43505 62034
19754 24065 12734
19760 18296 42331
19796 88726 56781
19838 69599 52875
19879 45755 421
19900 84949 7078
19923 28249 10328
19927 61217 16602
19971 75747 61794
19977 43699 69899
19986 79060 231
20015 57924 29654
20023 56272 10669
20042 70911 40932
20057 95655 55599
20075 38666 70079
20200 38160 37327
20205 89353 93304
20324 80378 61082
20341 38262 2131
20347 19429 87864
20374 17780 63685
20378 14693 73453
20419 15407 58233
20432 22494 66290
20461 47407 70497
20470 94990 71891
20498 16612 18642
20521 38043 62683
20557 88992 4445
20558 99091 45390
20573 83954 81173
20581 45610 78888
20631 94889 52910
20640 36100 66557
20677 29044 73182
20709 64753 87264
20752 99280 36292
20963 46570 49428
21038 86956 49363
21038 79476 12269
21043 90750 69492
21053 76752 34889
21084 45929 80937
21153 63425 83073
21154 32024 91737
21168 11130 73177
21169 12762 53145
21241 56787 65654
21261 2105 1102
21276 99173 53159
21287 9489 2286
21290 2256 13828
21326 98551 43154
21428 15945 77813
21477 6127 8300
21547 51669 49363
21588 5339 34033
21651 22463 95301
21656 59190 58783
21740 66271 44400
21764 93975 65817
21831 38852 18113
21839 41831 61440
21918 36088 52732
21936 80111 88049
21986 30453 32093
21990 53913 63284
21997 47998 22462
22049 84827 86043
22050 3010 81135
22070 34637 14358
22080 34342 41756
22083 55002 15920
22143 11104 19948
22229 59298 57252
22256 42301 99114
22281 63464 74400
22294 22713 77195
22324 78571 34346
22353 38431 2130
22360 3531 58517
22388 39786 50472
22396 43826 27396
22478 29849 58948
22480 81294 81264
22588 23294 69025
22727 58381 40234
22895 40606 17927
22920 43120 15067
22953 28537 7011
22976 52975 92769
22978 6979 88559
23016 14353 9481
23118 79897 28144
23188 86201 11414
23212 12552 81865
23214 93137 56300
23215 64470 6797
23230 99145 72644
23266 95866 99191
23295 31762 31570
23313 12720 15762
23319 89818 52077
23368 32809 85463
23425 93721 3538
23483 97787 61233
23495 22864 55781
23605 42791 81348
23619 42635 81074
23621 22340 40249
23630 76770 92023
23693 39419 76140
23727 30760 98290
23746 21473 16020
23787 49368 74051
23792 77725 75762
23795 84450 31811
23840 22214 51922
23843 6780 29837
23891 20746 93882
23906 95693 55830
23938 77934 52296
23940 11885 82678
24015 62485 17215
24034 31326 43480
24133 82011 39032
24197 7323 62319
24223 39054 98878
24303 49721 78846
24336 15828 60846
24389 22635 70025
24404 2672 7031
24457 56554 61204
24466 52654 38770
24480 95733 60002
24481 22654 56554
24513 86319 38648
24584 89294 34563
24664 40251 32926
24685 7490 61973
24688 61330 39821
24701 76551 47394
24807 31571 76775
24873 10664 49190
24906 22847 98478
24931 34545 68380
24969 74698 67743
24973 27211 451
25090 76402 88723
25107 13699 59960
25165 26767 76718
25175 47266 54045
25251 12661 78518
25283 50822 40103
25304 5203 1180
25333 76940 29311
25344 844 24338
25389 27461 17918
25489 10595 11154
25498 73079 31446
25501 16327 92686
25538 78216 99482
25633 67950 46020
25634 77898 61642
25638 31147 9593
25643 48293 65431
25662 90896 89241
25670 81666 52838
25692 97336 92652
25693 47743 21438
25697 96844 78753
25711 79690 56104
25716 1120 77225
25728 24493 61596
25746 40460 69422
25815 6002 58720
25827 40088 53286
25865 70985 47639
25872 19368 33116
25940 63803 22615
25964 18654 6632
25965 50381 76546
25974 73969 42961
26001 35545 9825
26030 45221 5978
26035 65747 36867
26037 46088 64275
26070 38851 25505
26138 43850 75097
26146 48127 98734
26208 81186 5488
26231 94317 66420
26326 56115 85057
26415 73171 90299
26460 15169 53251
26499 30821 43895
26506 23058 70705
26543 23593 79783
26558 57995 88945
26572 66625 42481
26590 34585 83589
26613 84234 15944
26641 51436 32727
26642 89238 20628
26677 49204 75578
26711 54424 69010
26810 33215 45121
26822 67305 35992
26833 75365 19089
26842 62192 23549
26858 7974 27724
26907 33872 98889
26997 11799 43350
27024 60512 20789
27065 21402 52702
27084 23963 78332
27172 75839 66564
27241 88041 19610
27363 5547 86723
27401 89307 75418
27414 24070 49968
27499 98812 33500
27499 94729 54790
27517 86112 54518
27572 36125 35027
27590 35722 63955
27617 26832 1052
27693 19407 63622
27729 26650 81276
27794 12251 42277
27817 27528 82892
27868 19757 88931
27870 97974 7959
27885 39875 27122
27932 41675 6573
27945 87879 30270
27979 3534 76734
27979 52649 35864
27996 39038 94620
28036 23596 15230
28074 6584 57683
28081 97112 82602
28149 96606 27322
28155 38297 99392
28159 9908 12573
28166 8591 27140
28183 87848 2237
28196 25225 3718
28213 3259 28013
28238 56469 13603
28263 52409 50909
28277 53736 71749
28309 78268 31112
28313 50763 17158
28317 56562 9849
28347 23299 46908
28368 63708 67224
28393 99865 9813
28565 45488 26955
28588 40442 59862
28621 67415 27807
28661 76649 27113
28662 37623 98281
28666 90035 86727
28676 88461 73584
28681 87778 10276
28700 16606 30706
28717 68616 85190
28724 34132 87556
28743 31167 79541
28757 44398 44200
28765 96615 89721
28802 54540 34871
28876 1131 14238
28941 89409 19252
28955 62257 37714
28955 27133 12042
28972 26185 55164
29021 39944 96712
29023 2983 22571
29029 86620 94129
29058 86004 77446
29062 67995 83972
29096 5230 66367
29111 26695 84238
29125 93136 98589
29143 68791 50368
29179 68678 3744
29204 49152 81557
29209 42937 12375
29254 91671 1673
29327 2691 56681
29369 72159 42190
29370 42549 82469
29406 54008 69172
29426 6954 11248
29437 61305 64228
29452 49307 2568
29493 87561 10944
29499 16252 66605
29502 84678 62119
29512 80248 63488
29588 42479 21700
29609 40676 64686
29771 12996 91589
29799 99571 22425
29816 41912 63231
29825 37738 88098
29826 30730 17034
29831 51179 46519
29843 57670 98029
29858 30096 78268
29879 5617 68380
29927 33574 82944
29945 12249 46580
29947 59189 86088
29953 77621 80790
30014 83964 20659
30016 85527 55517
30051 87530 73121
30107 569 38034
30244 89091 16393
30328 36782 38456
30329 98866 36788
30337 257 87317
30360 35212 52340
30365 22672 98930
30458 37215 50337
30478 72753 47379
30501 6204 66601
30504 13967 40075
30549 36547 45218
30558 62956 77974
30622 23333 64391
30627 8945 58503
30755 7974 65124
30813 95837 5529
30852 37522 81270
30853 80009 75057
30894 96790 72837
30918 5347 44746
30939 81249 39759
30985 30493 42703
31093 58781 61361
31121 94807 19188
31165 85301 59670
31172 6872 47439
31178 13503 58217
31184 62938 64535
31311 55426 782
31335 34798 57378
31394 25707 63727
31413 53656 7949
31444 76095 11348
31541 13299 1044
31575 41615 32159
31606 58851 60769
31626 48558 27864
31629 16232 16022
31745 23670 93923
31776 16822 1896
31783 65731 19875
31862 81901 63544
31917 98139 14494
31951 45848 25343
31957 26785 2059
31984 58574 11582
31987 25461 62994
32044 53754 89525
32069 44848 23626
32087 72154 59132
32094 99437 81074
32116 18257 54104
32155 84644 38816
32214 12219 6041
32218 20270 69191
32245 35425 47370
32258 44140 47483
32278 39806 16572
32330 15677 88700
32342 74770 61925
32342 49362 42651
32409 82073 89295
32411 67209 60248
32415 12354 258
32445 79893 32907
32455 83879 38214
32480 61554 51043
32513 39238 66338
32576 8373 75401
32639 89521 71851
32669 5335 79665
32685 84105 52699
32689 60441 78644
32696 9841 69257
32712 20348 91090
32726 96149 22529
32778 87295 70495
32806 61565 47947
32881 36795 83973
32882 11476 19502
32893 55392 30354
32893 99911 6790
32912 59802 38188
32918 69144 58343
32948 84843 59267
32956 40 93116
32978 76586 45866
32985 77280 5057
32999 10151 53398
33000 47191 52687
33012 31233 12957
33077 7346 82057
33098 20551 36302
33100 29094 86956
33127 77041 15802
33195 96667 35807
33259 1437 59507
33373 5577 53938
33386 52424 48543
33405 26666 70674
33432 17023 71991
33450 17846 34144
33507 76449 16084
33525 10236 94677
33542 4843 30246
33551 22500 99124
33556 73529 99238
33592 34682 26298
33598 54783 15187
33708 83194 13297
33742 52203 85641
33789 98526 78199
33836 38320 45539
33891 71455 27600
33921 63321 23481
33953 24079 23677
33993 29248 18426
34038 185 29838
34063 5775 31803
34077 97996 59703
34129 95371 81882
34149 81008 53344
34161 73196 21425
34171 4722 3
34225 62279 18795
34251 73414 71343
34309 30007 61905
34312 94733 35553
34331 89371 91247
34367 59038 52715
34394 33853 35425
34397 66411 57826
34398 88552 68147
34503 66063 63973
34507 45618 39642
34539 71934 78901
34576 92242 15223
34673 19704 54528
34691 15565 47542
34704 56770 7226
34854 93056 16171
34947 83722 53156
34954 25114 59722
35003 55225 17008
35018 89647 59099
35045 53958 87869
35078 2481 93684
35101 58519 17082
35193 27523 86040
35204 56900 69114
35223 20996 66017
35255 57886 2359
35273 58981 72764
35290 82040 4606
35309 11389 22601
35497 42288 7235
35517 5161 65851
35526 6352 17190
35544 31165 8562
35567 3935 56310
35572 30206 97878
35630 63154 79362
35639 28344 71506
35647 32646 14393
35676 56360 96746
35727 17617 57453
35735 855 65025
35766 11533 83026
35773 16130 74925
35890 27682 19779
35905 75453 45997
35908 31081 46917
35909 90899 6141
35966 15505 12531
35974 15531 66790
36007 87200 43559
36027 78434 96027
36043 80341 17399
36057 83648 20086
36098 4146 71805
36141 81164 27623
36165 70884 69278
36224 44197 8432
36319 55409 92982
36384 63321 7673
36454 14297 18223
36464 56198 83536
36466 59399 79431
36508 50035 12555
36532 59849 75345
36602 13092 58288
36641 34861 78796
36654 42934 82699
36843 31928 6820
36864 78025 13529
36866 39720 25035
36879 41638 87846
36892 45484 2503
36936 55207 79347
36982 59258 4569
36983 73500 19715
36987 29605 88141
36991 75576 82830
36993 89306 16016
37010 36738 65188
37022 23064 12423
37055 5212 60892
37059 75192 84470
37092 3659 30914
37112 43880 75417
37134 74597 4926
37165 12263 23213
37222 17380 20730
37305 89211 46986
37320 33419 49407
37332 80966 93353
37357 74043 87571
37367 14837 7532
37408 36980 40616
37413 37173 60991
37424 82512 25475
37514 47567 89318
37537 71602 58949
37561 27937 71782
37569 68341 22660
37699 66909 81414
37840 60586 75411
37859 42550 10450
37868 93908 61369
37870 23323 14693
37891 26871 68159
37901 43590 48960
37995 20049 29837
38018 82644 95898
38129 10278 60002
38193 46340 69964
38200 44078 19172
38212 2278 68744
38221 80577 57656
38309 46858 94418
38370 3976 32995
38394 37758 21630
38409 88365 53896
38415 35592 95791
38418 61850 9142
38431 65757 40445
38462 12733 1638
38487 42290 41212
38549 50916 47781
38574 78449 69298
38596 54253 49568
38678 25898 85204
38723 71561 22500
38724 93711 85920
38736 68440 76279
38750 19802 79391
38866 73884 33657
38882 55450 51237
39077 70092 67609
39094 34162 15074
39097 97937 29939
39108 23801 14670
39143 45762 74912
39188 25492 75539
39201 75555 55346
39227 65092 33547
39271 77334 20379
39303 93266 19050
39375 1608 57467
39376 19718 2548
39396 95226 22612
39431 55310 16949
39453 59841 99155
39485 30709 25602
39489 29538 36993
39601 23367 48382
39625 12010 11522
39751 8243 95618
39769 3890 47683
39849 86981 43512
39892 62869 49434
39947 51792 13265
39967 90836 51915
40012 82038 31534
40103 34610 94995
40123 4833 14436
40210 53204 21277
40219 16328 48692
40230 65243 52445
40273 43392 58046
40282 18398 36425
40378 86416 26365
40399 2654 78161
40400 25065 9588
40465 71898 68430
40466 83557 28336
40470 46478 78967
40476 84911 18866
40507 11955 22018
40573 95388 78569
40578 27237 30174
40591 57853 24528
40595 33983 50385
40622 24607 47475
40654 94533 67077
40688 84929 94516
40713 92454 55727
40731 25323 30684
40757 65176 47696
40760 23367 29847
40778 34066 24047
40795 54630 97201
40802 85238 6350
40825 69052 68436
40882 28996 23997
40895 41181 13903
40904 27649 31129
40949 52012 38066
40955 8858 17137
40973 79403 75520
40979 49291 44747
40982 60974 17447
41021 91708 77276
41021 57165 34173
41065 74357 47968
41121 52291 90240
41131 87919 18171
41232 90450 39164
41397 77560 85539
41419 60486 1215
41422 31959 98605
41435 27602 48641
41441 40866 96979
41444 80871 45692
41457 44359 2011
41533 87315 58203
41561 68453 15473
41597 83172 19527
41625 7265 17102
41642 53499 83764
41702 86108 40513
41704 17114 35000
41738 31286 4645
41756 154 26915
41781 63212 25918
41834 7263 60097
41844 54565 80590
41864 2442 35665
41877 38319 56256
41901 46390 77272
41944 25957 52285
41955 48979 91064
41970 83654 95816
42053 92919 57585
42155 58242 66544
42206 77230 50678
42206 59415 37292
42253 39729 34084
42268 25218 81591
42306 86737 981
42315 60301 81682
42377 90437 72676
42413 27154 67213
42426 92220 86238
42428 87047 15081
42449 73903 26047
42465 30758 6545
42467 25078 54761
42501 23649 60218
42513 64716 17640
42515 11534 39706
42523 89040 59922
42537 339 34059
42561 92327 56111
42564 83572 8970
42613 43585 21335
42614 39103 46516
42641 61767 34248
42658 63196 77070
42704 76946 74478
42723 7316 39222
42741 24723 78919
42759 22392 38837
42813 12110 79740
42843 56853 3909
42848 90269 81101
42853 71713 42006
42869 36739 5198
42928 47796 80190
42975 39170 18553
42983 44194 37982
43082 85636 7177
43082 13485 15670
43107 74416 83572
43122 80577 4107
43122 66582 23368
43142 44540 21339
43202 52117 9659
43212 71140 33388
43267 72879 54724
43268 25141 72117
43279 6321 39185
43279 58874 54935
43285 74792 30546
43300 92474 63578
43390 37805 3367
43406 98958 60664
43422 26801 64598
43452 63202 44521
43511 521 36463
43538 20911 25378
43597 49601 73378
43630 37833 82284
43694 18169 51675
43709 547 5066
43732 6187 10060
43765 52320 19954
43818 37476 75970
43868 14247 84599
43882 20314 97759
43891 34372 96720
43902 90496 85254
43911 45832 90934
43931 43115 88451
43954 85362 69881
43955 16752 49257
44001 70381 6787
44036 1221 32789
44067 89995 2419
44073 11868 37604
44093 652 62765
44105 34 24342
44117 15753 3932
44153 15456 53066
44157 27549 61861
44181 66159 92389
44253 42575 62810
44253 67758 50044
44264 35164 61934
44348 12001 2959
44387 53341 91389
44427 58646 38890
44438 79661 58858
44575 5534 41642
44597 15657 32062
44625 26472 10176
44670 20327 96740
44707 84519 84255
44727 34713 47570
44764 55166 44222
44782 73280 15423
44794 99009 6527
44797 87292 79966
44827 51866 15948
44914 84502 79246
44938 65233 77315
44944 96347 49120
44976 3922 11821
45078 41094 54626
45093 37767 49008
45102 37082 38116
45169 60142 52587
45216 87238 50665
45231 38091 77092
45249 14042 1411
45252 42011 28108
45278 62335 31004
45289 29245 16106
45329 31814 92853
45335 59311 23170
45389 51183 47692
45408 60992 81384
45438 23343 37573
45447 98523 17301
45493 90867 1566
45529 58037 22439
45544 57561 51131
45566 96266 19147
45622 60282 63604
45622 28387 11663
45633 62083 14285
45668 64337 17065
45720 62339 84817
45722 58955 61064
45750 20570 88292
45811 67013 6906
45811 76288 52113
45855 98384 75782
45859 42145 11098
46008 71826 3418
46018 31054 47106
46040 4272 58563
46104 4654 9458
46161 31247 85234
46175 34484 83652
46183 71316 72715
46267 99069 8095
46272 15345 91325
46328 79314 52274
46355 91100 95518
46375 533 38563
46381 50623 37406
46443 70766 49
46463 71499 55334
46471 83137 90823
46542 27626 55782
46559 72972 20305
46575 56368 87082
46595 74201 97842
46609 99344 15926
46640 7940 20978
46676 5001 95638
46748 53208 78293
46762 15418 75824
46841 63114 46176
46854 67450 84121
46908 45005 88278
46922 70298 89160
46970 40833 43865
46971 60089 85984
46973 94872 37101
46991 56617 32023
47010 42274 81821
47035 11517 85739
47159 67598 81858
47164 20107 75414
47172 11917 84761
47278 19588 34193
47294 60224 3279
47355 87852 60329
47356 91412 88584
47386 29177 94621
47398 26436 11897
47412 80236 27520
47486 13975 3124
47488 72852 71425
47559 3484 35777
47564 57188 86126
47597 41972 62538
47738 16802 19857
47804 71738 34489
47806 76375 53141
47808 3180 29911
47885 22154 42152
47894 77547 806
48082 87530 76635
48084 32194 1750
48152 5239 25652
48168 46092 91987
48183 58963 732
48190 99401 53344
48231 1514 26988
48234 69488 63066
48266 40543 82868
48422 33434 54673
48498 34669 64644
48525 54413 78688
48539 140 55812
48596 33109 16813
48648 94586 68121
48728 30733 94884
48733 90060 68206
48742 10056 51870
48752 55219 43609
48875 77763 6247
48891 54828 3624
48921 11931 43361
48946 80077 28834
48980 3332 61070
49005 32040 22975
49007 23772 80121
49020 82198 92729
49028 8576 45764
49053 12327 96751
49062 33259 62584
49096 12218 34875
49133 6170 751
49309 34448 16900
49332 27677 13871
49363 78563 71003
49370 71085 8057
49374 70382 52863
49399 33914 90018
49471 69915 23055
49474 98748 56917
49508 27695 62716
49515 13925 4757
49528 55408 96274
49546 81619 32509
49546 50222 74123
49626 48118 31676
49645 97687 64911
49715 99646 44
49883 23729 69556
49901 56142 86888
49909 68685 35880
49954 85646 71421
50007 88646 86051
50009 79362 84577
50018 4157 31334
50050 25989 25686
50061 90739 85885
50070 32128 18699
50088 81620 74453
50133 84826 85322
50141 2078 35261
50213 12710 62072
50260 98069 40732
50382 61322 23800
50513 52456 20952
50571 26550 9510
50576 95969 40152
50577 14235 61657
50662 94609 97416
50689 24781 99690
50753 71161 19681
50767 66000 19912
50819 78101 64105
50823 54351 79103
50839 95214 47835
50913 15379 52138
51001 58382 61062
51032 5249 12416
51103 1688 16564
51144 84662 56662
51146 31216 23534
51170 34765 63970
51175 93914 14934
51193 56354 51633
51238 52368 99131
51242 35217 43947
51296 94419 40737
51355 2366 46284
51389 23128 69335
51393 78618 33903
51569 33732 45980
51578 78705 71821
51598 92661 53295
51603 1626 41807
51711 33134 70696
51718 10752 85589
51779 23677 36535
51796 16677 20975
51827 53228 10605
51864 30046 76522
51872 62079 22066
51887 95394 3293
52081 44612 28600
52192 85480 34536
52195 10965 78524
52233 58665 78008
52237 31187 90520
52242 73493 20943
52251 84890 42213
52330 62260 66727
52331 63220 58453
52381 27085 87030
52427 4127 667
52433 20478 26844
52493 31412 56947
52598 10495 67997
52604 11271 75763
52625 17255 56678
52631 99342 76664
52637 76008 89350
52668 42067 70602
52703 48215 36027
52759 86444 35026
52779 5638 40388
52866 9727 81078
52976 5738 27249
53022 48995 15592
53026 40569 24914
53042 58580 4958
53120 45127 41545
53172 38102 22638
53259 79888 97052
53275 50924 94501
53277 22025 57287
53285 17963 35766
53303 8165 56667
53311 75138 47845
53322 21685 93788
53340 18130 53166
53411 54624 6106
53431 81232 65133
53541 35597 45494
53555 70738 81847
53585 50362 18525
53585 20358 81034
53591 19878 98129
53619 8424 70336
53646 11236 38882
53681 65405 29503
53683 97869 49310
53725 70920 72661
53749 18872 76090
53805 21531 4459
53812 94453 47629
53821 34386 77047
53867 25734 43499
53886 58402 15927
53920 29342 94218
53936 41802 98614
54030 6037 58113
54054 86040 77163
54103 82122 23859
54150 36272 20561
54152 60548 63160
54167 93829 64015
54222 3341 87305
54276 74256 90619
54277 19514 66989
54277 80740 68204
54325 96246 50667
54390 98576 93155
54392 75714 78547
54404 49117 39780
54411 74527 87276
54433 8865 7573
54482 58337 94061
54497 97406 18969
54507 70762 48146
54553 9902 88069
54557 32916 99890
54598 77842 45927
54620 80381 4845
54671 51441 92428
54686 55257 33593
54704 32055 62852
54722 40275 15260
54774 23019 82098
54813 31330 26518
54832 91754 98417
54873 51400 74098
54926 43288 84412
55016 58981 16948
55032 14666 78509
55062 13118 848
55065 4963 86180
55108 17397 92887
55138 91391 94797
55174 71247 92982
55180 38190 48896
55230 58708 12752
55238 97420 78201
55305 48471 35140
55318 43417 64488
55381 34337 85000
55407 3938 58826
55470 66981 99995
55509 62216 40316
55612 25009 84609
55659 45984 8733
55751 81152 93305
55770 47105 49701
55803 95582 58839
55883 5655 47056
55919 80976 26176
55920 35413 97968
55974 55697 75361
55977 36338 14077
56032 30979 83266
56074 99458 33308
56079 90328 88099
56122 50880 95628
56189 52446 2384
56190 83932 47128
56200 73155 72767
56216 6981 94717
56244 88318 80160
56288 73584 92768
56327 38883 19029
56346 37338 42492
56362 93698 26428
56366 51119 60283
56391 1355 67470
56429 48555 65244
56493 11868 55537
56606 6120 87308
56758 52149 8799
56829 50813 33463
56836 46892 35220
56930 40881 28982
57050 73859 88733
57067 16620 78095
57174 24390 1241
57177 91555 87165
57177 50913 90222
57232 44088 64642
57305 70043 11362
57336 78912 31358
57339 91196 31857
57358 33370 78483
57380 91429 22771
57407 13239 19897
57424 65711 21468
57490 12276 58503
57533 18581 4173
57560 77009 15093
57568 97339 43746
57582 62147 88077
57592 60655 33601
57595 55668 36033
57642 1839 16390
57649 29829 74928
57660 2631 17658
57687 97977 38169
57849 35023 56720
57880 55421 46496
57882 49660 87502
57947 81287 14330
57969 61144 44420
57969 41561 57439
57979 82341 56443
57993 7157 1523
58016 64054 77865
58141 11806 67800
58188 99125 11556
58210 7490 73294
58218 61429 76376
58267 27050 72456
58299 60421 2108
58300 37725 6713
58305 11542 57700
58361 85731 50149
58430 1817 53338
58466 27181 25474
58466 98023 61310
58478 46493 60428
58499 41507 19472
58539 55512 97913
58628 69198 17098
58635 95925 97334
58834 65783 48790
58858 49877 16368
58957 82381 78654
58972 91971 64258
58996 62897 1014
59081 81090 22822
59114 52312 88376
59126 26081 70728
59142 72448 76894
59145 46310 60730
59159 15567 86174
59160 98070 64743
59262 42095 24282
59336 60404 16529
59358 60145 64958
59411 2058 91456
59433 82168 7382
59449 56992 28789
59494 37375 77678
59660 86453 83159
59662 86652 36971
59676 55221 54604
59722 74641 6650
59766 8244 36845
59778 61189 53682
59807 30860 76272
59820 66032 37770
59854 46658 92183
59922 56044 40935
59935 69305 8524
59936 63525 14632
59969 21228 76527
60015 54658 60587
60024 77460 65995
60067 40505 8402
60125 95395 74677
60136 76268 60540
60154 31579 33245
60172 3546 14300
60211 13269 97634
60225 91100 82437
60249 7724 27864
60343 45006 99233
60352 55001 95102
60375 59783 39773
60377 94632 2320
60398 7532 30488
60432 8394 25445
60455 54397 76451
60582 2018 13002
60594 48429 69846
60603 14069 13545
60668 6726 61435
60709 94893 32226
60747 76682 19650
60832 77728 50582
60843 31019 97800
60913 1149 99307
60953 34027 34906
60980 91638 76875
60998 97778 80004
61012 88324 6042
61017 24822 26380
61036 91534 87030
61076 98441 83788
61127 58980 52610
61128 96104 54361
61135 59932 98820
61155 84841 19428
61157 93187 15019
61201 97177 71004
61205 27021 56412
61215 4696 60923
61257 18836 8881
61291 95988 72449
61398 84388 51341
61408 95471 33049
61463 91754 96732
61478 40826 83219
61573 69527 80278
61581 80541 18906
61594 2188 23313
61624 53468 54741
61692 63093 44491
61741 4588 96901
61833 63867 58696
61884 29139 94745
61887 50011 74637
61942 90237 48376
61958 72672 22593
61973 91845 40460
61974 17548 59646
62033 41828 68893
62041 34758 66082
62049 7580 16852
62088 16070 92344
62114 15564 21615
62115 32815 34212
62227 77738 90577
62308 83595 14509
62346 73956 61176
62355 38171 85909
62361 63642 17370
62390 63429 83931
62457 16443 29706
62461 72387 79438
62473 27941 29561
62488 89783 11807
62499 59341 67489
62514 82956 65769
62528 73574 38705
62536 53462 7654
62553 56717 21982
62566 80502 70798
62636 64405 97878
62652 96293 92011
62660 46960 2592
62678 20560 51654
62888 50783 58607
62893 95888 21585
62931 55952 1791
62981 41378 92213
63040 96872 72506
63092 97594 58778
63137 285 27001
63202 23239 15008
63213 53452 80691
63256 78295 81913
63300 62441 63446
63333 36907 6482
63336 80583 29316
63352 90609 1225
63442 57844 95093
63494 64784 59857
63510 51210 32109
63523 21650 93525
63571 4377 75868
63603 65903 27662
63641 71958 49068
63682 69447 42751
63765 72236 28145
63784 62264 91723
63794 56331 97932
63797 43635 86063
63797 4172 86702
63957 5433 40583
64027 90929 75414
64031 35250 94260
64067 57656 20822
64082 31564 86416
64128 66050 85271
64317 65545 85485
64321 44210 72952
64321 13143 69977
64375 37205 21516
64435 73161 54736
64466 85044 68855
64523 87528 86355
64556 37896 59886
64571 13582 71371
64631 55480 36273
64704 41185 38470
64807 60972 10814
64807 98796 30046
64814 11250 73561
64880 28281 15159
64883 1262 11019
64963 97813 36796
64967 48335 84727
65126 53519 25243
65181 3382 808
65192 52050 52449
65206 87720 26911
65308 27416 80134
65364 76201 46327
65462 24735 5057
65505 65555 27012
65513 46157 91561
65562 80306 90861
65572 26253 57768
65688 22312 9672
65700 5617 72851
65762 38032 29260
65876 3180 31578
65925 79422 20199
65940 60107 11733
65962 25972 78978
65968 35389 89480
65989 13958 64762
66005 9373 48282
66021 64808 13902
66038 40581 23374
66061 56208 74813
66140 8946 85478
66140 74406 62592
66269 30352 55122
66336 44010 74061
66357 26738 53732
66360 35642 50399
66376 83118 76613
66388 87467 76205
66396 25488 36850
66409 2808 83837
66423 1188 28731
66465 42163 86363
66584 5443 16660
66586 79235 23161
66641 21455 52425
66661 21413 35625
66690 41584 21725
66696 48297 82565
66700 7075 21626
66716 21635 45677
66796 52270 1966
66828 85318 26331
66860 10092 39486
66860 18084 49284
66862 69269 85359
66943 71367 76479
66957 26508 37951
66971 36512 10368
67033 74549 90051
67066 67432 10442
67170 30908 93184
67276 34142 47022
67299 22224 84440
67351 61531 12487
67389 91370 36820
67439 68265 9834
67462 98114 66042
67562 96052 16570
67569 10686 15778
67579 42697 47630
67591 31560 85066
67619 32323 78173
67619 41909 2167
67637 97206 33349
67699 49658 5034
67750 81431 19544
67767 63707 48108
67773 39809 79824
67866 89322 12614
67895 55379 45103
67931 33734 82967
67975 14593 7341
67982 3499 38940
68020 94385 27722
68026 11541 87802
68031 93228 91444
68091 79399 88994
68096 13808 47318
68179 3021 18129
68190 69267 40477
68219 74093 42689
68224 95871 45721
68242 32278 79970
68319 23696 25888
68321 13849 22371
68352 36754 83326
68361 96841 99107
68406 46945 10815
68420 80413 84215
68445 97926 62228
68480 92684 18790
68489 53189 4419
68495 24939 10938
68502 54651 92457
68505 68699 35194
68569 92867 50130
68646 1688 7813
68662 99457 91950
68695 36353 74896
68759 45477 38310
68791 12252 86865
68866 9679 25955
68894 91008 34658
68919 59117 24750
68937 49301 92527
68959 56465 72206
69023 35520 16302
69116 23547 69345
69119 22581 584
69200 40311 47193
69219 91383 56681
69230 7115 86376
69242 79409 11185
69271 42228 32423
69293 18322 60602
69302 16639 24756
69308 78982 89374
69361 88444 49352
69367 38894 14837
69379 28769 24619
69435 40140 21392
69438 46544 33952
69453 6902 41624
69631 11127 96311
69632 65859 17417
69646 64091 12997
69683 3996 61101
69693 74269 84390
69707 77091 48105
69725 94938 3222
69785 6402 85043
69807 60670 49315
69839 52906 12896
69892 69272 85552
69932 30126 11118
69956 2759 34134
69961 99829 83223
69980 73110 36342
70011 29461 5960
70012 52540 79129
70081 80605 83996
70125 80062 28232
70127 14269 82500
70136 67531 41081
70148 54381 19905
70163 3857 41221
70237 58847 20111
70295 38925 69179
70295 94497 70435
70358 8380 11522
70365 77281 28408
70367 38912 78674
70387 5601 54388
70401 4822 94242
70411 55785 59093
70421 11728 25425
70453 27554 80536
70468 77300 47104
70469 77514 77597
70473 87006 27325
70517 64836 64327
70533 22997 2230
70573 49110 57321
70636 19954 58246
70638 68669 93949
70666 97518 59675
70692 35864 53387
70719 85074 97977
70793 63348 32172
70886 27833 26490
70931 34417 46651
70936 6147 64398
71028 26743 81015
71053 42552 7302
71129 77690 59456
71193 80955 4994
71262 60923 85027
71294 71729 94598
71332 70355 38652
71352 74659 33905
71413 88490 9152
71487 63313 71133
71503 37591 50988
71578 68833 69307
71659 66129 59928
71702 7334 34774
71764 47136 26877
71771 33408 27027
71787 24475 36841
71806 3577 44985
71808 65132 32829
71819 30596 3057
71841 26544 15107
71842 11331 62157
71910 78175 80010
71923 63160 20017
71928 88957 36161
71942 36825 73179
71947 26703 69921
71984 35525 22127
72002 35584 99515
72006 39424 72610
72007 13985 32467
72022 5236 54866
72045 30129 15838
72048 39115 8192
72082 62664 68947
72090 416 70603
72100 48249 5189
72120 98341 43022
72129 97846 98129
72186 10383 15986
72255 98307 27019
72257 18162 32264
72275 13157 50043
72332 9485 16782
72355 90978 88307
72357 65976 66023
72367 44138 94939
72396 69955 74464
72397 96735 4947
72410 28821 90480
72458 38749 19915
72483 13390 16450
72527 78573 53919
72577 51784 82638
72689 11462 48195
72692 56723 16510
72723 14378 94659
72726 49940 47493
72741 79432 39958
72742 14872 5851
72764 97769 48591
72774 76493 5684
72800 68686 54533
72801 77438 34066
72816 16707 26127
72826 79839 83892
72871 82352 17895
72919 94819 42667
72954 61189 12585
73063 8356 21588
73066 96441 96592
73067 48455 43759
73079 66235 8037
73130 19662 56864
73135 19951 32330
73143 73385 92682
73163 99643 27994
73164 82623 70156
73220 90064 80268
73300 70755 84199
73342 87219 73010
73379 1276 96887
73446 44247 58399
73470 2323 69630
73543 30856 83063
73552 45011 76083
73579 87588 66428
73589 40685 37765
73615 27099 766
73685 91285 82260
73764 86897 16741
73842 62822 64824
73852 53845 81299
73853 63642 16244
73866 26509 52010
73871 54871 29994
73880 75908 41971
73897 56624 16422
73909 89226 51779
73910 16375 6893
73988 19935 59099
73994 72426 98141
74022 43863 28848
74033 89309 85313
74061 22302 89277
74110 67001 40926
74122 16435 32784
74133 38772 11199
74144 5963 35099
74221 31655 76712
74224 2031 80198
74287 74583 4772
74295 51405 14277
74372 89674 20827
74495 12926 17627
74529 28491 93772
74564 41877 77943
74577 11139 69777
74594 52746 30668
74616 54571 82840
74619 23731 61634
74628 49859 84412
74723 94568 69201
74724 49417 5079
74755 63237 7865
74783 2784 31
74784 40696 11617
74832 82705 75400
74936 76205 12502
74981 46808 43597
74990 82492 97543
75043 35229 94414
75121 8676 5710
75144 21044 22470
75253 3766 79908
75318 15619 55413
75346 73552 63617
75379 82204 8175
75428 34691 19406
75429 8179 12838
75449 4768 94290
75459 97624 66352
75462 27200 85528
75485 56523 64736
75507 23860 66431
75519 29116 361
75542 79314 78116
75554 92043 26722
75595 15322 37405
75603 9346 37925
75614 23013 44617
75736 45749 49278
75739 94135 11982
75761 70289 52059
75800 95177 89144
75806 21855 74180
75810 47949 70665
75817 62437 38629
75841 71622 18846
75846 84702 55796
75868 66956 37991
75907 23765 33086
75936 91602 45713
75954 65163 50335
75965 27625 8899
76015 95489 65942
76077 73249 59839
76081 82090 65079
76102 89753 6024
76112 82030 18832
76160 26665 38399
76183 42765 36648
76225 45907 53226
76306 23092 89660
76332 90802 79900
76334 96646 30904
76334 55372 92476
76385 57627 4776
76401 59951 23600
76471 34390 54224
76510 5850 84548
76532 65973 66687
76559 22941 4303
76586 25499 31221
76602 26618 51060
76627 2994 59309
76636 63244 13301
76641 14860 65053
76644 29011 70467
76654 77841 31035
76674 4462 28569
76684 6386 52322
76688 86180 62306
76719 79336 98182
76780 51941 11591
76797 12897 41553
76822 96264 1470
76855 5336 78046
76874 51873 95945
76909 81227 90595
76919 5839 9444
76939 30852 66507
76954 25704 88047
76977 65218 27160
77051 74397 94019
77148 17557 67057
77154 16486 98432
77168 24198 34106
77214 69689 63627
77262 43693 86119
77267 71464 18545
77280 97326 72186
77284 70052 80093
77286 66698 64521
77297 98650 40106
77357 82957 89404
77464 55411 92528
77520 54152 13007
77587 51365 19317
77596 53561 22072
77614 9378 50136
77661 68416 41608
77732 71885 52901
77765 9365 41941
77775 25278 46006
77810 42953 71960
77816 781 78833
77846 80749 91520
77876 52229 76441
77887 66031 40144
77914 47293 25005
77921 97248 90271
77923 17962 64799
77955 3909 10475
77984 14668 71029
78073 51070 60672
78110 17413 98967
78122 90511 95615
78130 17015 65117
78168 78381 66499
78172 89154 47737
78213 4754 66032
78213 67539 23217
78264 88370 27736
78272 19368 7008
78308 56768 62913
78327 38374 27743
78349 45796 45813
78369 3601 53388
78458 24937 10610
78462 29166 7200
78490 73581 55335
78509 32843 84490
78563 37492 12334
78565 70106 35526
78677 47159 29274
78735 84902 68584
78749 62412 5541
78759 1960 52793
78773 96612 69351
78956 96123 23178
78974 13675 80605
78994 72440 7025
79072 12002 94249
79167 54507 10313
79201 42920 46786
79238 82987 41432
79257 10041 15392
79290 79207 6510
79296 18375 87989
79322 43943 17098
79361 53753 10533
79440 9488 77572
79446 14836 28126
79456 33730 12168
79494 8373 66785
79550 61810 89271
79620 90452 2164
79711 50767 19091
79723 10147 56800
79775 62084 37646
79780 50405 96356
79787 46885 33257
79917 21007 69275
80031 59170 13829
80062 51657 46970
80091 46771 53072
80113 39412 85
80172 10208 26675
80204 50519 41398
80219 5629 74689
80276 65714 45501
80303 35479 38608
80323 71777 71748
80420 17786 3727
80450 66216 64401
80459 45574 66325
80492 22290 67221
80514 89459 20906
80525 58259 37109
80537 478 35179
80552 60811 60989
80571 68281 88282
80616 91583 17397
80623 32493 1860
80696 35837 33970
80705 58556 28062
80742 53756 48493
80790 4825 23477
80809 49671 29166
80816 86968 51157
80872 4482 7888
80901 25256 76820
80915 40143 89678
80921 12587 83633
80991 5820 15616
81030 55762 99395
81109 28436 4956
81117 11583 38666
81148 24795 37763
81242 96565 92661
81254 25260 1744
81300 63602 35317
81411 29250 70207
81420 76712 65569
81492 67180 77162
81504 44351 38717
81508 16679 6464
81510 28320 60342
81526 26796 26459
81545 95252 55328
81581 49274 98716
81627 49586 90450
81643 53975 31227
81715 28734 21070
81720 81295 7931
81799 57147 55107
81834 85217 96106
81879 3570 47890
81942 70854 41681
81965 32800 9217
81987 44250 15748
82023 57232 18113
82039 2667 69774
82041 45267 35480
82075 48814 79981
82089 83133 36275
82099 8929 34327
82109 6271 79113
82114 57256 29169
82153 71543 61266
82154 97189 12412
82163 54884 21530
82169 31490 11799
82192 63103 64346
82212 64953 69800
82224 72514 17439
82243 49364 366
82324 23717 22601
82337 11224 98286
82407 6907 99211
82457 670 69155
82476 10501 49029
82482 53940 89819
82519 96352 87913
82546 88584 86334
82572 74906 74689
82620 69304 27595
82651 81743 31194
82655 72980 99180
82710 55695 31787
82712 72029 12685
82779 78603 89763
82817 43487 9342
82817 9885 91060
82819 29718 63712
82832 17798 4399
82880 63377 37701
82991 25753 7305
82998 36773 88635
83035 65156 31196
83036 34083 41214
83102 73501 58117
83115 7035 39145
83172 95080 53927
83184 35924 61770
83249 7957 52566
83335 63090 91968
83340 74523 40340
83380 28854 53666
83460 76961 45165
83542 66765 68602
83564 9377 21071
83568 59313 10563
83570 36792 25519
83601 72243 2596
83645 66881 55865
83674 30746 340
83718 74812 26816
83736 91035 20444
83779 98916 44545
83790 21595 33716
83893 13595 95649
83904 75522 96319
83917 18334 32683
84086 9397 52386
84108 52831 96224
84137 92235 45771
84169 37367 14501
84235 85541 46722
84246 62975 99670
84248 58800 94467
84306 10726 10845
84313 77260 24539
84328 60278 15126
84380 36104 45626
84380 20761 67071
84385 25732 16778
84417 11438 78038
84443 79586 65566
84460 61751 1728
84487 65282 80440
84499 56440 95129
84523 27229 63390
84752 40686 5439
84842 25155 52333
84856 64572 56236
84908 98742 35181
84913 45107 94166
84958 18795 49254
84983 31679 22256
85008 58653 9908
85061 77509 17845
85063 42257 28056
85083 29247 18908
85184 9721 68091
85228 34516 31584
85257 23910 86593
85269 38525 10695
85305 21786 42988
85335 86563 17589
85446 82097 26189
85463 86006 63154
85468 32817 78821
85522 93865 35434
85566 26529 23775
85590 97197 70154
85677 70743 21499
85937 13078 21206
85954 16682 35771
85996 91293 33871
85997 38501 35522
86063 53563 83199
86066 81769 39473
86067 32130 15033
86114 38665 37588
86155 90872 95895
86164 42986 6122
86186 61009 63391
86197 49657 64660
86199 207 74059
86216 40786 9190
86226 91876 20414
86272 16700 25990
86368 31760 41914
86374 57149 78594
86376 57837 31086
86380 73514 30419
86436 64665 63287
86532 1277 94828
86618 31918 23033
86685 33408 26615
86707 30493 7355
86714 32658 86794
86727 12999 98242
86729 46380 75292
86758 10648 18033
86771 10763 4341
86835 87013 92071
86844 65457 19521
86865 4422 13289
86923 56178 89159
86933 82351 80458
86937 27799 49269
86970 11944 59176
86993 17057 81607
87006 35644 47751
87046 47849 27911
87061 3622 39262
87071 29243 50110
87083 33211 85539
87096 84354 27266
87106 99305 85064
87109 45677 19414
87152 68941 40539
87161 77950 3379
87181 26343 97326
87195 69782 37122
87212 95183 86384
87212 63418 71671
87248 65630 33648
87254 73048 23801
87258 57442 54088
87335 2781 2917
87390 92393 23176
87397 48050 93904
87458 7828 84866
87469 99780 56356
87518 73113 84185
87536 39650 36429
87548 35567 5748
87606 51832 87159
87620 66777 25209
87629 25352 23960
87702 41939 57315
87771 50065 36424
87776 85170 88720
87823 19590 42505
87840 10630 63266
87909 7138 18968
87922 58669 96030
87957 78982 30195
87981 74749 15814
88025 71951 74053
88113 47268 67708
88116 21780 48830
88154 59600 52944
88201 13958 678
88202 6792 45521
88208 671 85288
88225 19382 79809
88261 88085 18701
88275 58221 10530
88276 69875 19813
88287 75220 42382
88322 76671 42076
88380 67571 69047
88418 17199 38805
88420 53906 31293
88436 36701 3451
88473 12759 44399
88490 82409 27610
88630 41731 83206
88661 20461 80621
88880 13299 95011
88881 59699 78117
88891 35803 4714
88932 66245 40462
89053 95776 84057
89125 94813 25171
89161 36584 162
89215 75492 50207
89239 51133 25606
89247 83472 20372
89470 34248 49342
89472 52344 87061
89476 42592 7798
89517 21808 12709
89518 75218 86490
89523 20073 31349
89551 91574 94001
89559 58495 37487
89602 69857 32039
89608 65420 33482
89614 50495 46283
89629 6015 13940
89719 33512 81240
89759 44713 80935
89785 27750 19776
89901 50747 46818
89905 44367 53339
89939 51187 6007
89957 23350 35544
90027 16722 2620
90034 1791 91787
90038 85245 60878
90054 33127 66116
90072 16498 90287
90076 61947 58425
90142 66721 36234
90166 29100 35847
90186 51025 33978
90188 36330 94189
90224 12233 67191
90226 55383 94008
90269 8915 99380
90323 73719 97341
90411 42355 54331
90416 44825 98036
90420 92027 83565
90522 37289 93851
90537 84073 87381
90538 61573 72288
90591 94890 55501
90625 61727 95504
90761 75506 7871
90788 91455 97077
90941 16176 54585
90951 15774 7276
90976 50102 70373
91052 92779 83050
91082 19074 39599
91145 98311 52483
91153 77274 13114
91163 93357 29354
91184 16778 41601
91206 30245 29479
91212 8000 6145
91230 39417 98490
91239 64153 59840
91364 81519 5259
91398 67863 79376
91405 80727 49256
91417 87864 64184
91437 80010 8466
91443 87713 56211
91446 469 30035
91482 58630 91583
91625 44608 83249
91633 18865 90330
91640 80215 79787
91651 22859 41266
91684 59991 5733
91720 5716 63381
91770 6443 26540
91785 55649 19840
91829 15718 95279
91843 98164 53167
91847 83204 3511
91852 32994 82927
91890 69599 86413
91940 31304 5583
91941 51810 79383
91994 98056 58353
92021 9449 7399
92026 68749 93722
92094 99716 84477
92097 41354 17943
92108 61502 95561
92135 83987 97021
92213 45430 96536
92228 18726 48024
92303 61434 83885
92400 34839 15095
92499 60398 44926
92622 92101 54847
92628 16470 37894
92676 77327 12113
92858 26558 66770
92860 47440 37286
92869 83175 96012
92939 38160 82173
93036 11095 4304
93037 52761 2128
93043 16791 90598
93045 43288 12724
93077 13450 61879
93083 68581 41700
93084 25851 6419
93112 87015 90894
93208 19635 34586
93226 41057 14917
93391 70179 76786
93392 50715 33351
93398 79833 72391
93410 59828 7015
93421 96484 98472
93477 62941 19835
93494 89629 52674
93509 64216 64875
93525 62100 62374
93579 57941 72459
93729 36916 5563
93781 81682 97733
93815 9851 91499
93824 60838 4879
93855 12090 5132
93889 59706 74618
93895 54939 23278
93990 57854 38634
94006 83735 34592
94032 52490 55830
94042 68305 75626
94062 70871 83061
94076 49448 3837
94119 62173 13769
94138 63849 67308
94197 13496 3195
94283 86510 53496
94292 20929 77111
94299 32254 16431
94309 64194 39608
94329 37451 9963
94340 83248 61408
94345 10143 82822
94375 13502 17973
94386 83024 38966
94441 78781 42592
94501 42113 68572
94513 67436 22741
94516 51151 15141
94565 11131 31423
94589 53065 44788
94590 72582 62692
94592 3030 25601
94626 61466 62050
94642 33598 70409
94642 1315 90980
94666 19877 99395
94676 40593 18269
94693 84587 40615
94695 90686 13965
94713 45161 57989
94714 84879 36113
94722 97958 59463
94750 10088 42044
94806 37255 33215
94847 28120 93563
94882 32383 38656
94888 95113 33818
94939 84836 52437
94960 99134 9057
95019 50693 16988
95033 81747 4694
95189 18241 3414
95219 20476 64658
95226 85179 40776
95229 67134 18484
95262 65073 71549
95271 2172 22324
95304 37101 66848
95316 66861 87936
95325 58684 14910
95353 50113 81084
95371 2230 89260
95377 83118 71836
95412 2657 10669
95488 56566 69774
95523 33344 21504
95543 77150 30367
95565 4793 12617
95611 55794 90474
95647 72814 71822
95651 40959 18706
95692 4324 49879
95724 13642 64869
95741 29563 89779
95780 54166 73911
95781 86338 46585
95805 52957 85040
95827 84952 26923
95832 30778 11353
95859 51056 60672
95860 54973 79163
95867 21169 89107
95889 26640 21638
95900 86651 61391
95912 48826 64121
95930 8848 95416
95942 86971 69035
95947 19349 22864
95993 77268 33011
96116 33767 88306
96147 63452 55841
96252 10611 30280
96303 24749 84199
96308 23071 44252
96405 61746 39875
96405 93018 96755
96493 79830 79439
96501 65602 77587
96522 53632 13669
96528 22465 54108
96530 90545 82004
96538 8617 47289
96542 67901 55764
96602 80016 8509
96664 3480 77661
96680 20001 72211
96769 60563 41530
96772 10540 46159
96775 54844 29738
96846 51849 64458
96855 72349 13258
96861 34319 1507
97044 80797 69806
97054 23854 38798
97102 83406 28547
97106 47864 89145
97204 57036 83485
97221 62838 49298
97237 69309 69295
97243 49750 36159
97379 15613 65440
97420 14502 84865
97448 32397 54921
97490 82877 26830
97519 30835 46793
97558 67423 1694
97639 79413 22149
97667 98754 54422
97670 72550 38309
97699 37600 81207
97710 39694 60731
97759 32659 63820
97802 93455 48315
97844 37407 10770
97878 58749 68016
97897 6404 63884
97913 49679 58842
97967 34282 4641
98006 42105 239
98089 3378 2363
98096 74552 34972
98128 76794 24472
98137 80712 73388
98167 34451 62454
98184 26397 97200
98186 22757 72989
98198 73669 53607
98203 48709 79575
98275 51355 38469
98285 27952 62539
98323 21720 75612
98415 95284 19788
98457 44191 47527
98528 35200 49000
98572 25499 56614
98642 9645 13427
98671 34917 58986
98683 68751 5083
98742 58522 12679
98765 15471 29061
98768 46301 87632
98776 63408 45259
98848 58400 47668
98851 9705 88529
98881 84507 54402
98917 42336 20770
98925 5392 77996
98940 613 39862
98946 81189 96576
99076 29325 32477
99115 8875 50922
99123 71603 10140
99144 11858 48493
99158 98562 77857
99194 91374 24120
99217 47177 67185
99306 19533 7109
99344 19460 33581
99365 69696 83976
99390 17899 33090
99404 33651 9128
99422 65961 96737
99438 10745 44458
99465 79883 93464
99504 60515 10458
99528 62931 95185
99530 76127 9552
99534 46209 79036
99682 90180 33356
99687 49605 32684
99690 77452 65348
99718 71560 23372
99815 37002 12577
99852 74202 83863
99895 49024 6328
99906 36179 86877
99909 80687 39253
99972 71461 33664
