3000 3000 14710 58832
84 23717 16418
118 6531 91108
120 35510 96830
124 31609 62162
234 50705 75908
248 92139 10498
269 58746 86576
277 19910 24973
338 14211 75271
353 21334 98312
353 20395 928
354 84373 59791
407 1286 50147
415 3955 26245
455 14638 98924
462 75329 94735
502 28887 50162
592 59790 18604
593 16130 56300
647 985 49554
667 5902 2173
672 78225 24933
677 20294 6208
725 8752 69413
744 64589 74398
761 50701 50520
767 12574 68493
773 20348 14537
800 37437 87510
817 26246 50442
822 88768 6452
833 28169 89207
840 25000 42309
852 7831 39257
899 30819 87078
918 86910 38502
930 64080 15068
975 51044 43730
1010 17363 66153
1020 42233 37074
1024 39281 492
1035 51730 30952
1037 48102 80911
1058 81490 66610
1107 52886 61859
1111 95409 39716
1132 78781 15129
1185 82794 36953
1214 94052 21769
1217 77450 77550
1382 98350 57420
1413 1184 50489
1420 16277 3570
1432 87051 93076
1433 42219 50319
1451 67954 47682
1506 29533 48020
1528 21550 59473
1556 55055 20775
1587 19017 68149
1601 2231 27041
1638 89973 50004
1689 39035 69966
1696 80253 55229
1722 52035 342
1725 21512 68351
1765 98729 80967
1770 90753 44886
1802 44625 66120
1804 71974 9837
1900 51619 43966
1939 69563 55493
1980 78370 7991
1996 50951 60942
2010 53477 63656
2017 14297 7657
2063 76837 39766
2104 17341 93553
2142 42141 23130
2151 86162 93048
2178 82385 1684
2223 37845 53904
2223 27868 549
2253 18997 44485
2305 29065 27951
2311 16679 53953
2325 33918 46965
2377 77041 6511
2447 9204 98524
2499 15506 17130
2500 96371 571
2516 5263 74634
2644 77060 64911
2655 54470 4943
2677 39125 3082
2677 77282 26414
2680 29400 78441
2689 31866 77917
2713 57712 37421
2718 64823 22534
2727 20089 11606
2768 86917 89020
2807 12281 11792
2884 58959 76629
2909 39091 7554
2920 35282 96091
2953 79291 84057
2988 39734 62426
3010 71152 55241
3021 31841 11576
3026 94297 11003
3035 15219 5658
3037 29114 60208
3103 23746 8269
3106 17790 84152
3174 54523 30056
3176 31523 95686
3179 69758 69152
3199 75938 46368
3200 83949 24535
3221 13194 34636
3239 17188 13148
3247 48231 85092
3333 83341 4950
3346 92233 76559
3386 88945 91338
3411 16547 1703
3471 9975 9830
3486 53395 96047
3499 56879 68453
3509 70674 70738
3527 9388 38479
3588 69198 57298
3646 71374 52889
3686 97172 55571
3696 20547 22360
3731 6881 35046
3731 41339 94800
3871 89219 81455
3892 36070 28526
3917 1144 24364
4068 32384 21041
4068 93866 24614
4083 39200 87371
4138 37606 65436
4184 77607 55003
4202 3960 50140
4206 24453 83644
4247 26222 6309
4257 53967 12970
4287 67107 9800
4311 1639 67826
4324 9914 96093
4327 70858 45294
4335 41409 11563
4351 1043 48603
4473 65589 23376
4489 66218 11369
4553 79920 67068
4590 87953 36314
4607 29663 72869
4608 49892 32630
4633 19660 26617
4676 32277 9289
4715 5968 29419
4773 92001 65509
4782 95970 17909
4806 13834 95230
4810 68013 15042
4844 40465 97264
4852 14966 44774
4866 3392 8987
4931 8523 13467
4952 20309 76372
4968 4971 48630
4970 51676 71607
4981 46024 16415
5011 2775 74639
5191 18995 52935
5234 23319 24457
5255 77334 36249
5259 3490 2133
5275 87523 91288
5353 66164 172
5384 58304 12682
5464 61019 78873
5489 5564 88832
5519 94409 57404
5526 31211 82985
5566 67351 91557
5621 40683 15233
5659 43700 13848
5669 82370 22278
5736 6072 7126
5780 20153 16871
5833 64444 30192
5853 78765 40995
5853 21791 75645
5854 49396 22953
5905 51445 82290
5929 9565 33039
5935 81094 89777
6008 48100 18141
6014 76844 37373
6037 17308 82214
6038 65788 67686
6077 88429 53595
6099 79699 74684
6167 73027 89473
6181 74418 20403
6235 652 34945
6261 56945 45399
6324 74053 70559
6334 10136 28915
6376 3128 38505
6425 29642 4590
6438 51326 53435
6460 42434 92843
6465 73771 8517
6496 19655 65310
6522 39060 95967
6531 91779 63077
6551 18129 29747
6563 61513 18214
6565 41015 37561
6578 86761 17679
6585 2416 53282
6599 17004 45557
6611 87672 70135
6647 48755 14957
6696 61613 64098
6707 46928 14788
6747 18967 50240
6778 19199 68577
6778 49749 31231
6781 15030 97538
6800 89128 6902
6807 27241 61245
6862 9995 15578
6867 81920 94837
6914 66147 49727
6925 51354 75529
6993 88851 77737
7011 71946 56944
7011 73790 20887
7058 34558 43252
7092 17178 13107
7100 48705 88663
7115 43897 94362
7189 85199 63531
7237 83910 1127
7264 75955 27836
7287 62460 18982
7293 49982 70853
7332 30214 85351
7442 67228 96802
7470 95704 61172
7493 78885 14885
7545 5441 41573
7579 97838 14191
7635 13651 60672
7647 47176 23924
7667 43710 21191
7711 91823 24509
7747 49902 65798
7790 98347 39224
7808 56279 94848
7866 22315 7369
7871 52465 18159
7881 22038 50124
7886 8072 30783
7971 4996 35847
8002 64982 15128
8098 7573 47415
8135 16320 76540
8179 14264 19534
8243 39502 21187
8248 45566 71555
8253 86071 39267
8265 67777 49035
8304 1441 79302
8315 25066 29683
8318 97757 21165
8332 95214 34127
8403 61906 40662
8421 44358 4268
8422 2827 21587
8425 85741 7870
8497 15570 46510
8510 74276 64451
8530 69294 51912
8535 70510 17938
8553 99191 72568
8610 5831 35225
8632 90620 20855
8635 49366 60470
8716 78772 27167
8756 87471 92697
8772 44248 51054
8896 85440 34856
8920 87443 82173
8965 59204 13555
8983 72874 39693
9002 40375 81760
9031 75452 53130
9037 48295 13519
9062 25050 1738
9083 65729 43808
9104 53270 41800
9174 66379 60032
9201 98665 21020
9259 46510 88296
9333 6469 16184
9345 46367 28011
9391 6257 38058
9413 45183 83012
9444 32477 68461
9520 48083 65847
9570 21053 67654
9614 753 77644
9618 76259 43368
9667 25802 20694
9704 2278 45937
9715 68479 30047
9760 97184 43779
9762 14066 48423
9790 37795 97158
9834 84794 28724
9857 8557 1307
9876 6530 91565
9877 26443 50010
9895 11503 14394
9929 13186 82712
9942 42659 83796
9970 66734 59483
9982 98663 7945
10004 60855 1484
10009 11507 23793
10080 27249 82839
10170 37059 52683
10180 95898 54671
10248 75690 55203
10286 8929 55671
10309 33080 51793
10334 89259 88143
10335 25794 55311
10335 70889 70956
10340 72989 74528
10342 99607 25013
10353 60208 46054
10429 58833 40452
10467 40493 68179
10502 89946 94253
10506 91725 71079
10516 31105 94213
10592 18141 47595
10632 64971 44024
10649 92253 54166
10715 40782 39969
10757 7584 49591
10852 93314 78564
10861 81259 88387
10896 53497 72366
10914 79746 85117
10934 8083 88809
10978 60428 4184
10996 66921 60962
11073 77723 80276
11079 54580 88173
11140 34218 23384
11150 57014 17533
11157 75299 43650
11196 94750 60503
11197 18407 17217
11223 31205 82445
11246 58033 35736
11251 19809 101
11272 34599 30668
11335 92823 31296
11355 56332 10559
11576 72428 19655
11582 34639 46556
11582 82710 29834
11591 50890 22024
11678 34993 49846
11768 78163 33491
11782 66596 20615
11845 18322 33566
11918 85495 32297
11952 52484 51146
11963 53915 96676
12001 40599 58679
12004 17208 63720
12038 80479 5114
12086 56669 18549
12091 55951 31478
12130 21681 18938
12132 96418 86825
12137 82283 49113
12213 99487 32280
12214 56137 13813
12214 97160 17044
12245 64810 47520
12276 90597 16487
12312 2524 71908
12340 19612 74251
12363 53235 14528
12379 26488 74873
12402 81404 70371
12433 17905 43297
12475 18018 55417
12529 55936 4391
12589 92740 56005
12592 77847 83325
12630 24759 79818
12640 73283 72162
12643 72979 35433
12663 21507 37484
12764 12115 5466
12776 9753 29793
12819 59624 26396
12828 86303 50805
12835 35136 56764
12905 72066 63473
12955 98566 60666
12974 67297 29332
12979 45192 24114
13057 96327 80763
13068 77575 95347
13094 41680 3451
13096 65897 61719
13146 48054 64118
13179 25426 49529
13276 89261 65888
13338 39867 22536
13427 42515 12508
13565 3679 1814
13575 42721 23305
13589 20273 7378
13598 44093 8368
13692 79004 65315
13698 13693 98888
13711 28360 267
13733 88255 56443
13799 48276 95285
13806 81617 13522
13826 15633 72243
13841 64095 43473
13859 46625 88006
13872 74827 66153
13875 3094 71001
13895 36802 3850
14025 61695 26414
14053 44919 61517
14062 9221 11776
14074 284 79449
14078 92916 21365
14096 683 90099
14102 65672 67856
14121 70208 14684
14207 33989 40432
14224 3887 28482
14298 82487 48098
14438 99831 2210
14506 26536 87663
14541 82746 68912
14581 20268 43493
14596 7236 27586
14650 49482 48830
14663 64106 86244
14674 91051 18752
14727 54552 5838
14734 84102 26536
14746 59685 82495
14776 46930 82303
14844 12127 27196
14882 58315 37577
14933 28968 42481
14947 25856 94085
14997 56127 35091
14999 99250 64819
15012 71133 28996
15134 31112 7734
15215 29816 3891
15262 3284 6842
15320 47222 42040
15356 34119 99878
15361 87909 31501
15429 12696 85600
15484 23614 28300
15515 67146 298
15521 11157 25710
15543 67913 98300
15711 51083 75405
15717 32898 26782
15739 10527 88508
15748 90791 90831
15822 92788 16781
15834 62271 68788
15845 93652 37889
15868 39106 25850
15921 2736 40084
16007 87473 57202
16019 7660 76228
16021 94303 29928
16048 9780 84297
16051 57704 41318
16075 79566 29607
16155 94321 64251
16216 40967 3247
16263 38941 79043
16281 62330 61068
16290 9870 10047
16338 20185 97992
16344 90986 61656
16346 22429 9278
16396 61728 2515
16412 66421 44825
16443 55396 40437
16466 15275 29595
16491 63042 33493
16533 61140 54400
16611 77252 10770
16633 70198 42860
16761 7041 74730
16766 83735 86204
16793 58190 37455
16793 25649 71296
16860 13980 33041
16885 33176 33849
16897 33240 76846
16941 95232 75162
16946 18423 8143
16949 14293 59559
16978 99083 54411
16994 32954 33459
17008 2719 27088
17032 50974 41765
17087 57793 49847
17130 50465 85856
17154 51990 54363
17174 30969 46193
17195 44969 95124
17201 94374 75096
17236 41028 50516
17337 96664 27621
17345 85661 10940
17356 40668 91733
17365 21752 15703
17400 70842 87250
17458 60470 25766
17508 40799 4890
17566 13228 17934
17620 42883 88227
17624 39491 44861
17675 95426 5740
17690 35802 8927
17693 74100 8209
17694 44190 28903
17728 83644 27689
17742 61941 96941
17768 78181 70690
17780 38475 11713
17781 96404 64888
17851 49850 40302
17888 91394 67621
17958 20553 91301
18034 66571 64373
18091 42587 9461
18111 25296 60786
18145 670 62108
18150 75670 45627
18153 20232 14284
18179 13911 53894
18186 12418 98354
18202 43888 48000
18228 59414 37619
18262 24718 11476
18271 40673 49405
18348 46060 29653
18391 82335 65956
18430 90014 68742
18467 6233 48435
18493 54627 34808
18509 11402 41600
18512 39403 79226
18536 52910 75507
18545 35340 26414
18613 86921 46293
18615 37047 35799
18626 61127 15415
18710 34890 93120
18735 74533 27827
18762 35615 96447
18839 95078 68841
18841 1259 95747
18906 89470 2954
18944 1670 64446
18967 88135 2675
18976 56695 45428
18988 62593 12579
19003 43925 60290
19006 21858 56052
19068 90555 42836
19070 54424 82216
19168 28481 20336
19176 98403 97328
19236 61269 82522
19272 46937 85311
19388 41520 51428
19391 68662 52527
19412 61788 60546
19423 77967 42835
19425 69006 15032
19473 10824 87191
19479 48545 15458
19554 59291 10844
19562 44516 8962
19583 95701 77434
19591 20968 13357
19605 69132 63928
19628 95980 2544
19644 37120 7331
19690 59141 45556
19694 15433 23148
19713 47963 74170
19730 12796 93906
19768 44202 13587
19801 74225 70169
19812 73622 44493
19864 20377 8568
19878 23319 56879
19883 64662 53534
19892 83798 51654
19919 26693 3908
19942 92589 36514
19978 75966 50310
20020 48759 44145
20036 1 16171
20052 3707 61782
20073 77172 76477
20076 15450 49264
20083 13100 47549
20253 62257 36588
20274 81007 94804
20323 79269 56275
20355 68363 19512
20406 33799 44811
20436 48255 93629
20437 22258 3555
20453 30092 40115
20460 81990 36900
20460 65838 92170
20462 16558 12994
20471 39988 62958
20472 97455 95880
20479 81679 69457
20501 40068 35106
20522 39220 43142
20566 15749 46781
20576 9519 32775
20578 49861 63753
20605 71955 23446
20684 88315 14765
20759 79296 26941
20777 98133 44267
20815 28423 38646
20816 16704 18318
20817 29029 67338
20825 5874 45436
20826 34338 73626
20943 17494 11200
20952 70693 32425
20954 67177 53584
20972 59994 62756
20975 3177 44181
20996 24817 65162
21203 3704 60140
21232 11838 32935
21248 5823 71311
21265 82550 95806
21273 64774 92288
21281 29951 44129
21320 25922 92824
21371 95226 3068
21380 35605 62013
21442 28773 70092
21517 54019 56522
21533 9697 16577
21611 50087 21426
21631 14394 69459
21643 13922 33681
21644 76694 91532
21671 65495 93579
21716 42041 39964
21720 41640 18423
21774 92512 58922
21777 64839 73995
21835 31310 49917
21872 15139 84772
21903 25674 44585
21905 7180 3581
21919 60629 7679
21992 1858 15094
21994 43423 82533
22068 33643 78456
22091 35222 97449
22159 61398 28613
22246 87146 37245
22274 90630 66470
22301 78564 94204
22317 53375 56317
22419 32748 47518
22466 71193 3643
22532 77814 48756
22538 89417 70809
22547 49642 12405
22598 88265 18852
22604 21811 92239
22716 80571 13369
22789 41752 56105
22816 57988 66951
22817 84724 45508
22822 63476 88130
22846 91276 99715
22855 11398 1031
22863 14541 72457
22884 40230 29035
22885 91173 26275
22933 85062 83273
23001 7834 13818
23102 59435 40336
23215 70946 47206
23218 30938 79360
23293 3681 26489
23323 43659 36084
23388 94349 45306
23433 56697 80922
23437 75986 59282
23588 85547 75530
23616 55235 34878
23680 65423 56173
23710 99769 6232
23726 97066 30637
23827 94573 5771
23908 63576 14443
23952 55822 20431
24035 75357 69142
24039 29591 58876
24084 2569 17005
24141 15606 74642
24175 4780 83498
24194 22882 28237
24288 47639 87666
24316 50322 2480
24404 69706 7815
24434 96226 4883
24442 43050 86153
24454 94766 57776
24494 84667 87742
24502 77416 44948
24508 13176 14743
24545 96109 19807
24556 94936 74011
24574 8060 50168
24578 64912 56479
24601 62481 25753
24722 51345 19419
24741 72729 42125
24747 87641 53895
24797 70127 42558
24908 78256 7315
24957 63577 81619
25021 96489 93949
25100 40380 25944
25114 94627 86752
25149 76223 54268
25190 37405 10036
25212 31637 62036
25228 91160 2991
25250 61666 71541
25280 89844 63688
25302 89612 71091
25313 46496 528
25399 37658 78438
25521 76623 88324
25533 88523 72572
25556 47301 43391
25579 10621 55243
25583 67842 9004
25587 89969 84228
25799 13981 43089
25811 32723 49554
25818 54046 61985
25833 83414 42057
25853 5079 38407
25897 101 79081
25975 51477 56618
25993 75354 25348
26012 85053 43505
26015 49699 91476
26075 85582 17710
26097 23932 92903
26312 98063 89379
26479 11166 74357
26492 82511 67496
26492 21880 43300
26496 92203 69523
26518 49888 24325
26548 27328 58743
26592 86893 14367
26612 29660 15785
26620 65552 62193
26678 31834 88851
26741 42731 64553
26776 9666 22910
26833 11312 49639
26860 3222 15429
26886 55776 56570
26930 48873 84804
26934 96679 20014
27031 22621 45987
27210 68344 33799
27225 37943 18466
27262 46995 77593
27294 21061 40468
27294 1152 86791
27347 13871 1541
27347 93186 32364
27351 83192 10389
27432 93678 1640
27525 64482 16240
27715 94945 53187
27727 37884 92941
27730 33628 78098
27739 85813 45805
27756 4044 24266
27789 35883 61181
27790 89285 4275
27794 61730 83785
27811 3176 24813
27828 84896 65095
27875 95091 60010
27935 92129 12885
27936 84391 26189
27945 16698 83667
27955 61641 81717
27955 42658 53951
28033 89025 26218
28051 28179 39450
28094 53931 50407
28106 76472 91839
28170 24466 37363
28346 62470 9434
28403 64432 27850
28443 36417 66202
28468 20333 43346
28481 29321 76256
28501 57725 87249
28534 33459 68335
28613 4730 18604
28778 82702 78971
28817 9803 2816
28830 35449 897
28899 81643 13239
29006 44549 49230
29016 27560 89686
29043 58194 18316
29067 55149 31978
29072 3032 12841
29075 92067 74336
29125 52226 9290
29137 84551 55566
29189 66108 60946
29209 38931 65853
29210 6926 71910
29239 68274 61661
29258 54197 6734
29273 84351 50777
29355 88391 77375
29374 35453 26040
29377 73856 19521
29450 30285 61907
29466 90655 92512
29480 98215 67220
29492 39856 80829
29514 17094 56727
29515 89396 97189
29604 44490 43567
29622 93305 41876
29622 19111 89246
29657 82806 71293
29715 61788 52229
29790 39016 3829
29819 54906 7763
29862 31878 62234
29908 48063 42591
29918 31563 85101
29956 25038 30087
29979 66646 2759
29987 26407 87013
30054 86206 41979
30064 75181 94942
30109 47927 34384
30176 3869 17218
30217 58537 51080
30237 24192 73742
30247 49431 84493
30310 28991 85397
30316 16211 87544
30336 9047 72508
30346 47948 30905
30347 86902 29310
30351 27401 34784
30404 65673 12186
30423 98876 84935
30465 50694 87363
30589 87324 12739
30607 35337 22215
30651 63873 50314
30817 71184 98832
30830 14415 97585
30899 15865 36960
30913 35890 44576
30991 91097 87086
30995 89773 3877
31005 71662 35509
31032 73730 84522
31050 50981 22759
31068 47649 57722
31120 58112 63686
31132 2467 17096
31136 56603 19267
31166 89722 64501
31205 16113 9702
31239 74573 61658
31243 59464 20354
31335 40396 81735
31386 65119 43034
31516 2766 79696
31556 63608 22447
31656 51234 53460
31662 73413 28582
31665 94722 79391
31684 26819 54973
31756 22656 43593
31766 37776 28499
31783 85986 62798
31909 736 96611
31978 10103 54363
31982 4013 57336
31984 53664 77177
32053 82446 28251
32074 31179 35730
32162 47207 22525
32166 50625 65161
32183 69830 37403
32204 41522 40692
32213 48167 49929
32288 19222 7469
32360 87238 38013
32368 51038 51637
32460 82633 28571
32527 8625 56778
32552 68110 57297
32638 66601 97976
32650 24388 20927
32660 63888 14351
32757 44207 6694
32771 86917 4854
32807 71711 14065
32871 33995 41248
32930 11976 79854
32934 70490 79258
32949 16767 67850
32972 18068 77681
33017 44848 73137
33018 7284 86036
33085 21921 98822
33103 69906 4454
33172 90616 85543
33178 45233 87094
33193 52764 95857
33203 57118 88619
33283 82370 63400
33301 10476 36027
33354 79639 25855
33362 44177 87043
33473 1234 72475
33511 87489 67596
33547 79965 62228
33571 13533 97086
33649 59914 74587
33677 38342 49581
33681 32020 95673
33719 33493 11993
33752 37789 97131
33789 36813 78697
33853 65086 52314
33881 78061 47566
33897 75481 91904
33903 13533 94170
33906 47712 5502
33923 68085 96868
34013 54061 65454
34079 51114 60953
34118 37455 60433
34154 44055 53371
34214 67062 59207
34254 18469 30487
34269 65789 85598
34288 847 79651
34303 16720 7285
34315 82047 7913
34387 71441 74426
34446 36073 18748
34453 3646 8327
34508 61062 43091
34538 695 24094
34539 73333 87683
34558 86747 51403
34605 47679 90977
34618 428 84270
34652 50051 49014
34678 346 5166
34694 86611 12593
34707 98533 56442
34730 45485 60187
34732 57853 30226
34766 66986 38415
34772 53288 17665
34835 42797 9492
34880 98604 65168
34912 43019 52620
34919 86104 9150
35016 10912 64383
35018 79317 51706
35041 51877 47336
35063 71700 84981
35070 59023 59739
35120 51164 54117
35120 6052 31832
35178 30702 83020
35187 84638 78551
35224 10047 98810
35268 826 12757
35272 40252 52877
35313 94720 9180
35392 30005 98711
35511 79526 38407
35520 66829 89067
35538 87487 28298
35573 99491 40280
35620 4569 4180
35633 47750 54782
35662 64765 86219
35689 99620 91712
35723 34866 50367
35741 82367 53181
35766 56184 48043
35794 33015 90993
35875 30094 32879
35908 46375 79565
35958 11546 67689
35963 50834 47918
36022 66448 82962
36023 6366 89346
36061 83546 8267
36069 19358 60502
36077 93059 25390
36081 40747 39501
36084 78234 89952
36121 50221 97377
36213 60380 32620
36321 6589 24147
36373 55993 78703
36430 92944 77630
36487 39146 2361
36504 92154 36162
36516 2314 16904
36544 56370 89970
36550 66833 10080
36552 17303 58510
36571 77591 21945
36577 89264 52394
36613 73704 72615
36687 95365 71814
36696 56583 7401
36721 28573 7549
36781 83822 64362
36875 20120 69313
36923 81561 62543
36950 6731 87456
36984 88388 57979
37045 43623 68637
37162 65764 98571
37218 22575 32520
37246 2367 11611
37298 61329 68847
37366 73780 66610
37368 72267 35768
37454 92040 3301
37679 44214 50216
37728 86024 44948
37786 18879 7787
37861 40277 19405
37875 30498 29612
37962 84711 78856
37967 82903 15114
37975 29664 71990
38025 50684 46030
38166 96718 49617
38184 49073 55405
38228 19879 81996
38233 69833 78681
38313 53299 17650
38372 95021 20268
38379 3654 95156
38471 42892 93384
38491 8291 62784
38512 90728 78242
38588 49969 96323
38651 60130 80738
38675 42491 23898
38708 18980 14481
38713 72632 18355
38734 45835 88995
38827 47118 4220
38888 95141 70989
38889 92900 52200
38892 70417 37373
38896 75691 99187
38902 61897 26233
38904 17339 91676
38919 1067 91040
38937 41302 81276
38941 88059 66474
38949 23211 89992
38990 34999 41681
39032 65877 70770
39035 4606 86659
39057 31580 81937
39057 77396 46775
39059 40314 57849
39061 15752 32908
39070 59776 85107
39170 40500 10348
39207 99437 35817
39213 82082 62740
39215 15487 11967
39223 51532 61729
39249 93945 53110
39274 16064 14242
39287 35474 17775
39289 6186 4155
39321 3599 67264
39337 33201 58447
39373 53507 16985
39399 85073 20422
39435 5347 79751
39459 68948 43216
39464 30957 27180
39494 96909 96979
39495 85122 85520
39525 99048 40735
39525 48772 79973
39628 66063 77263
39644 96372 85614
39671 76113 74738
39672 56389 20949
39735 3634 6724
39741 32983 72844
39777 95881 19531
39791 87818 92230
39813 31874 31246
39831 25542 86508
39868 71029 5773
39875 25986 85187
39957 84915 55086
39959 97565 80446
40118 35639 63514
40123 31667 15157
40128 25726 32177
40132 3628 32206
40172 41205 93769
40228 28516 24820
40231 57517 80239
40356 69260 35967
40363 20120 9832
40437 89686 22542
40455 38380 55594
40510 24772 41367
40558 33398 64545
40570 2944 54502
40625 7928 76894
40640 80117 29284
40646 90633 96393
40648 10208 85232
40671 39951 1498
40679 48252 7986
40699 96213 81467
40738 41602 19877
40986 41100 99011
41002 73159 43588
41027 78283 67635
41065 87743 63708
41091 83691 20810
41118 31289 74891
41122 59631 17728
41133 17075 83045
41149 95694 7187
41188 36619 37382
41199 58546 89678
41265 39655 71549
41317 76933 76372
41345 20737 60935
41399 18346 83986
41463 45156 36141
41498 17849 34072
41506 25182 95101
41510 54238 60855
41538 4922 91441
41543 4161 60693
41557 78652 46853
41578 53312 71081
41583 77188 17051
41612 78109 48190
41655 46808 6012
41698 96665 77630
41766 92582 1483
41825 24111 97794
41829 19118 62442
41838 57794 78813
41853 65831 28047
41899 33405 57819
41899 47429 17914
41916 3498 656
41941 74565 92474
41950 14303 56479
42031 29419 32169
42039 86464 19212
42053 60649 13894
42097 50702 43225
42173 82258 79130
42253 5921 70869
42266 18376 50380
42295 74131 55681
42318 6118 55467
42325 53114 15007
42410 27244 8473
42430 43916 16523
42444 27738 53329
42453 4922 81237
42479 15976 49266
42499 7331 66735
42568 55211 84013
42677 85540 25403
42706 87336 3420
42731 45382 15719
42732 48488 91688
42739 24138 15874
42795 60307 54571
42813 37221 1009
42820 15383 14759
42868 21470 67531
42894 82908 9775
43068 70752 53449
43084 87692 87977
43098 96170 83145
43113 55672 68091
43224 64835 57648
43304 74606 13710
43307 36238 54477
43365 17069 73281
43382 99643 59752
43387 79672 8774
43444 63406 67358
43470 21553 61862
43483 86569 57956
43484 72413 64885
43485 56048 49940
43504 82319 69468
43506 9950 10468
43595 16394 69017
43620 10599 4951
43621 46425 36227
43681 6802 72064
43702 85629 19141
43732 76274 32883
43771 62335 43307
43798 80817 56974
43830 6524 13478
43847 42518 9298
43859 27040 4207
43861 62698 77402
43881 45704 77187
43896 63902 11247
43931 76894 32163
43931 50709 17197
43970 91500 76168
43998 97540 76450
44030 2968 66277
44051 29901 23787
44067 62419 63019
44073 66828 60057
44131 94048 11963
44139 64591 90864
44139 88108 23450
44172 63096 8358
44190 13073 17915
44198 96454 87467
44237 3771 13243
44248 92449 568
44278 2828 82519
44282 25099 66035
44294 46657 60847
44322 64868 69477
44334 48058 53660
44345 16211 18146
44459 10732 28875
44466 73091 23310
44467 73922 76334
44474 24621 56687
44492 49031 12032
44526 85971 86032
44555 67529 87745
44569 25206 25157
44576 19643 88358
44626 24085 42951
44635 6018 6968
44665 32806 69189
44675 37022 8957
44700 95174 3773
44718 73825 59645
44736 71155 49203
44786 37147 41995
44794 5043 76850
44975 95357 37974
44994 86154 7492
45018 53598 12839
45080 85019 52678
45154 37622 61134
45202 21533 5004
45232 44739 61638
45259 38075 82228
45264 40762 67872
45291 48629 3308
45296 82449 53645
45297 50308 73486
45304 11615 34669
45313 11907 27513
45327 25977 74769
45334 57447 72811
45406 31131 74647
45443 78790 93482
45448 14897 67671
45472 91464 11460
45477 10608 73395
45487 16127 30333
45509 53732 72903
45519 99925 98923
45540 60266 69932
45569 2782 6897
45580 9471 20650
45609 76969 4422
45687 79563 81112
45711 82312 1175
45763 96715 25595
45829 23943 4372
45853 91042 16494
45864 54284 1475
45928 17309 141
45957 53036 25263
45957 72263 12844
45981 61351 65693
46076 14342 83648
46110 7062 39406
46204 25208 65866
46206 91385 1234
46235 58144 34433
46248 60720 59363
46264 65616 32046
46269 23589 8349
46354 45580 54499
46395 57019 44761
46402 97216 31075
46403 5024 78970
46462 71364 13103
46492 87708 30861
46493 77651 87947
46518 46209 50791
46557 3496 64465
46566 581 17537
46590 70731 78387
46685 66129 62260
46734 18034 64326
46743 82720 70278
46760 56027 62743
46773 93332 70724
46840 60587 2637
46955 83646 57852
46961 52945 8167
46966 43385 22927
46982 31006 84877
47001 83851 18860
47039 9380 30614
47040 89839 5953
47055 47888 44843
47093 93547 64481
47104 992 29741
47118 66911 41687
47128 24834 36167
47151 54828 25899
47157 36553 12725
47217 23968 16226
47287 16847 87523
47344 69986 49283
47364 59800 66778
47366 4505 46810
47371 5954 10213
47408 19647 33786
47410 46034 79748
47471 96765 93030
47514 68604 31098
47566 93051 76525
47595 23805 91702
47747 9158 22547
47763 1420 44300
47832 17511 88172
47903 51382 31283
47922 20915 67517
47924 70723 82233
47995 47314 33555
48032 14222 79393
48041 61620 90900
48055 57339 24016
48064 88525 8338
48077 39233 39733
48091 83123 88729
48120 35903 47838
48170 30066 23847
48225 42402 86711
48232 29739 16321
48370 68162 29666
48421 61856 95301
48455 36452 21420
48461 89808 37637
48491 99058 72417
48525 77422 29251
48591 75048 7999
48779 82518 25736
48793 43065 45436
48842 60741 14882
48863 76601 39808
48865 76295 67295
48878 46574 86618
48898 19673 20830
48935 39445 17251
48940 5528 70810
48968 98582 81383
48977 56699 59223
48989 51373 89656
49007 45114 23360
49038 95314 41018
49040 14565 38910
49118 93051 64043
49131 3864 4233
49145 17379 73153
49310 70314 29281
49323 52203 89606
49361 35381 14953
49472 59246 97835
49504 77018 82976
49506 96871 74594
49510 9967 71161
49512 84173 31575
49512 74730 71912
49528 96769 1865
49559 82817 98028
49577 20246 46239
49581 32857 18092
49583 66069 36028
49588 61071 90838
49641 58513 18712
49691 93028 61255
49708 34043 49471
49715 83204 2796
49722 48613 44238
49728 93822 47976
49754 58351 62803
49761 61316 10529
49763 19999 1621
49807 80806 17629
49809 12449 65532
49840 76921 59212
49909 68077 39362
49910 58073 34885
49917 64070 14704
49930 3144 35257
49932 2954 54034
50006 57161 91234
50038 16894 32139
50087 57769 28838
50089 93567 13114
50090 19794 38534
50100 43860 69350
50126 25545 21887
50127 3091 41584
50169 70029 75021
50181 82135 54804
50183 56643 40474
50222 34534 98231
50312 82699 22508
50325 36597 37592
50342 6377 51793
50443 7874 85149
50548 18224 64486
50643 44136 80890
50655 38261 46767
50663 7655 89348
50704 24002 30748
50705 8838 20082
50712 31991 65597
50722 91904 64063
50760 21818 62062
50781 27826 4880
50854 41574 60308
50863 12806 65099
50997 16437 57563
51056 20637 14761
51110 70568 43324
51208 77328 81915
51231 92089 9788
51249 18935 88154
51299 8300 72820
51318 38334 82248
51358 308 59355
51387 257 19009
51396 23696 93129
51404 2353 74922
51421 75828 97087
51442 36407 53574
51451 90291 93944
51465 81718 35324
51474 21476 48202
51482 47782 59091
51515 4598 76644
51548 81337 79937
51558 92194 14040
51578 2891 40519
51711 85949 90843
51817 75482 10869
51863 36118 29069
51919 26270 35805
51932 15852 33747
51969 49736 73334
51995 96460 31053
52038 6618 68612
52116 26600 5730
52127 34878 81075
52163 48453 67811
52239 21162 53042
52320 29159 65226
52399 12995 86998
52474 69148 62069
52486 72663 44428
52569 9198 63532
52627 53221 11412
52651 55598 10397
52745 44837 94241
52774 8301 42163
52849 52659 38509
52874 73268 2161
52894 76313 34879
52921 76877 24803
52947 88505 22495
52953 46330 72442
52982 28377 86599
53021 99557 4547
53022 58937 84
53023 34006 53365
53041 46467 51900
53049 75561 33687
53052 31177 20027
53056 74853 53107
53108 17994 73612
53172 81285 30034
53210 59827 31935
53223 51899 67363
53263 45267 93439
53264 6020 41072
53269 27733 73448
53289 88994 92763
53292 36101 72046
53305 46794 97950
53314 12980 21336
53331 1771 17899
53343 60760 11051
53424 86485 38696
53448 74562 68040
53499 5334 5756
53503 27707 55261
53565 88834 71527
53643 37276 17667
53652 20951 50621
53666 43600 82365
53669 31875 24559
53677 68703 29514
53757 51402 96179
53760 22966 80234
53776 35726 71502
53827 88761 24105
53840 80691 83468
53863 24939 28082
53871 32134 92998
53875 49389 5711
53885 34838 86694
53970 66529 89942
53985 78175 73550
53993 739 98173
53993 21010 17171
54039 25939 21285
54083 85380 72572
54091 67412 14932
54094 19430 1998
54142 28023 12938
54158 88647 13517
54158 28502 16142
54260 92515 13992
54297 15273 84293
54328 95274 71223
54354 98227 9788
54388 75495 14117
54415 1605 88983
54454 85996 55236
54502 52938 46878
54508 66659 80848
54532 70229 4330
54547 40459 82123
54570 69432 16331
54601 48706 39948
54660 56457 64061
54719 30903 16941
54768 33880 52350
54768 19858 31435
54819 66410 41801
54835 56664 56432
54861 85855 55335
54901 16558 34411
54968 92743 30215
55081 38617 81236
55124 88347 655
55142 78155 94073
55160 80749 35180
55195 31713 30806
55262 20858 61281
55264 95243 87159
55363 27309 48039
55402 14407 10471
55405 95857 76360
55454 33672 75882
55471 68915 98375
55514 10261 61861
55515 24963 73194
55537 13520 43356
55590 13321 60483
55622 72884 28122
55625 96063 41477
55640 68966 62334
55743 32098 80056
55743 29168 32931
55759 60938 98151
55775 5003 56060
55839 49684 81900
55844 75214 94332
55899 93800 20750
55926 83058 48820
56017 51589 23406
56086 59202 5994
56120 70839 21289
56183 48494 43326
56228 58227 33587
56234 5923 62862
56243 55860 33688
56263 56756 33724
56288 74001 8967
56353 59819 7622
56353 66155 36687
56360 15609 29644
56373 61337 27774
56405 77541 66657
56407 31276 32188
56410 54578 10987
56415 62178 47940
56418 30707 81322
56430 80122 26916
56449 22799 29439
56466 16925 43100
56487 20228 22281
56492 13878 24507
56502 55392 12045
56547 64458 62731
56573 31364 62376
56583 4283 97624
56689 4103 98741
56691 61495 37909
56695 59925 15462
56711 14224 58126
56725 42326 23676
56736 81387 39600
56805 50626 58953
56819 31040 27273
56831 8105 31481
56868 59417 30183
56917 64719 40051
56955 69956 96462
56967 59936 63666
56981 82354 59790
57037 2090 7557
57057 54061 78197
57127 78554 211
57135 77441 45733
57201 26376 6969
57204 32987 68730
57267 33250 82703
57339 51903 55793
57362 86725 28684
57371 59341 16296
57388 48966 60463
57428 85382 11624
57441 7553 38048
57466 66914 40416
57497 16712 80451
57537 8572 90114
57566 17480 22576
57572 64697 38198
57599 23073 14766
57601 57384 35748
57608 2280 37873
57727 91405 53306
57731 19375 58751
57751 99237 41926
57760 54542 14540
57928 88161 82713
57935 19892 4682
57954 19908 70666
57985 77946 7213
58001 60319 39301
58036 34055 291
58187 36259 35381
58192 67493 41601
58220 56085 558
58230 64013 60447
58267 34428 37953
58275 32769 45402
58296 68824 12351
58304 6533 79817
58339 12286 26979
58359 73221 96490
58361 75794 76230
58384 93207 1778
58385 48276 44446
58412 71143 92690
58420 62626 71821
58442 49110 52134
58535 17729 56952
58537 75692 52209
58573 12506 15116
58601 66273 40687
58628 21345 46296
58628 32840 76408
58643 79108 65663
58655 35465 46795
58700 47539 90848
58723 87429 78818
58812 15098 77295
58868 47803 17584
58913 43584 69891
58951 48848 59298
58982 79219 13920
59017 15212 52935
59117 12347 25175
59137 50002 76781
59211 61396 72977
59265 67146 75079
59325 66246 77107
59344 92525 13944
59354 88839 76902
59358 26093 54765
59431 48634 8556
59440 52036 37946
59444 30210 51049
59457 71692 68042
59502 99946 47053
59520 18356 51689
59528 38890 24259
59543 3372 94287
59548 71124 2896
59561 53445 32999
59579 42633 77570
59642 32693 86287
59673 25248 65993
59674 42374 43596
59688 68486 16639
59704 85535 7847
59717 81107 69228
59725 68551 57166
59758 31734 28079
59762 43802 19491
59871 51146 23674
59898 5326 94452
59943 19632 38470
59951 75173 33004
60003 51458 31806
60007 89794 34490
60010 14817 25240
60103 69434 13615
60238 83786 77399
60260 20380 48871
60261 2763 54459
60268 24210 12373
60318 41409 97319
60320 64709 82008
60345 54818 84833
60346 15776 57129
60360 84309 93357
60440 70442 52301
60461 21801 53991
60502 58360 90511
60514 21055 41734
60548 27992 64937
60565 84923 57096
60595 79208 82164
60596 48777 58321
60597 43830 80379
60607 60721 11404
60663 60673 87349
60676 60799 30502
60681 97755 13197
60723 26771 39721
60729 77456 45620
60752 13049 35870
60799 81607 44409
60805 97099 93164
60809 37004 58652
60813 99054 64753
60838 90730 51711
60849 78166 81248
60871 59685 19775
60964 30537 11997
60969 47730 42516
61040 84476 54491
61066 42336 74892
61170 80682 69834
61210 67700 40160
61219 59761 66367
61252 28162 43545
61270 41762 35971
61291 12784 24127
61328 91127 82804
61370 45730 95989
61387 75326 98542
61394 85984 19225
61403 22280 11871
61448 68871 80112
61470 55517 65556
61494 48673 5659
61500 73454 43153
61546 51305 79937
61569 71404 85445
61594 58101 22568
61678 40408 73589
61718 29927 52442
61723 21010 99489
61728 94976 2504
61755 36713 23579
61782 51810 31232
61805 269 6152
61839 68377 29897
61859 9521 25018
62024 96013 91020
62025 97899 86431
62063 43083 23999
62071 19140 375
62107 48026 62869
62133 61398 45931
62137 50540 53277
62147 23171 51223
62219 42963 33590
62234 40141 15903
62241 26725 67658
62287 8366 10415
62335 596 66530
62358 14759 31080
62400 34804 5471
62420 95686 85586
62425 90906 35152
62438 72266 69314
62474 15684 98064
62474 7180 7336
62482 60127 28707
62561 4457 17589
62596 36381 39694
62615 47218 30121
62636 31707 34893
62652 22529 88806
62705 69214 1142
62742 87955 45050
62749 93638 69387
62775 51605 17031
62795 94248 13288
62826 87235 58555
62912 69120 17149
63070 97650 22660
63098 63303 83517
63185 19032 85153
63202 54427 38586
63215 18347 55606
63231 53971 87227
63324 89409 61388
63332 18582 19766
63357 84619 24795
63427 47734 96307
63547 9143 19015
63558 96118 1629
63561 73999 67855
63574 37746 65129
63585 8093 17005
63602 59773 55369
63654 42705 21973
63658 7434 72105
63660 87537 1887
63684 58202 15105
63804 27856 98912
63849 69347 3233
63923 57989 33897
63969 87587 64045
63985 41754 9500
64057 64732 83458
64060 44649 36771
64092 59455 28136
64092 61606 81751
64165 50896 23463
64196 7469 83674
64214 29552 78684
64220 24982 80010
64231 85454 74269
64352 58543 34022
64398 13040 10448
64415 75694 62981
64492 63129 35898
64494 80614 71662
64505 20599 81886
64512 84476 40103
64547 75853 96556
64595 14217 38801
64604 74521 46976
64666 78578 31109
64780 98390 8195
64795 83865 15929
64796 83419 4216
64817 70338 65695
64826 88417 73882
64895 43844 52636
64918 43818 91430
64981 74325 56348
64983 24826 45930
64990 9477 29397
65019 67225 78508
65111 58799 3835
65114 81360 7870
65150 94498 86743
65281 92054 54363
65340 42730 92489
65424 39915 22430
65426 68947 19563
65460 57723 75555
65462 20865 35007
65519 8820 64471
65539 82205 58274
65539 25767 53400
65564 6729 78632
65679 39136 53884
65680 98597 85001
65734 77538 69665
65838 61114 33349
65899 84539 51094
65912 58815 32407
65928 1351 95241
66021 46116 13027
66032 6177 84517
66080 54560 11665
66086 17522 39762
66189 56982 23366
66385 90388 7897
66419 74385 52595
66424 93208 18570
66438 61614 22900
66457 94513 27708
66476 63151 98237
66492 70449 20811
66523 46336 52443
66586 15048 64727
66667 37449 31628
66688 26056 90996
66730 37447 394
66738 3922 64738
66746 37696 71990
66786 30280 55265
66840 79054 70876
66905 81811 7209
66924 18577 12731
66960 14681 33164
66971 77587 54320
66979 67601 82510
66987 71924 85684
67010 63942 41328
67017 62963 26664
67035 95690 49348
67058 99558 74365
67092 84169 33728
67121 87888 53542
67133 63793 36680
67200 46666 53273
67245 82438 10695
67342 23118 9141
67346 39969 22455
67382 76643 85961
67422 17719 31851
67551 47179 10467
67560 67022 38288
67596 19950 62379
67640 52950 8290
67710 80637 33431
67718 35395 82450
67724 48838 53740
67788 6992 59327
67795 71336 40441
67826 24976 2282
67892 41249 15010
67897 38477 35080
67912 23854 30338
67933 76355 90564
67971 8696 5761
68023 97072 55309
68049 43506 72266
68130 4529 36216
68151 41292 65370
68162 76539 44045
68164 82166 77732
68177 10580 53571
68194 42299 16041
68222 74283 73012
68222 47454 34788
68246 6531 57893
68300 47861 3221
68362 64561 13884
68486 48404 61653
68501 98680 74097
68526 46602 82154
68538 9545 76705
68557 35926 9871
68580 33843 65111
68623 70496 66797
68635 896 30768
68643 89240 22992
68657 71865 81835
68726 2344 75569
68751 77262 52573
68783 88698 11688
68794 97629 41344
68815 48369 47564
68903 78526 56657
68910 90119 26639
68930 83944 8120
68936 81147 41606
68973 95908 12580
69005 39587 71955
69022 33850 83792
69037 26268 25553
69051 59014 67417
69079 69102 25919
69108 53899 64793
69154 29934 98577
69167 4133 46367
69168 56494 99641
69175 4324 67922
69220 4695 77126
69227 49965 33871
69281 70095 88234
69292 17170 2174
69312 80847 55121
69349 88541 50967
69388 23559 69944
69454 7617 49137
69462 6429 72222
69541 61023 59195
69548 1765 49951
69566 72320 72551
69694 58541 25351
69694 78501 43699
69694 3400 64665
69742 87971 10530
69749 84038 97708
69788 99937 19678
69821 5889 60112
69852 67992 76214
69859 87752 98548
69869 3924 162
69896 94529 79828
69975 99345 86823
69988 39511 91102
70006 51307 88631
70020 22482 78469
70063 34514 12947
70070 6463 27385
70081 97878 65845
70096 79301 63338
70147 3062 81713
70185 98631 11670
70199 1130 26028
70268 77744 10480
70284 93855 48469
70360 69908 67855
70384 14972 6664
70420 20265 46003
70493 93024 58988
70535 85181 49428
70546 11840 40588
70665 90583 72201
70681 91557 33251
70698 85064 87223
70721 5159 68861
70772 34110 52601
70786 30426 57612
70805 9937 65211
70822 879 90701
70829 56173 33971
70989 57005 79242
71061 61709 9831
71127 81912 84831
71148 91207 28063
71371 74012 35568
71376 30151 1882
71381 64814 65103
71390 78692 83171
71411 62121 54032
71420 5661 42688
71426 35552 20623
71533 45949 2196
71545 97355 21341
71589 53797 3115
71590 86214 86390
71621 56751 82217
71647 41826 48271
71650 51050 15458
71738 7038 56524
71788 38183 16296
71823 77601 17661
71836 27356 3391
71844 68162 5247
71885 41926 36993
71918 69172 95389
71955 3564 59477
71955 11416 72232
72004 23504 87879
72035 63335 86314
72059 92945 6409
72086 27268 31913
72107 62640 94381
72125 91792 69033
72128 88165 3944
72165 76069 18188
72273 4358 74484
72326 4374 74557
72391 3675 55125
72412 18382 32152
72415 74079 42270
72484 22371 9850
72520 40680 84391
72537 68990 24461
72570 55921 38135
72587 40840 9399
72594 46915 12656
72605 91124 19911
72622 5562 34084
72630 53100 29962
72652 30703 20754
72734 76233 27011
72762 39713 40321
72783 69446 37088
72835 64811 15089
72840 49890 68973
72908 82114 26201
72961 42783 50374
72983 54528 77648
72989 28045 62134
73024 52320 20963
73068 51746 76205
73082 61344 64907
73092 36296 34338
73144 89349 19648
73169 89934 73346
73200 69134 76660
73224 97072 10418
73250 13545 99095
73333 72781 57026
73336 45167 8814
73370 45936 77532
73397 71157 93667
73397 33236 96526
73405 5065 85665
73418 72561 20716
73567 37918 72696
73583 21198 89654
73584 95784 90261
73588 28417 74982
73593 68783 8490
73674 73610 57876
73684 79547 17756
73710 84629 96467
73796 70815 95952
73832 81198 7744
73844 52222 31247
73888 27466 17092
73972 91694 77383
73976 54239 43162
73999 77424 35634
74004 17854 88143
74024 3756 43130
74050 99535 63341
74076 41861 89217
74113 74882 13753
74113 2478 22221
74152 38604 72508
74164 25920 21411
74178 34295 74436
74186 54829 76572
74188 95842 21065
74190 68261 26745
74192 31622 22878
74234 5023 5375
74244 17142 74375
74265 19079 81783
74280 33571 66012
74294 4783 30991
74319 49270 16823
74396 14950 88944
74511 10370 74820
74557 60749 54790
74558 60911 84623
74560 67269 28345
74562 63984 77587
74567 53701 13907
74582 59280 45011
74589 91338 68134
74594 34718 70418
74610 88577 29149
74672 68941 34186
74684 3899 7679
74775 47820 88458
74792 37272 43069
74799 69353 2548
74833 3591 53119
74834 64975 98577
74874 75510 83719
74892 49709 78302
74962 94068 30145
75022 47007 11267
75029 40251 20687
75226 93225 90813
75226 92337 20088
75229 53650 75676
75239 95313 25865
75303 30027 87085
75309 5348 90824
75322 57688 89446
75333 77146 62233
75353 79491 51922
75369 29299 11346
75428 80244 56917
75472 74209 68665
75502 40354 60262
75631 96709 77578
75731 86710 43292
75743 94602 14260
75746 7587 2035
75801 47885 94380
75808 68681 47157
75860 26859 56607
75877 80496 78625
75882 16365 86952
75896 67421 60386
75906 29671 74834
75985 25101 72333
75987 39287 51162
76052 23096 55980
76116 92635 27213
76144 34655 96002
76156 50416 94435
76258 41674 65904
76262 65626 15365
76274 50636 44074
76329 4682 18504
76374 28306 90593
76377 42040 71285
76435 43803 54932
76438 17697 22463
76538 99555 37526
76688 45719 14973
76719 9831 53955
76721 24704 56417
76732 18300 20593
76765 30638 37800
76776 48366 47975
76776 42561 32990
76787 5474 33877
76803 4214 77174
76835 80489 3560
76948 77834 48634
76955 54045 6669
76962 69787 22672
77003 17438 885
77030 16191 20739
77042 70841 33634
77082 91383 38574
77122 32927 79251
77147 43243 6933
77167 91912 65785
77232 48088 66794
77261 66999 45034
77299 72159 18916
77359 85486 84819
77412 80021 96246
77420 38983 33208
77560 7013 66172
77561 22664 22597
77588 86777 86137
77691 85200 10351
77692 93001 38108
77718 25104 50268
77762 14518 4980
77807 59182 80326
77922 99831 61667
77928 5966 35512
77972 13766 34371
78015 59873 44202
78113 22094 40776
78176 57952 42032
78189 77532 4964
78206 89627 56539
78237 13523 39002
78253 25043 64398
78312 65587 28683
78317 91553 97488
78323 11707 41014
78333 81673 49898
78371 87754 75545
78532 22341 15186
78550 62709 1730
78571 13066 97500
78631 71601 23871
78663 11490 18521
78722 56051 52668
78768 93982 93636
78816 46363 26036
78840 72213 73071
78852 99462 94078
78856 41765 69382
78933 55606 91647
78954 64481 65677
79019 76119 80482
79066 10026 68227
79113 40252 25881
79167 62556 98912
79170 25576 57476
79179 91576 41169
79190 90685 61118
79273 15868 55334
79295 87882 30242
79314 83395 45212
79334 1225 22104
79352 93698 92674
79361 9381 32778
79388 51154 69837
79453 80749 54272
79551 19480 37747
79584 3147 86722
79604 34365 49939
79644 55219 64294
79730 74299 44157
79738 5699 34797
79762 70503 59147
79768 17500 19790
79777 20656 26843
80021 39103 82101
80065 67723 64475
80199 13213 54150
80228 99255 21797
80250 64753 52215
80298 95707 8352
80354 99339 86367
80355 49401 66762
80400 78535 75226
80411 60556 93771
80412 53842 59002
80423 17878 41251
80425 67877 39592
80425 38383 56431
80523 91422 34761
80541 20533 6606
80570 70809 73749
80621 35055 45252
80635 53481 19924
80755 62016 26756
80811 56413 39029
80837 19176 73426
80847 70341 65850
80884 64858 83846
80901 39331 96165
80948 76910 646
80958 89870 70918
80992 30166 60738
80999 52430 35856
81090 35579 73552
81154 23244 56860
81209 32744 34751
81242 18030 76128
81264 63535 21521
81275 4337 95526
81304 49770 70753
81316 79799 11006
81358 29172 34165
81358 7231 87567
81371 75349 64657
81465 90450 47471
81521 71328 4075
81556 19052 60571
81572 32316 38154
81660 76097 97819
81847 84574 2096
81860 94821 76414
81877 39193 73725
81893 75726 30721
81895 17191 1446
81958 29195 87538
81995 65970 23287
82090 66450 91361
82098 45652 6497
82212 41409 91311
82226 36693 66403
82279 43133 49845
82281 98803 6255
82282 7089 2826
82353 85184 16827
82387 24914 89890
82402 93037 49103
82440 20179 26204
82469 87478 80449
82474 13665 44881
82551 81905 15690
82561 86136 19960
82589 4988 11189
82589 21689 26658
82607 33884 30481
82691 71649 72388
82712 79112 16336
82740 86450 11297
82786 25134 92662
82881 70185 76931
82953 76576 47383
83021 53638 52050
83085 90141 2503
83118 76955 21821
83160 55989 81108
83259 8280 46826
83279 96845 37397
83315 58095 82386
83373 20659 67755
83382 22859 12554
83419 63651 46089
83433 62885 64573
83481 46535 93493
83553 11540 33282
83554 55702 97709
83557 62103 24244
83574 8715 33145
83605 3197 88970
83655 72899 2010
83668 84520 38969
83670 47491 20438
83677 40937 4095
83704 30382 66779
83705 76259 41567
83705 12309 61817
83717 15627 74661
83741 80264 27216
83761 85718 59218
83785 76558 68149
83796 45740 54437
83809 84647 42009
83841 36294 6282
83843 97957 68055
83881 90340 45907
83908 14746 94056
83919 69219 41960
83949 31641 93185
83968 48058 11032
83983 53750 14749
83988 42772 66382
83996 87127 14525
84103 16454 86320
84132 93870 22314
84138 37241 42485
84157 3901 65170
84226 52609 11221
84248 95262 64845
84271 16248 51624
84348 47025 85392
84355 13191 91049
84451 49361 18216
84457 85395 49850
84520 54036 79440
84574 28602 53787
84629 52610 72028
84636 20407 13709
84723 90196 30921
84771 92208 88770
84794 89172 35132
84829 84028 11207
84843 96891 85819
84855 77787 30881
84862 96299 68763
84873 62389 20122
84922 87220 79409
84961 60460 54535
85028 79104 98992
85044 26349 81650
85056 1347 84235
85115 57083 39631
85140 65855 55134
85167 10288 73090
85174 56135 35685
85194 40847 98226
85242 84478 83296
85305 18090 80250
85310 70011 97343
85364 28127 8082
85373 7783 16050
85381 45750 57978
85441 19994 442
85493 51817 52266
85632 23957 61328
85713 76867 54440
85740 69609 96866
85783 38542 83594
85827 94154 10964
85897 67905 22452
85899 23936 86331
85923 69540 31526
85995 87610 2794
86061 97370 27678
86061 47570 30211
86068 49750 85749
86092 25855 67026
86100 31584 29559
86111 9452 79882
86145 70204 5010
86168 55915 14659
86272 52174 7061
86288 12513 91538
86328 92389 92497
86334 16390 98681
86365 1095 44104
86370 1861 84542
86403 34841 31498
86456 95274 71588
86506 82634 79514
86536 12507 28985
86552 83317 85531
86578 98647 90898
86582 39008 24001
86634 37408 99404
86681 5691 23327
86689 20415 77520
86725 52244 55066
86803 46726 80021
86830 39567 41397
86883 66101 51449
86926 69552 74418
86950 71426 58135
86981 31890 83921
86990 41444 49612
86997 61861 12555
87031 80727 26357
87048 98527 54349
87092 19540 14822
87157 69335 28154
87157 27708 92256
87166 77152 87042
87190 72080 42730
87190 92274 7282
87205 73170 13460
87215 7418 19387
87266 57602 75169
87294 58598 47194
87364 7506 23929
87369 72947 87816
87413 47708 10745
87495 46461 74095
87600 14021 33423
87700 64691 29520
87751 56116 86488
87776 98697 43050
87778 38132 16465
87824 54678 49423
87824 14881 17601
87845 97477 6228
87857 8282 27228
87880 56824 22483
87978 33006 31847
87992 78348 35616
88010 12949 62314
88016 37884 74640
88045 58888 46739
88052 21411 8684
88067 82343 60941
88076 51690 81564
88087 83996 14500
88124 64902 17624
88186 36863 64539
88194 8742 48335
88241 78242 95706
88273 55334 53900
88286 74495 69109
88308 49967 77933
88335 59687 82941
88336 10273 94652
88383 87061 7721
88391 65892 90931
88421 14556 56094
88484 59862 16547
88507 81057 97692
88653 31338 27482
88773 76076 94583
88790 3684 24675
88827 32928 91568
88925 76523 305
88980 83447 16044
88985 5358 16828
88990 51699 23129
89027 25032 10475
89059 33661 2662
89060 2541 46772
89063 13669 93957
89074 36876 53597
89178 54228 83949
89192 25794 29843
89324 23271 42499
89427 8466 62866
89464 39734 71989
89537 82843 91994
89622 6006 93662
89628 61172 99972
89629 3653 16976
89827 49303 15497
89916 18861 64227
89921 18108 6973
89926 48224 23748
89940 64800 98114
90024 11013 10838
90068 85319 69532
90069 77562 30286
90074 16013 7327
90085 80623 97771
90094 44810 61744
90143 17448 44127
90154 25685 2023
90230 38156 73834
90314 73716 51496
90323 74021 20456
90338 83404 85846
90385 84965 92184
90385 82151 51327
90431 40841 11589
90506 51855 54052
90535 71249 2621
90557 84276 51747
90601 47602 64844
90646 40916 36308
90658 83353 42705
90702 77614 32572
90854 20507 48124
90863 74971 61420
90886 99002 41986
90889 79794 59506
90926 57474 48615
90942 49358 53637
90947 74331 82326
90959 67502 90843
90960 70452 5741
90971 14097 83693
91021 97941 47107
91029 79237 54096
91035 67923 94878
91039 84218 24042
91047 56674 53722
91061 99745 24494
91072 28229 64969
91078 59234 61908
91130 33647 56263
91134 20615 93980
91135 42050 94828
91151 15475 33633
91249 97507 62888
91274 36184 71364
91279 66031 24782
91294 8716 10739
91297 22059 97975
91302 41708 1878
91318 54514 6150
91324 1626 61731
91367 18625 3008
91453 49492 51614
91460 53898 51178
91464 79237 83991
91476 9808 98119
91625 5102 23609
91633 9355 8581
91700 36969 37521
91703 54416 50978
91719 26920 273
91731 6316 28982
91739 75619 70082
91743 87102 15908
91767 71781 92735
91795 20526 88984
91821 10966 93920
91828 19002 9331
91830 71237 63553
91864 24391 75484
91879 65367 65169
91914 14153 20751
91916 5226 87164
91927 58029 91266
91935 21906 79857
91948 28796 44338
91967 80987 23488
91999 48307 65197
92004 52583 75602
92080 3371 43080
92094 3489 9472
92139 41411 55156
92224 77281 33473
92328 60447 94208
92331 63045 27300
92377 7963 17071
92424 94225 49107
92439 26524 75513
92450 72582 12702
92474 10641 75657
92525 12558 56471
92563 90798 14192
92572 50765 39433
92631 87572 86703
92682 46236 22033
92714 90327 84536
92735 74158 1356
92736 96304 97654
92777 45168 89988
92791 42770 98286
92805 94592 25008
92844 38986 40981
92887 40356 71948
92922 46532 93524
92962 64460 14171
93001 11801 53812
93006 60752 18189
93043 12927 57063
93051 96179 92454
93058 67966 7398
93063 19113 63720
93088 86294 16192
93095 89678 48865
93108 9823 14792
93184 80230 61820
93188 29848 85124
93243 175 39648
93275 66676 90860
93299 18222 83915
93301 63750 46997
93317 64677 15438
93383 58031 68063
93384 97644 57253
93419 71909 94845
93512 14738 3765
93570 97956 54260
93570 21325 60875
93613 40154 14986
93644 98050 22830
93677 3598 32074
93700 2651 45439
93717 29879 27106
93732 24379 15560
93736 25538 33014
93852 3157 58132
93853 28933 51998
93867 21678 51981
93897 32658 78173
93958 13263 48767
93987 46121 43327
93993 67196 54210
94021 15215 13704
94085 30742 67276
94197 35067 61681
94220 53234 47400
94312 1175 61277
94326 26573 64349
94487 56279 47126
94500 17194 68838
94503 21685 49278
94510 77543 46700
94512 68166 34750
94539 4899 84025
94540 88869 94725
94554 12293 85692
94560 74229 70490
94621 35234 50340
94652 65798 24676
94652 27378 29214
94736 35057 24738
94751 96473 58673
94794 34551 78250
94802 68414 35902
94875 94840 1938
94877 3039 1916
94898 60936 38333
94951 61630 63720
95030 76780 78674
95061 47873 50306
95073 79013 99697
95093 43356 94646
95130 97310 31439
95221 95012 53576
95240 8315 43663
95265 94101 59573
95275 97190 53474
95301 93301 84413
95389 14622 6495
95418 1629 66504
95450 28287 64376
95458 19533 35389
95522 48377 81184
95529 11653 51376
95533 37644 66558
95537 80635 91283
95565 15354 10214
95588 59225 96503
95609 83731 10128
95626 9211 3994
95707 61161 44284
95725 98633 67028
95791 59388 8982
95801 38081 18711
95822 24019 15946
95851 18862 28289
95880 94038 19257
96037 62009 99308
96047 91775 31709
96066 67007 84876
96200 53763 78763
96206 70970 92790
96259 71804 74842
96274 75298 24455
96280 16640 43849
96283 25629 23893
96337 89696 21228
96347 31880 2516
96389 48173 48165
96402 77533 20261
96446 99173 14343
96461 20240 73445
96487 87564 21774
96562 90475 40047
96570 37728 81853
96620 89494 72383
96630 44924 24106
96686 75596 96962
96731 37139 57206
96744 62365 28597
96791 67375 64704
96837 64968 1305
96890 31677 66291
96891 54768 28374
96939 28710 77851
97022 9924 67991
97124 63854 25934
97172 25215 18397
97240 41768 84641
97417 30040 67194
97513 11410 19796
97565 9087 32498
97569 78179 98182
97599 5843 89906
97607 42898 68803
97640 91941 82640
97685 60636 46204
97692 95309 37141
97729 26426 55651
97783 64175 42858
97797 3091 54780
97825 40108 31757
97986 47029 66006
98030 6683 87555
98032 66580 76094
98043 49694 99519
98055 85619 63880
98072 23474 49086
98088 61383 24957
98116 55586 79392
98146 5757 95517
98150 77919 53385
98156 77332 31186
98254 76951 88525
98271 25949 10442
98297 5995 74267
98304 26307 23030
98362 49705 63721
98364 68218 29848
98372 868 91535
98375 68219 87838
98396 81599 28004
98417 11052 56538
98419 52178 46102
98474 14577 28166
98481 86034 92448
98524 40431 40856
98527 93379 56563
98546 18388 20738
98590 21813 92588
98596 84012 41996
98618 7542 7714
98631 49390 91382
98679 94342 36979
98695 17833 81481
98698 5164 25325
98710 61195 45282
98725 95723 85194
98785 66446 99655
98830 6885 15606
98845 9845 85478
98867 13043 28777
98881 66341 23559
98907 14057 86785
98947 23705 20402
98947 44842 51427
98950 87733 35429
98967 43733 17760
98968 85713 72245
98971 54450 43952
99070 34890 48293
99087 72791 82693
99093 63012 2248
99127 74533 67729
99127 69725 33341
99130 35206 64938
99137 39176 20866
99147 65106 27596
99178 49834 97995
99193 3390 10726
99204 34377 27078
99251 78165 97490
99259 52481 34048
99266 91777 92627
99356 47278 30495
99409 40341 35338
99415 51361 64147
99442 54880 63868
99463 21760 87982
99467 11124 67061
99481 59174 70538
99491 97196 97153
99496 63770 36509
99624 48003 57523
99654 59583 45031
99706 35748 96256
99709 22551 56621
99738 84321 55993
99745 73773 70605
99779 42241 5707
99784 60138 51181
99812 56501 47989
99816 73743 57347
99833 71526 34962
99868 87176 29217
99878 99410 94161
99915 53300 50171
99927 14058 62795
99947 43041 16876
99989 863 2034
