3000 10000 52394 67994
50 20 75243
58 30 84140
105 20 73735
132 10 60440
147 20 74299
151 20 55148
160 20 20952
199 30 20515
200 20 96402
266 30 64806
315 20 11242
335 20 92589
359 30 9273
381 30 47433
392 10 54345
396 30 90367
405 30 45650
409 20 42042
434 30 85537
435 30 72190
454 20 71718
463 20 22729
464 20 91682
496 10 63646
505 10 1975
576 20 48974
652 20 32058
669 10 66675
712 10 19705
717 30 35401
721 10 28931
727 10 26177
744 20 74827
915 10 88987
922 20 22476
926 10 25678
931 30 86560
962 30 84369
980 30 92249
1032 20 35318
1033 10 59659
1033 30 26175
1050 20 4496
1115 30 29909
1129 20 8112
1140 20 71578
1185 30 19326
1209 20 64847
1243 30 16157
1256 10 60637
1297 30 32865
1323 10 51933
1341 10 46965
1343 30 30005
1393 30 90090
1491 10 77415
1516 30 92494
1518 10 90448
1529 20 84551
1539 20 64853
1542 10 7522
1639 10 6761
1640 20 42578
1667 10 32134
1671 30 77061
1686 30 62583
1741 30 12274
1760 10 10261
1802 30 98295
1831 20 15627
1864 20 86032
1998 30 97804
2012 20 59522
2023 20 98449
2038 30 26407
2046 30 10546
2056 10 42007
2074 20 13073
2100 30 53373
2103 30 68018
2126 20 72680
2192 20 57137
2258 20 15514
2265 10 78635
2329 10 85564
2344 10 76354
2425 20 43285
2487 10 52161
2489 20 76385
2577 30 15203
2699 30 92530
2780 30 38206
2795 30 811
2805 10 36028
2860 20 22781
2863 10 12035
2887 30 92817
2912 20 42014
2927 30 43566
3010 10 32741
3071 30 58346
3098 10 67641
3144 10 13109
3210 10 8446
3211 10 73800
3219 20 93107
3230 30 18613
3312 20 87070
3398 20 52176
3410 20 13742
3460 20 65724
3502 30 47960
3534 20 39129
3565 10 15436
3597 20 29563
3619 30 15169
3751 10 14249
3775 10 33927
3805 20 74229
3829 30 17702
3835 20 31106
3965 10 23556
3966 20 63272
3972 30 75793
4045 30 20935
4052 30 20585
4056 10 17316
4097 10 88972
4142 20 11911
4157 30 44118
4167 30 80741
4278 20 89932
4301 30 33457
4304 20 22107
4348 30 37917
4378 20 696
4384 30 13329
4431 10 30637
4473 10 87960
4500 10 80042
4513 30 81709
4514 20 21826
4526 10 86340
4528 10 54595
4546 10 11491
4582 30 52027
4589 20 22801
4670 10 27476
4779 10 31881
4789 20 63460
4876 20 57990
4896 30 18117
4925 10 82311
4978 10 91462
5064 10 74535
5082 30 13959
5092 30 90869
5126 30 29882
5146 30 87467
5167 10 52132
5202 30 23656
5206 30 66426
5215 20 23636
5259 10 83923
5266 10 94709
5266 30 2711
5282 20 9735
5334 20 5818
5354 10 93821
5354 30 31297
5381 30 7223
5441 30 48926
5454 20 34687
5465 30 61033
5512 20 68832
5549 30 73093
5628 20 6508
5637 10 2403
5641 20 44014
5731 20 84935
5743 10 5097
5823 30 19020
5834 20 94199
5934 30 41729
5935 20 56177
5936 20 92865
5946 20 25339
5954 20 40845
5975 10 44915
5980 20 66025
6086 30 47702
6097 10 19966
6101 20 34467
6127 10 50436
6167 10 226
6180 20 64580
6214 30 1775
6226 30 64854
6276 10 23599
6276 30 5522
6333 10 85637
6368 30 43846
6379 10 16877
6386 30 5092
6409 20 37087
6428 10 97191
6531 10 41243
6535 20 58655
6552 20 12313
6564 10 65146
6580 20 77854
6616 30 34503
6679 30 40554
6756 10 2212
6771 20 14608
6845 20 51729
6860 30 58215
6886 30 76797
6957 10 14027
7023 20 77932
7032 10 85828
7059 30 94886
7069 10 77476
7085 20 5817
7121 20 50593
7160 10 3123
7181 20 90647
7297 30 35215
7346 20 89051
7350 30 49796
7359 30 10948
7376 10 72030
7422 30 24325
7423 10 26814
7506 30 83457
7509 30 34990
7530 30 75468
7552 20 51114
7578 10 54579
7580 30 59263
7612 20 11739
7653 20 5275
7674 30 25894
7698 30 44782
7729 20 9877
7740 30 84361
7756 10 51593
7770 10 65750
7775 20 29330
7818 20 98784
7878 30 2001
7898 10 8633
8043 20 25874
8123 30 30047
8131 30 26659
8132 10 32238
8156 30 32307
8228 30 42693
8231 20 85303
8233 30 89128
8236 30 42535
8303 20 64762
8317 10 89344
8320 20 2635
8339 10 31012
8396 20 30689
8397 10 73483
8459 20 56152
8530 30 68238
8577 30 58253
8579 10 62402
8630 10 37857
8642 20 40659
8751 20 31671
8792 10 3192
8874 20 98039
8972 30 86081
9076 30 54389
9106 30 58262
9116 30 38040
9141 30 7272
9155 30 1037
9191 20 36121
9316 20 90223
9335 20 95721
9354 30 64973
9360 10 88117
9405 10 7379
9467 20 64454
9501 20 59076
9503 20 47104
9561 30 39537
9578 10 11271
9613 10 1936
9659 30 74692
9709 20 27404
9713 30 93107
9717 10 93071
9793 20 92153
9857 30 45855
9938 10 63179
9954 20 86971
10007 30 16547
10065 20 51035
10104 10 41064
10133 10 49622
10134 10 42351
10174 20 49021
10192 20 97845
10209 30 9531
10216 30 11693
10263 20 98441
10282 20 46249
10291 10 54412
10371 20 52684
10515 30 66910
10542 30 53936
10564 30 37791
10568 10 36469
10569 30 10716
10612 20 33348
10639 20 61503
10721 20 36971
10817 20 41492
10920 30 60826
10944 10 79571
10966 20 32458
10998 20 50879
11018 30 31545
11044 20 23638
11100 10 38312
11116 10 89420
11123 30 14237
11181 20 60762
11200 30 81054
11250 20 86300
11292 10 20306
11308 10 23701
11414 10 18821
11435 20 31685
11451 20 46649
11480 20 74096
11498 30 83205
11531 10 88954
11592 10 97594
11636 30 79322
11638 10 79237
11654 30 39527
11762 30 78380
11793 20 89456
11807 20 17060
11825 20 91886
11855 30 35615
11940 10 55324
11959 20 67683
11965 30 33769
11974 10 59201
11979 30 34853
12067 20 47037
12074 20 4006
12093 20 11183
12118 20 45338
12185 20 35721
12196 30 24725
12224 10 10571
12252 10 57361
12255 30 45820
12259 20 57252
12300 30 87800
12305 20 91373
12422 30 72016
12455 20 31894
12492 20 41502
12510 30 97132
12534 10 8066
12548 20 67945
12590 30 25037
12617 10 81063
12666 30 25584
12750 10 10713
12812 20 33901
12853 20 70837
12865 10 43932
12947 30 92137
12999 20 35052
13000 10 37062
13022 30 6425
13094 10 21854
13144 10 99266
13164 30 39857
13188 20 24165
13191 30 60590
13252 10 39298
13270 10 15671
13295 30 78845
13366 10 4208
13457 30 75190
13462 20 14750
13470 20 3573
13483 30 32911
13505 30 97464
13531 20 49718
13568 20 78037
13622 10 43414
13724 10 38802
13725 10 9024
13814 30 11128
13864 10 63625
13935 30 4022
13961 30 66939
13968 10 68830
13977 10 33046
13980 10 88452
13997 30 61886
14003 20 44426
14101 10 44
14115 20 3204
14124 10 77248
14159 20 36848
14191 10 34047
14216 10 31755
14231 10 48379
14324 30 33388
14342 10 4101
14370 30 57604
14379 30 18916
14381 10 10465
14412 30 12398
14471 10 94949
14497 10 13173
14568 20 54459
14576 30 17956
14618 10 40546
14618 30 85553
14662 10 97970
14673 10 81078
14720 10 96621
14727 20 37505
14735 30 95597
14773 10 79623
14795 30 47806
14796 10 40780
14802 10 54538
14823 10 73349
14897 10 97521
14907 10 84322
14945 10 97593
14972 10 2292
14977 10 25355
14987 30 24692
14998 30 53587
15012 30 59993
15021 10 49183
15022 10 23360
15027 20 73489
15109 20 31875
15122 10 10495
15132 20 33360
15168 10 92529
15188 30 93661
15206 20 24939
15252 30 60405
15268 20 19042
15295 30 66280
15305 10 89588
15335 30 2667
15597 10 68442
15599 30 31184
15609 20 68530
15703 30 59472
15731 30 11196
15787 20 15011
15795 10 18844
15808 30 98276
15838 10 85929
15856 30 44976
15859 10 72201
15894 20 29083
15929 20 93114
15952 30 3992
15974 10 61150
15978 10 58527
16101 30 8550
16105 20 11160
16215 30 31263
16265 20 88564
16336 10 78440
16343 30 33812
16388 20 2087
16414 10 98995
16476 20 2395
16490 30 44776
16495 10 96105
16549 20 76315
16626 20 58330
16651 30 68382
16683 10 32505
16695 10 7068
16701 20 89890
16758 30 79539
16785 20 3024
16847 30 60136
16935 10 20415
17036 30 60984
17093 10 58542
17114 30 66268
17118 20 42833
17137 20 90568
17238 10 67345
17251 30 52259
17280 10 7783
17284 20 44141
17307 10 73379
17327 10 7096
17345 20 18038
17379 30 69086
17460 20 66976
17568 10 82344
17623 30 97109
17637 20 23432
17641 10 78855
17706 20 34068
17709 10 81833
17742 20 23794
17826 20 54202
17886 30 6197
17891 30 20202
17901 10 37287
17947 10 38197
17959 10 37136
17986 30 24432
17998 20 90478
18065 20 29204
18076 20 25293
18102 20 52336
18189 20 38666
18275 10 79963
18276 10 22072
18309 10 87415
18375 20 78124
18389 10 52850
18399 30 84789
18529 10 28722
18565 10 70321
18605 10 73552
18656 20 53213
18662 10 4451
18668 30 23940
18678 10 900
18703 30 84546
18735 10 79386
18750 20 60613
18810 20 7768
18816 10 55463
18857 10 11183
18925 20 54746
18988 10 97028
19031 10 15991
19050 20 85247
19086 10 83545
19115 20 36949
19160 30 46962
19201 30 41677
19209 30 78970
19241 20 78537
19328 30 82722
19344 10 17930
19353 20 89484
19364 10 43721
19371 10 94649
19463 10 27421
19484 10 19148
19529 30 31716
19663 10 8670
19725 10 27701
19727 30 57021
19732 20 4968
19736 30 47056
19823 10 25010
19824 20 3058
19841 30 54162
19853 20 39557
19899 20 24382
19930 10 91853
20054 30 76530
20057 10 36121
20083 20 99723
20094 10 796
20133 10 39204
20145 10 20237
20164 30 61040
20174 20 68994
20391 10 86020
20486 30 12395
20537 10 64411
20547 30 70623
20572 30 20671
20603 20 18130
20626 20 92434
20661 20 41267
20704 10 62453
20736 30 13765
20740 30 70211
20769 20 65408
20843 30 57966
20869 30 82168
21034 30 97453
21065 10 80328
21091 30 88045
21115 30 60755
21189 10 2901
21216 10 96813
21216 30 91325
21278 20 32763
21290 10 14303
21328 20 6655
21341 20 58828
21412 20 9093
21442 30 37468
21461 10 87908
21468 30 3132
21484 10 50412
21498 30 60812
21502 10 56689
21510 10 29833
21564 10 71521
21576 20 54231
21592 20 52208
21672 10 12911
21692 30 56337
21693 10 73040
21695 30 42066
21751 30 44020
21814 10 49368
21897 30 43410
21930 20 24614
21933 30 90728
22023 30 85794
22081 20 17522
22094 10 78323
22107 30 49393
22152 30 70124
22157 10 67091
22157 20 56520
22160 10 94222
22193 10 27681
22269 20 90003
22332 10 24642
22355 30 89176
22470 30 30306
22473 30 88493
22604 20 8901
22610 20 74746
22617 30 62964
22702 10 45875
22767 10 27852
22772 20 14744
22823 30 18273
22837 20 37203
22864 10 99734
22929 20 33195
23025 20 62577
23034 10 13374
23082 10 95372
23344 20 85503
23370 10 83765
23387 20 49303
23388 30 80046
23427 30 27735
23434 20 86526
23436 20 79029
23477 10 6194
23485 30 48403
23492 10 56832
23511 10 27355
23557 20 52340
23560 10 95701
23590 10 3800
23653 20 79531
23662 30 91547
23679 30 86578
23715 30 97169
23728 20 93929
23738 10 68033
23751 30 46645
23837 20 62715
23859 30 22581
23870 10 10700
23891 10 50871
23907 30 67604
23933 10 32397
23976 10 18405
23987 10 31064
23991 30 17091
24027 30 33947
24091 20 90604
24135 20 16338
24152 30 87767
24201 10 31369
24242 30 44290
24249 10 53577
24250 20 88742
24282 20 65179
24315 10 41250
24363 30 2662
24399 10 46154
24433 10 21907
24433 30 76445
24446 10 97841
24451 10 2391
24465 30 42175
24483 10 70810
24522 20 96075
24530 10 94700
24606 20 98141
24635 20 3934
24642 20 26266
24653 10 67123
24680 20 70641
24688 30 2966
24749 10 15593
24776 10 65612
24811 30 18154
24813 10 2445
24828 10 13793
24836 10 12811
24836 20 16061
24843 30 56631
24853 30 77627
24854 10 40546
24882 20 40310
24912 20 46168
24942 20 30628
24988 20 98959
24994 10 6266
25026 20 77100
25078 20 32289
25128 20 13419
25146 20 86807
25156 20 87083
25182 20 18099
25247 30 35687
25266 10 82189
25279 30 74432
25296 10 64117
25411 20 28289
25485 20 60972
25494 20 92547
25496 20 78956
25519 20 36111
25529 30 41126
25537 10 83361
25583 10 7674
25592 30 80180
25647 30 27948
25661 20 12280
25703 10 88080
25725 20 30142
25781 20 83092
25843 10 94846
25907 30 76433
25911 30 40029
26003 30 38129
26031 20 2851
26039 30 91843
26085 10 72010
26125 20 74446
26203 10 72080
26207 30 17725
26220 10 84086
26246 10 2944
26311 30 36515
26326 10 28448
26333 20 31923
26343 30 14111
26367 30 1556
26378 10 96164
26407 30 98478
26443 30 37380
26451 10 49519
26465 20 78076
26496 10 69130
26549 10 23452
26674 10 59170
26677 10 7608
26717 30 62829
26734 20 63417
26750 20 8958
26777 30 21325
26875 30 96236
26901 30 24328
26911 30 9516
26978 30 44933
26979 30 7534
27013 30 79008
27021 10 47627
27090 10 35325
27171 30 42121
27178 30 11181
27187 30 25416
27214 30 83512
27272 20 12402
27331 30 98990
27341 10 89272
27370 30 69439
27386 30 45510
27412 10 98426
27443 30 3914
27445 20 64611
27459 30 60497
27519 20 22255
27560 10 92254
27567 20 10320
27587 10 64088
27646 20 30823
27764 20 66868
27870 30 69080
27912 10 74306
28116 20 98104
28209 30 91587
28211 30 14239
28238 10 16907
28250 30 8643
28323 20 3473
28355 30 53037
28451 10 92253
28466 30 61926
28487 30 20819
28492 30 28230
28495 30 92595
28515 30 52749
28549 30 78257
28590 20 58929
28617 10 10544
28626 20 14684
28681 30 16330
28700 10 25007
28717 20 55434
28740 20 83620
28784 20 13288
28858 20 10838
28859 10 35503
28887 10 79934
28918 20 73636
28935 10 11095
28940 10 1796
29015 30 17576
29040 30 39437
29057 30 17396
29090 10 21158
29116 20 58491
29173 20 92621
29190 30 30028
29224 20 22300
29233 10 70721
29237 20 47
29263 30 16073
29327 20 30629
29365 30 34695
29368 10 81775
29373 20 86118
29413 10 35370
29453 10 3317
29468 20 31435
29469 30 76863
29478 30 15235
29492 10 10254
29492 30 6799
29561 30 94803
29659 10 15984
29673 20 98983
29699 30 4317
29701 10 9629
29714 30 92895
29782 20 59646
29821 10 64818
29845 10 92069
29853 20 80819
29907 30 22131
29937 10 66530
29949 10 79020
29994 10 49071
30014 10 46072
30042 20 50211
30056 30 41763
30115 10 32798
30125 20 60819
30137 10 19473
30172 30 99957
30204 10 28138
30216 10 2159
30306 20 82806
30411 10 83931
30439 10 26278
30742 10 98340
30747 20 30211
30791 10 87242
30811 20 99871
30836 20 50862
30930 30 28493
30945 30 29889
30950 20 61102
31001 30 96497
31006 30 88867
31058 10 67058
31061 30 74947
31066 10 35048
31136 30 48919
31204 20 14382
31338 10 4720
31381 10 43700
31433 20 79099
31475 20 53653
31491 10 41429
31571 30 60316
31608 10 85131
31629 20 66661
31653 20 88364
31674 10 73016
31678 20 91730
31691 30 86045
31707 30 57365
31743 10 65853
31764 10 5537
31855 10 78647
31888 10 53010
31905 10 82399
31912 10 9986
31917 20 97018
31955 20 66705
31966 10 75467
31973 30 65410
31981 30 31104
32041 20 5231
32044 10 86140
32083 20 38585
32088 10 29265
32119 30 21790
32133 30 3727
32142 20 36424
32148 10 5449
32218 30 29623
32273 10 97342
32334 30 40540
32340 30 34208
32377 10 7550
32385 20 85428
32399 30 15334
32404 10 32374
32447 30 30612
32458 20 70444
32587 30 96659
32612 10 42480
32679 10 43211
32684 20 78625
32692 20 35414
32712 30 48775
32736 30 41868
32773 10 8960
32842 20 86457
32843 30 45387
32846 30 35902
32851 20 57817
32856 20 37470
32857 10 71405
32859 20 94636
32863 10 16424
32881 10 29872
32908 30 98762
32922 10 26548
32972 10 25394
32990 10 26982
32991 30 31016
33021 30 45064
33032 20 90580
33046 30 94544
33057 20 33797
33139 30 42020
33238 10 32072
33277 30 70670
33349 30 13836
33428 30 52597
33442 10 69990
33456 30 59152
33459 10 35012
33494 10 31098
33512 30 88931
33644 20 88748
33654 30 86984
33682 10 33437
33683 20 47918
33684 30 94604
33708 20 79963
33716 30 44492
33726 10 1878
33736 10 18378
33875 20 29306
33882 10 29257
33900 30 45993
33929 20 3632
33988 10 61093
34086 20 49060
34177 20 12382
34184 20 25848
34288 20 46226
34293 30 52639
34327 30 19662
34358 20 78298
34368 30 60505
34389 10 77607
34452 30 22502
34459 10 22712
34482 30 10238
34486 10 41292
34505 20 64662
34513 20 14089
34518 30 98184
34566 30 58895
34575 10 55074
34629 30 23175
34631 30 34072
34736 30 68981
34794 20 95914
34797 10 3251
34823 30 2536
34948 20 3180
35000 30 91401
35039 20 28827
35144 10 38380
35229 20 56357
35230 20 24877
35233 20 89513
35251 10 34354
35262 20 77849
35306 20 13300
35309 20 33691
35312 30 27025
35331 20 56365
35406 30 72586
35504 10 14728
35505 30 56477
35511 10 13959
35525 30 38941
35533 20 67692
35548 30 22313
35564 30 90456
35573 30 75410
35596 10 2934
35672 20 60361
35711 10 53941
35760 10 78510
35824 20 68025
35859 30 54880
35860 10 88135
35919 30 16987
35964 20 91284
36030 20 52655
36037 10 46658
36042 30 22744
36047 20 98296
36056 10 96453
36093 30 96387
36107 10 45837
36123 30 41078
36152 10 70147
36182 30 83033
36202 30 22174
36215 30 38184
36318 30 80004
36350 30 55524
36379 10 62070
36397 10 73758
36411 30 7780
36413 10 99353
36413 30 5235
36414 30 27273
36447 30 6681
36457 10 57919
36489 10 81688
36505 20 64166
36568 10 43276
36575 30 90059
36611 30 17290
36614 20 62079
36624 20 21025
36745 30 8741
36748 10 36838
36895 10 38090
36907 20 7288
36918 20 79866
36924 20 43256
36968 10 98388
36979 20 78410
37033 20 37411
37054 10 54915
37091 20 93163
37106 20 56448
37208 20 1653
37222 20 10025
37244 30 32590
37257 10 40053
37262 20 20923
37273 20 61277
37370 20 64694
37373 30 86111
37377 30 36268
37412 20 95182
37423 30 22158
37424 10 52559
37439 30 26419
37443 20 49133
37501 10 99984
37565 30 13031
37602 30 88112
37660 30 70545
37668 30 24550
37675 20 14609
37819 10 95100
37891 20 53623
37910 10 26027
37937 20 20596
38009 30 42471
38038 20 37318
38051 10 96826
38067 30 3884
38080 10 6384
38083 30 62586
38100 20 88615
38103 30 46319
38136 20 6398
38196 20 9059
38201 20 1431
38215 10 21901
38256 30 89309
38296 10 30781
38334 20 887
38374 10 65480
38384 20 19903
38402 20 52820
38419 10 68434
38426 30 27515
38445 30 88991
38487 30 17214
38535 10 19341
38540 10 64379
38566 10 71320
38621 20 51092
38629 20 12134
38656 30 22322
38696 10 57568
38747 20 38969
38750 20 21821
38778 30 40253
38817 30 84206
38856 20 85920
38887 10 32681
38893 30 66209
38922 10 21573
38959 30 91238
38999 10 34515
38999 20 38371
39021 10 93858
39043 30 52428
39046 30 92239
39065 20 23112
39088 20 52070
39180 10 56531
39261 30 50336
39358 20 99826
39420 30 81821
39425 20 46699
39442 20 9500
39448 10 93895
39453 30 32724
39525 30 39060
39557 30 25569
39608 20 93902
39622 20 60448
39632 20 29442
39665 30 4599
39683 30 96057
39701 30 34701
39734 30 25243
39780 10 89565
39793 20 45800
39793 30 99602
39801 20 59299
39811 20 1595
39813 20 41210
39823 20 51289
39838 10 62690
39878 10 76221
39891 30 32145
39905 30 83940
39908 30 56997
39924 30 87864
39966 10 76780
39967 30 80121
39995 30 85394
40115 10 71384
40123 20 4066
40138 20 72270
40148 10 39502
40152 20 44575
40196 20 10768
40196 30 57668
40236 10 11578
40345 20 49890
40399 10 22140
40443 30 16886
40444 20 42501
40465 10 70165
40516 10 55965
40519 20 78985
40561 10 58553
40575 30 35867
40585 20 20038
40591 30 94297
40668 20 83040
40763 20 6923
40796 10 91873
40803 10 97956
40926 10 20853
40939 20 4625
40953 20 19725
40983 30 21510
41157 20 33461
41167 30 91605
41178 30 41880
41192 30 28732
41233 20 30624
41275 20 12182
41322 10 88039
41347 10 42695
41353 10 38119
41426 10 51526
41487 10 8461
41508 20 77182
41532 20 20108
41596 20 69874
41597 10 47984
41598 30 65407
41616 10 89182
41662 30 89010
41721 10 14548
41750 30 66877
41779 10 16445
41798 20 54789
41849 30 92201
41874 10 4709
41933 30 61522
41970 30 211
42003 20 25147
42023 10 63506
42026 20 62030
42084 30 19500
42108 30 40981
42160 10 97521
42175 30 42780
42197 10 42917
42217 10 15653
42220 30 45242
42254 20 91973
42281 10 59492
42318 20 14033
42368 10 48114
42378 10 80395
42405 20 67668
42451 20 89728
42463 20 92871
42546 10 27883
42548 10 20421
42571 30 73122
42592 20 60973
42632 30 88065
42634 10 6486
42726 20 58394
42744 20 13599
42760 30 50566
42775 10 17668
42787 30 35930
42799 20 93902
42824 30 92640
42827 20 27012
42879 10 999
42896 30 32281
42916 10 93618
42940 20 31707
42993 30 37813
43007 30 13684
43049 30 45342
43129 20 84813
43148 20 3475
43172 10 67063
43200 10 14988
43244 30 92855
43250 10 6233
43303 10 79260
43307 30 27085
43339 10 33135
43403 30 45115
43421 20 36828
43478 20 42326
43488 10 42162
43515 20 78846
43541 20 33856
43558 30 24694
43696 30 42605
43702 10 6891
43711 10 41327
43717 20 74192
43717 30 32162
43803 10 58948
43834 10 11990
43842 30 96789
43855 20 4030
43861 30 72168
43878 10 64672
43878 20 91981
43936 20 48174
43965 10 96041
43987 30 28077
43991 30 69684
43994 30 42996
44033 10 48128
44035 30 93612
44057 20 60986
44103 30 83984
44123 30 18731
44144 30 31148
44164 30 25272
44171 20 9801
44326 20 79880
44365 20 877
44414 20 79410
44454 20 29611
44524 10 81513
44543 30 35013
44562 30 55668
44572 20 9710
44644 30 66730
44656 20 37988
44696 10 28169
44705 10 69924
44726 10 96450
44769 10 23148
44780 20 50943
44817 30 44552
44821 30 64082
44879 10 882
44895 30 44876
44929 10 83764
45044 30 74885
45053 30 53926
45054 30 57917
45084 20 90905
45108 30 99141
45113 10 35496
45125 10 50531
45151 20 27698
45167 20 61060
45210 10 61247
45282 30 52049
45285 10 21251
45353 10 5049
45358 20 51240
45379 10 67035
45433 30 25005
45457 20 81286
45458 20 52957
45537 20 56269
45594 10 16995
45609 30 11270
45648 10 22157
45655 10 45612
45738 30 21853
45841 20 14925
45844 10 94404
45859 20 30623
45905 10 74595
45975 30 88169
45977 20 55878
45984 10 26824
46028 20 85744
46045 30 3586
46048 30 36741
46086 10 80511
46137 30 96055
46188 20 38545
46198 10 21808
46244 10 40245
46293 30 31962
46312 10 17754
46315 20 95298
46335 10 18383
46433 10 67346
46463 20 67234
46473 20 4093
46485 30 1523
46538 10 5188
46590 30 56711
46654 30 90811
46667 10 21165
46675 20 36784
46735 30 34477
46766 20 51312
46769 10 19920
46771 20 55277
46795 10 20620
46857 20 25206
46883 20 20211
46987 30 62495
47003 20 30686
47016 30 64040
47033 30 8423
47096 30 91624
47119 20 47461
47144 20 86696
47148 20 18361
47181 10 93395
47203 10 80818
47234 10 36462
47310 10 89574
47367 30 53461
47370 10 67110
47412 10 4894
47425 10 87629
47470 20 553
47522 30 93979
47585 30 88568
47587 30 80723
47623 10 63142
47702 30 66692
47705 30 92385
47713 30 77942
47741 20 47441
47762 10 17500
47770 10 29597
47772 10 89909
47780 30 95169
47821 30 22017
47899 20 62534
47911 10 95604
47915 30 13909
47924 10 29349
47950 20 28404
48019 10 24762
48091 20 82015
48124 30 68467
48168 20 88678
48297 20 76737
48318 10 64964
48358 30 35204
48362 30 25104
48374 30 86322
48439 10 81994
48457 10 12397
48465 20 14387
48559 10 30311
48583 20 78172
48611 30 20170
48624 30 99917
48648 30 53751
48777 20 56847
48855 10 90713
48897 10 57632
48948 10 59586
48972 30 8999
49004 20 8931
49014 30 11828
49015 20 78693
49019 30 46848
49023 10 78282
49096 10 97521
49098 30 99198
49124 20 58879
49142 10 24424
49181 10 7533
49311 20 7422
49334 30 8849
49360 10 36690
49384 30 99049
49403 20 39091
49447 30 58367
49458 10 99102
49466 30 79942
49535 30 45405
49578 20 50286
49599 20 20337
49612 30 77545
49633 10 630
49646 20 25077
49648 10 17829
49671 20 26745
49733 10 68506
49744 20 38800
49747 10 42691
49782 10 90671
49837 10 57912
50013 20 49215
50048 10 55638
50107 20 65266
50192 30 21109
50305 10 7919
50316 30 66587
50384 10 30288
50405 10 27972
50456 30 2151
50474 10 8302
50526 30 43456
50550 30 52398
50576 10 18582
50597 30 34707
50778 20 23783
50800 10 85032
50806 30 66275
50809 10 90599
50823 10 23134
50992 10 72194
51003 30 65916
51066 20 70570
51067 10 21804
51106 30 51944
51110 10 56931
51165 10 18383
51215 20 85272
51218 20 15049
51269 10 6206
51302 10 16614
51314 10 8422
51314 30 86736
51382 10 39742
51435 30 455
51443 10 61912
51455 20 75688
51467 30 20869
51518 30 80254
51522 30 54400
51534 20 48215
51542 30 4931
51544 30 37440
51617 30 17399
51624 10 81954
51626 30 57775
51633 30 16628
51672 30 39193
51764 10 92636
51775 20 96287
51785 30 55152
51823 10 82893
51823 30 56842
51848 30 93475
51849 20 41861
51907 10 73834
51941 10 10624
51998 20 96202
52000 10 92293
52066 20 58847
52115 10 64833
52122 20 91067
52184 30 64230
52222 20 97104
52240 10 61099
52283 30 8776
52309 10 24176
52313 20 3111
52358 30 77178
52441 30 99688
52506 30 48859
52558 10 73528
52561 30 94140
52571 20 70699
52616 30 73147
52620 30 11407
52715 30 8185
52718 10 18795
52738 30 67930
52742 10 1621
52764 20 39539
52773 30 13669
52795 30 64376
52818 20 66289
52822 10 43565
52840 30 41864
52856 10 73789
52867 20 9865
53002 10 20273
53061 10 95986
53077 10 50552
53080 10 10566
53101 10 61460
53120 30 32014
53145 30 86861
53176 10 95700
53186 30 90850
53210 20 78626
53287 30 94012
53314 30 19777
53384 20 88297
53386 30 50771
53444 20 60076
53464 10 94899
53478 30 9576
53488 10 55003
53495 20 11383
53527 10 60724
53614 20 19509
53618 30 30014
53627 20 38398
53655 10 2413
53693 10 51415
53701 20 63516
53752 30 24711
53807 30 38413
53827 20 71862
53854 30 47151
53865 30 42608
53918 30 71594
54115 20 41669
54263 10 11770
54276 30 87943
54299 30 62055
54316 20 30029
54323 20 57579
54362 10 58155
54387 20 7600
54403 20 69134
54426 10 96363
54444 30 43652
54450 20 28276
54456 30 79756
54488 30 47340
54503 20 18771
54514 20 53840
54522 10 95815
54584 20 11684
54673 10 37504
54697 20 94520
54752 20 51728
54771 30 47785
54793 20 34302
54855 20 85400
54932 20 19648
54984 20 99613
55046 30 20366
55059 30 58003
55175 20 89468
55196 10 59048
55198 20 19590
55237 10 26109
55240 20 64815
55248 20 88555
55316 30 90980
55344 20 74572
55344 30 4543
55362 20 81527
55412 30 66440
55428 10 45793
55472 30 8620
55488 30 66825
55515 20 80424
55538 10 27250
55547 10 26562
55553 20 89207
55588 20 21449
55591 30 58061
55623 30 80553
55625 30 98119
55654 20 9401
55700 20 59860
55752 30 67400
55797 20 49203
55803 20 17576
55848 10 23925
55877 10 15412
55885 10 74942
55894 30 65978
55942 10 25352
55948 20 49278
55976 10 72335
55997 10 12482
56061 10 24857
56105 10 24549
56158 20 80332
56230 20 37158
56233 20 10873
56268 10 67427
56301 30 51458
56325 10 78581
56369 10 4319
56418 20 32853
56448 10 14643
56471 30 29799
56484 10 64244
56488 10 99190
56513 30 21087
56515 20 24232
56560 30 58154
56603 20 63182
56604 30 67228
56665 30 52055
56730 20 31255
56748 10 65075
56766 20 60374
56843 10 73677
56886 10 20951
56899 30 74143
56973 20 21677
56998 30 68806
57012 10 27670
57056 10 32475
57097 30 37130
57213 10 39923
57237 10 75835
57405 20 99127
57492 10 94954
57518 30 73594
57523 20 44859
57525 20 92076
57599 30 94024
57642 20 9987
57741 30 60927
57773 30 79420
57789 10 4531
57793 30 30342
57798 10 22994
57830 30 75111
57860 30 69011
57904 30 34116
57942 20 35311
57954 10 9213
57973 30 85900
57984 10 95566
58046 20 52270
58048 30 62179
58073 20 45515
58086 10 24831
58101 30 1501
58105 10 9915
58141 30 14805
58153 30 1836
58177 20 50693
58252 30 40717
58257 30 748
58304 10 31384
58394 20 41931
58446 20 2035
58462 30 43735
58509 30 53691
58528 20 59148
58551 10 79075
58613 30 56745
58657 10 16907
58658 10 53781
58674 30 88327
58679 30 84863
58695 10 17157
58750 10 36054
58795 30 67752
58804 20 56764
58849 30 60642
58907 20 35681
58920 10 10495
59006 10 44988
59069 20 53355
59098 20 28297
59101 20 27334
59125 30 13224
59146 30 14654
59173 10 86803
59176 30 53259
59190 30 27383
59204 20 5199
59212 20 43761
59260 20 70116
59406 10 2371
59431 30 54247
59445 10 11297
59475 30 69748
59530 30 56890
59541 20 70728
59563 20 96530
59572 30 95509
59626 20 54292
59734 20 49944
59744 20 78561
59789 20 28486
59838 20 22595
59849 30 72517
59865 20 37138
59880 10 31000
59907 10 84702
59980 20 62435
60054 20 63699
60100 30 14838
60108 20 90494
60115 20 56557
60148 10 79965
60150 20 90972
60172 20 40311
60197 30 71068
60228 20 22183
60253 20 5319
60254 10 17776
60256 30 31886
60343 20 10480
60372 20 66823
60389 20 41678
60449 10 52258
60474 10 88772
60480 20 80407
60497 30 28225
60502 10 81302
60540 10 67608
60575 30 46708
60613 10 94121
60626 20 18928
60648 10 97581
60686 10 11191
60709 10 45227
60717 30 22544
60719 20 30829
60733 10 12904
60783 30 25279
60812 10 71007
60859 30 44862
60896 10 83797
60928 30 93587
60976 30 31978
60979 20 65534
60999 20 5415
61031 10 89808
61037 30 28184
61075 10 1761
61112 30 81486
61158 10 52102
61160 10 42553
61192 20 6370
61203 10 48027
61310 20 58464
61329 30 26076
61332 20 42212
61335 20 51644
61337 30 23325
61363 10 50540
61393 10 64751
61399 30 45559
61486 30 19669
61521 20 89526
61530 10 25179
61575 10 70567
61663 10 59892
61768 30 88743
61782 20 60046
61880 30 64836
61917 20 64869
61918 30 23279
61927 20 65845
61929 20 40885
62046 20 27473
62052 20 41287
62080 10 15955
62101 20 56925
62169 10 34537
62191 30 66366
62217 30 3241
62235 30 32440
62396 10 58319
62483 30 12642
62488 30 63799
62572 10 21029
62579 20 11875
62622 20 29325
62632 20 32178
62645 20 81199
62672 10 58487
62673 30 12675
62954 20 91083
63018 20 68049
63118 30 28313
63133 30 2271
63215 10 86441
63233 30 52016
63249 20 23729
63285 10 12019
63289 20 87529
63322 30 56073
63336 30 9257
63387 10 5233
63451 20 93831
63455 20 33343
63536 20 47234
63573 10 92191
63574 10 20890
63613 10 89058
63629 20 75275
63647 30 25795
63804 30 65351
63824 20 73177
63848 10 67056
63866 30 97333
63891 10 51872
63895 20 60971
63942 20 80077
63943 30 91814
63961 30 18028
63966 30 14724
64015 10 11677
64018 20 89016
64038 30 48752
64039 10 19965
64050 20 20814
64088 10 55781
64154 20 16412
64172 30 4478
64182 30 32214
64211 10 5212
64232 30 22134
64234 20 79225
64260 20 20099
64316 20 44628
64369 20 68844
64397 30 66452
64512 10 62973
64518 30 99732
64536 20 63334
64564 10 26783
64599 30 10777
64608 30 85168
64666 30 42590
64744 10 49026
64853 30 99551
64890 30 34624
64892 10 56654
64899 30 93634
64927 20 18729
64992 30 44287
65017 20 25475
65046 30 36449
65160 30 33023
65199 10 14845
65212 30 99232
65218 10 71001
65241 10 2374
65314 20 70259
65325 30 17777
65338 10 50908
65357 20 90640
65368 30 46114
65427 20 6003
65438 30 82357
65439 10 65782
65442 10 98308
65461 20 52817
65484 30 38143
65487 20 80164
65510 20 22125
65515 30 88066
65573 10 38997
65578 20 23349
65591 30 57916
65621 20 22346
65629 30 57613
65646 20 79703
65736 20 57552
65756 10 16719
65812 30 68219
65817 20 33890
65913 30 53711
65947 30 73067
65964 10 97354
66052 30 5147
66072 10 70713
66104 30 50748
66122 20 16283
66151 20 64221
66159 20 82452
66161 20 29878
66202 20 96710
66237 30 24443
66302 10 11292
66309 10 185
66330 10 68418
66331 30 91038
66361 10 54541
66388 30 10501
66397 30 34038
66410 10 93122
66486 10 73607
66508 20 68482
66596 20 54330
66690 10 31868
66692 10 46594
66699 10 2337
66734 10 5632
66771 30 25535
66798 30 70404
66814 30 27332
66913 20 75516
66922 20 84096
66923 20 39115
66940 30 49481
66986 20 79893
66987 20 37737
67002 10 22642
67003 10 47343
67045 20 12956
67050 20 66287
67078 20 17091
67111 30 74675
67178 30 44221
67180 10 54791
67185 20 45407
67249 30 32053
67293 10 7465
67329 10 93760
67329 30 40103
67335 20 7033
67351 20 45919
67364 20 4665
67416 10 31368
67416 30 80470
67439 10 92183
67494 20 52650
67499 10 48813
67564 10 7905
67568 30 7743
67572 30 94424
67583 30 50869
67605 10 41397
67613 20 74967
67666 30 99162
67668 20 19514
67818 30 41954
67822 10 63262
67824 10 86699
67859 30 16024
67945 30 3728
67954 20 69692
67977 10 91404
67979 20 59894
67983 10 22875
68040 20 87034
68047 20 27230
68089 20 67627
68095 30 52861
68142 20 95002
68175 30 92528
68181 30 11014
68193 10 12588
68235 30 40693
68288 30 81743
68322 20 71709
68335 30 8974
68434 10 20028
68440 20 15123
68487 10 25431
68546 10 32910
68552 20 49847
68563 10 25120
68633 30 20878
68660 10 37157
68692 20 2836
68711 10 11277
68744 10 51964
68753 20 17898
68802 20 17804
68823 10 98422
68827 10 5420
68845 20 61022
68867 10 7310
68870 20 81680
68883 10 79246
68902 30 32028
68990 20 19387
68998 20 65392
69078 10 13423
69109 10 57694
69115 10 13147
69143 20 41482
69150 30 37774
69190 20 78184
69204 20 53004
69226 10 76988
69272 10 54590
69284 30 49439
69304 20 87091
69305 20 8091
69338 30 91977
69360 10 14993
69407 20 39132
69408 10 20109
69458 20 81184
69635 10 11282
69638 20 17083
69681 20 37382
69736 20 37044
69754 30 43445
69863 10 77324
69892 10 66620
69904 10 63908
69933 30 2519
69941 20 28990
70036 20 56889
70041 10 71892
70096 20 64106
70322 10 27632
70346 20 8941
70351 30 26824
70471 20 26371
70493 20 67623
70493 30 35865
70503 20 58490
70524 20 35092
70590 20 3477
70615 20 30891
70691 30 86709
70730 20 41082
70746 20 91066
70811 30 44739
70829 10 61744
70832 10 14333
70851 10 35689
70861 30 22110
70862 30 48121
70884 30 11751
70928 20 15273
71005 10 51487
71077 10 16175
71119 10 26819
71154 20 21324
71267 20 92958
71275 20 28667
71282 10 26828
71305 10 64712
71354 10 68271
71392 10 72473
71484 10 61345
71519 10 13251
71556 30 50267
71656 20 57085
71683 20 60650
71754 10 55983
71757 30 64961
71762 20 48271
71883 20 8866
71962 20 42060
71969 20 41586
72022 10 17543
72067 30 9818
72073 10 25524
72096 10 69633
72184 10 72110
72195 10 20285
72259 30 71635
72267 10 97361
72284 20 14099
72288 10 47258
72306 30 85547
72364 10 60087
72378 10 56140
72436 10 3245
72443 10 62543
72470 10 53423
72550 30 97195
72587 10 57375
72678 10 83421
72755 10 90055
72761 20 95653
72771 30 82568
72849 20 62601
72856 30 31407
72906 30 46815
72960 20 4694
72960 30 79340
72965 30 23863
72972 30 66076
73006 10 71243
73067 10 82544
73086 20 71583
73098 10 56982
73109 20 64646
73134 10 97800
73158 10 24075
73266 10 28084
73291 20 27607
73335 10 76992
73388 10 86610
73402 30 15393
73403 30 10556
73415 20 34496
73425 20 80819
73443 20 49202
73500 10 78048
73503 30 33143
73509 20 16091
73524 30 20500
73528 10 98001
73531 20 67475
73583 30 74156
73662 30 3650
73700 20 36231
73723 30 91958
73734 30 39738
73751 20 31509
73758 20 92523
73761 20 50674
73768 30 96984
73807 20 70795
73838 20 451
73848 30 79679
73849 20 37911
73917 10 21902
74101 10 79648
74115 10 33770
74126 30 55016
74171 20 59845
74207 30 67401
74219 20 82697
74263 10 36820
74285 20 86504
74307 10 34940
74314 30 33895
74329 10 56597
74333 30 91412
74369 20 63122
74400 30 75943
74476 30 74319
74516 30 13538
74531 20 26361
74586 10 74576
74620 20 38193
74679 10 80063
74700 20 1357
74702 20 27544
74707 30 83980
74725 30 70202
74774 10 40459
74834 30 61470
74898 20 10329
74913 30 56538
75004 30 42553
75006 30 87764
75064 30 10918
75114 30 84763
75191 30 20182
75245 20 40450
75256 30 10088
75287 10 75714
75300 20 40818
75328 10 93736
75347 20 13905
75370 20 86425
75381 30 69009
75426 10 80786
75432 20 37582
75469 10 385
75508 10 41858
75571 10 27213
75579 20 68965
75633 20 29729
75714 20 18918
75761 30 97061
75764 10 71478
75772 30 83244
75778 30 32332
75814 20 7894
75883 10 21241
75897 10 1028
75961 20 42042
75973 30 47042
75975 10 9713
76011 30 63137
76022 10 79226
76039 20 82512
76072 20 13191
76085 10 69454
76117 30 75066
76127 20 88508
76161 20 11635
76175 10 58135
76177 30 21825
76198 30 25291
76263 20 17720
76282 10 4267
76308 30 55043
76314 10 73745
76322 20 58310
76327 10 2135
76349 30 58374
76360 30 80247
76412 20 74891
76426 10 87667
76439 10 5257
76479 20 4694
76490 20 13974
76505 30 20588
76517 10 27298
76570 30 74204
76575 20 10525
76585 20 56168
76673 20 90431
76734 30 66408
76745 30 8041
76780 30 60933
76794 30 87507
76819 10 72175
76859 30 8075
76888 30 29704
76898 20 2252
76901 20 32723
76942 20 705
77019 20 62534
77031 30 84225
77035 10 83749
77102 20 2371
77127 20 25302
77216 30 24717
77218 10 16735
77268 20 79166
77277 30 6089
77291 30 32069
77317 20 64750
77354 10 9933
77378 10 27901
77394 30 82820
77453 20 42028
77545 30 80462
77550 20 72931
77580 10 9641
77588 30 21875
77628 30 76517
77639 20 73541
77675 10 78237
77721 30 67948
77724 20 78313
77725 20 48938
77729 20 69176
77752 10 88420
77769 20 56
77790 10 64370
77976 20 19493
78029 10 7372
78062 30 44344
78069 20 69113
78104 20 97540
78121 10 85340
78161 10 40848
78173 30 38820
78192 10 50720
78227 10 64240
78245 20 40705
78290 30 29718
78316 20 50465
78368 30 39014
78440 20 35490
78482 20 19219
78563 30 56323
78617 10 36088
78634 10 7908
78722 20 89564
78722 30 60678
78729 20 88338
78744 20 39706
78776 30 20890
78784 30 250
78809 10 55813
78874 10 15984
78878 10 71801
78931 10 37626
78975 10 51607
78976 20 42314
79007 10 91518
79124 30 29609
79135 10 5857
79225 10 84713
79230 30 17212
79269 10 46622
79290 30 34221
79501 10 6429
79560 10 37437
79564 20 12410
79565 20 62880
79571 20 27282
79586 10 53414
79603 30 84970
79693 20 92861
79745 30 91847
79792 20 68886
79849 30 11852
79851 10 63021
79858 30 29463
79928 30 35332
79948 10 52206
79958 10 63962
79959 10 58216
80017 10 83317
80023 10 96576
80067 20 21532
80080 20 22418
80184 20 58108
80204 10 82063
80250 30 35301
80255 10 22283
80256 30 24622
80319 20 45467
80357 30 86842
80358 20 46956
80398 20 46200
80408 10 43234
80514 20 28561
80570 20 40995
80606 30 85402
80635 10 45304
80646 20 77003
80706 30 27578
80778 10 83879
80792 30 74326
80861 10 64123
80889 20 89133
80896 20 40208
80912 30 61341
80925 30 26363
80938 20 91736
80951 10 49016
80965 30 84258
80966 20 5539
81043 30 14946
81183 10 23834
81188 30 18501
81191 20 64757
81241 20 95596
81277 20 95703
81280 20 48151
81287 10 96911
81359 20 41427
81419 20 90093
81457 20 1012
81473 20 88285
81609 10 10465
81674 20 33859
81710 30 87783
81723 10 6594
81742 20 6269
81745 10 65174
81782 30 43850
81825 30 25847
81910 30 97270
81925 20 11943
81931 20 65030
81932 30 94437
81933 30 48710
81935 30 48669
81983 30 29540
82001 10 87929
82013 30 52180
82053 30 52321
82074 10 86409
82094 20 85834
82117 30 92264
82124 10 41810
82178 20 67511
82185 30 16307
82210 30 4707
82214 20 32315
82229 10 87126
82236 20 64032
82248 30 65227
82268 10 36592
82283 30 65361
82290 10 48221
82339 20 25924
82342 30 14369
82432 10 58939
82457 10 51635
82524 10 46089
82541 10 46320
82577 20 24516
82578 10 95356
82598 10 53614
82615 10 88501
82616 30 44580
82645 10 83450
82699 30 8871
82772 30 67047
82825 10 15552
82833 10 35680
82877 30 3324
82890 30 79894
82899 20 32982
82962 30 84524
82987 30 66626
83016 10 20124
83041 10 25593
83160 30 79534
83168 30 56163
83175 30 70133
83199 30 4617
83208 30 77019
83287 20 38179
83289 20 21538
83411 30 38312
83459 30 39746
83469 10 53523
83512 10 60791
83528 10 30641
83538 20 51871
83563 20 265
83625 30 71998
83725 30 49458
83788 10 6343
83802 20 75111
83903 10 80186
83942 10 32302
83988 30 98372
83989 30 91928
83999 30 75174
84049 10 69517
84071 30 72238
84077 20 38731
84080 30 21407
84088 10 67206
84089 30 50965
84119 20 54501
84227 20 44381
84250 20 3374
84376 10 54934
84430 30 21806
84435 30 11294
84472 30 45337
84533 20 16035
84551 10 43364
84614 10 17185
84625 30 10969
84656 20 20983
84666 30 70323
84684 20 62864
84731 10 41583
84795 10 79572
84814 20 65733
84868 20 65405
84928 20 3994
84930 30 38695
84940 10 47535
84958 10 64847
84979 20 32974
84989 10 49333
85041 20 23348
85113 10 86073
85120 30 67048
85127 20 35438
85143 30 81986
85150 30 7862
85167 10 39278
85214 10 91046
85243 10 80272
85250 30 35404
85267 30 15594
85269 30 27838
85291 20 14298
85300 10 35636
85311 20 39806
85350 30 45138
85357 20 92251
85366 20 28626
85372 30 48773
85388 10 41067
85434 20 63181
85440 10 52445
85451 30 65837
85461 30 61316
85487 20 77527
85524 30 76301
85648 20 13789
85682 20 9566
85696 30 99900
85742 10 85958
85831 10 90688
85843 10 69819
85888 20 32691
85923 20 66889
85972 30 32922
85977 20 80446
85985 10 99106
86008 30 98340
86075 10 99854
86079 30 705
86143 30 55526
86197 10 77233
86205 10 55402
86207 20 71922
86261 20 48543
86279 20 13366
86376 30 965
86400 20 95499
86452 30 16723
86457 20 91793
86501 20 93607
86528 30 1883
86534 30 73186
86601 20 22591
86637 10 46891
86680 30 2245
86681 10 76711
86682 30 66889
86805 10 54521
86944 20 78885
86946 20 43507
87026 30 17569
87165 30 94384
87234 20 74996
87243 10 38787
87248 20 66407
87267 10 55167
87298 30 96892
87328 30 18417
87382 20 8958
87496 30 77716
87527 20 84228
87535 10 85269
87535 20 94474
87554 10 3897
87576 10 36077
87579 20 42491
87692 20 92008
87715 10 47403
87790 30 31557
87791 30 55022
87802 20 8627
87811 20 42656
87832 10 48381
87853 10 32290
87872 20 29840
87884 30 15411
87894 30 31143
87910 10 161
87934 30 39974
87936 30 75144
87995 30 74518
88133 10 58349
88168 20 65942
88189 20 56628
88210 10 90694
88265 20 86177
88314 10 3569
88331 20 49744
88352 10 78381
88361 10 76839
88388 20 70570
88448 10 6601
88453 30 56876
88471 20 62382
88476 20 55650
88538 20 15892
88605 30 55895
88645 20 92774
88726 10 78453
88741 20 68928
88750 30 26410
88758 10 54835
88799 30 66879
88823 20 57082
88855 30 67224
88876 20 15146
88885 30 32538
88911 30 35056
88960 20 85624
88966 10 6912
89041 20 18501
89042 20 36864
89090 20 60383
89150 20 87823
89203 10 48250
89218 30 92091
89260 20 20842
89266 10 58375
89307 10 23248
89312 30 44811
89321 10 54544
89370 10 40349
89375 10 71622
89429 30 69012
89488 10 57472
89520 20 40371
89574 10 45507
89587 20 81648
89601 10 68285
89626 10 25164
89628 20 12039
89647 10 2098
89657 20 5136
89667 20 80199
89668 10 94028
89759 20 14504
89771 30 8314
89774 20 40907
89833 30 70364
89834 30 62050
89842 10 42443
89863 20 44420
89888 20 87191
89906 20 87810
89971 20 13293
90014 30 36797
90031 30 27003
90050 20 90539
90063 30 60617
90132 10 69072
90215 30 28785
90262 20 71464
90290 20 61554
90417 10 91547
90427 10 76904
90435 10 98691
90435 30 84668
90479 30 65098
90490 10 58907
90561 20 7508
90592 20 47968
90626 30 36995
90658 10 47957
90730 30 22323
90764 10 26113
90847 30 50739
90849 10 24965
90851 30 68197
90881 20 41394
90925 30 31299
90983 20 59950
91046 30 20504
91063 20 91339
91184 20 4071
91242 30 82264
91354 10 12632
91377 20 75493
91439 10 30844
91463 30 46536
91484 30 23045
91504 20 89271
91516 20 77979
91528 10 92340
91532 10 98564
91592 20 71660
91595 20 83669
91628 10 58666
91634 20 31329
91692 30 4473
91703 30 57487
91722 30 43595
91746 10 48885
91786 30 85769
91822 10 8976
91912 30 68178
91914 20 82224
91916 20 41585
92031 20 86397
92035 30 17004
92076 30 23593
92175 10 27771
92220 30 90660
92231 20 99575
92250 20 94786
92292 30 81022
92314 30 55218
92327 10 47582
92366 10 38154
92366 20 73957
92407 20 19469
92415 20 88740
92437 30 90523
92458 10 77320
92489 10 17200
92500 30 90952
92537 20 90028
92547 30 24442
92553 10 53759
92555 20 42066
92619 30 98311
92628 10 41246
92724 20 90710
92787 10 66003
92814 30 91736
92840 20 43672
92913 10 89882
92915 30 45079
92934 20 38630
92945 10 84041
92964 30 68942
92990 30 23932
93032 10 64129
93073 10 37755
93116 20 64062
93119 30 52747
93126 10 10203
93135 10 88566
93214 10 40110
93215 10 3891
93244 30 99700
93245 10 65111
93309 20 42111
93310 30 46649
93325 30 48145
93332 10 27577
93353 20 96660
93495 10 25315
93549 30 86661
93589 20 75131
93601 20 70307
93611 10 80539
93638 10 35984
93641 20 5786
93661 20 2731
93680 30 95351
93690 10 15551
93741 10 6357
93756 10 67029
93772 20 47869
93782 20 31739
93828 10 83412
93836 10 16531
93847 10 53084
93876 30 22482
93928 10 58135
93956 20 37061
93969 30 17003
94023 30 13663
94046 20 43959
94114 10 59653
94167 30 89559
94177 20 3363
94216 10 906
94249 10 69626
94370 10 40993
94388 30 92459
94416 30 78405
94442 10 11659
94445 10 81095
94449 10 14625
94462 20 95003
94541 30 70190
94554 30 79965
94628 20 50237
94708 20 83364
94735 20 54079
94760 30 17981
94808 20 48216
94816 30 5679
94863 20 67581
94888 20 11573
94902 30 50908
94912 10 29863
94943 20 42687
95003 20 75594
95079 20 51305
95094 30 57091
95152 10 41376
95158 20 64266
95192 30 19376
95220 20 12165
95235 10 20972
95245 10 23131
95252 20 57132
95264 20 86063
95309 10 38851
95312 20 9210
95340 30 36571
95381 10 75239
95394 30 57672
95440 10 71868
95503 20 31990
95537 10 96787
95546 10 72332
95578 30 20443
95609 30 53748
95639 20 53058
95676 20 94593
95752 20 90780
95811 20 43859
95815 20 13051
95833 20 51062
95900 30 57848
95935 20 10803
95936 10 79738
95939 30 36574
95992 30 8394
96109 30 26720
96111 20 13841
96117 10 98586
96119 30 75591
96124 30 40930
96182 10 64883
96190 30 68257
96214 30 54419
96300 10 91957
96313 30 35492
96379 20 72892
96414 10 36573
96483 10 48756
96488 20 10889
96525 20 75045
96532 20 27841
96552 20 91751
96573 10 28641
96646 20 33035
96708 30 81611
96727 20 24721
96735 10 78437
96757 20 7906
96781 30 93522
96810 10 8677
96832 20 10364
96855 20 35199
96919 20 9347
96927 20 78507
96946 20 50585
96956 20 33387
96959 20 28765
96983 30 46353
97010 30 27549
97018 10 27744
97037 10 65563
97039 10 91141
97055 10 86291
97122 10 44596
97175 30 99809
97306 20 27943
97306 30 18776
97313 10 85032
97354 30 82902
97446 20 69795
97466 10 13955
97478 20 7788
97581 30 5338
97590 20 99052
97620 20 24137
97624 10 54528
97636 30 12648
97650 10 17760
97672 30 96176
97702 30 39617
97725 20 69528
97728 20 22530
97737 30 74105
97742 20 1100
97744 30 43891
97818 10 20942
97850 20 19774
97862 20 81054
97902 20 52668
97905 20 54631
97942 10 90093
97964 30 8530
97998 30 80830
98121 10 33751
98134 10 69079
98179 30 43241
98226 20 93427
98244 10 55051
98331 10 54391
98381 20 44846
98406 20 99144
98519 30 9020
98528 30 53763
98540 20 10431
98562 10 61686
98582 30 4162
98601 10 55430
98660 30 45251
98773 20 33280
98783 30 90366
98836 10 74211
98851 20 89958
98855 30 58405
98904 10 50512
98946 10 24855
98965 20 98986
99029 10 39522
99031 10 8900
99063 30 21438
99119 20 19964
99243 10 67352
99251 10 52104
99258 10 32855
99273 30 84936
99410 20 69597
99414 10 91735
99443 30 13195
99545 10 99422
99634 30 30177
99642 10 8483
99646 10 57418
99751 10 16151
99752 10 6157
99765 20 16174
99766 30 75768
99790 20 10550
99794 10 35149
99817 10 97235
99945 20 56547
99946 30 19049
