3000 10000 66153 74827
1 5 16171
84 10 34006
101 5 79081
127 15 38877
141 5 53036
251 15 71690
269 10 6152
273 15 6316
284 5 79449
305 15 83447
394 10 3922
442 15 51817
568 5 2828
596 10 66530
646 10 89870
670 5 62108
683 5 90099
712 15 49882
863 15 2034
868 15 91535
879 10 90701
896 10 30768
1009 5 15383
1067 5 91040
1130 10 26028
1152 5 86791
1175 5 96715
1225 10 22104
1234 5 58144
1259 5 95747
1356 15 96304
1372 15 1673
1446 10 29195
1475 5 17309
1480 15 83750
1605 10 88983
1621 10 80806
1629 15 66504
1670 5 64446
1765 10 49951
1858 5 15094
1865 10 82817
1878 15 54514
1916 15 60936
1938 15 3039
1998 10 28023
2010 15 84520
2023 15 38156
2090 10 7557
2096 10 94821
2161 10 76313
2214 15 2950
2280 10 37873
2282 10 41249
2344 10 75569
2361 5 92154
2478 10 22221
2503 15 76955
2569 5 17005
2621 15 84276
2637 5 83646
2645 15 63202
2657 15 37838
2662 15 2541
2697 15 3354
2719 5 27088
2736 5 40084
2759 5 26407
2763 10 54459
2794 15 97370
2796 10 48613
2826 15 85184
2858 15 66075
2944 5 54502
3008 15 49492
3032 5 12841
3062 10 81713
3091 15 54780
3094 5 71001
3176 5 24813
3177 5 44181
3222 5 15429
3284 5 6842
3301 5 44214
3308 5 82449
3329 15 20554
3372 10 94287
3376 15 73872
3390 15 10726
3400 10 64665
3420 5 45382
3498 5 656
3564 10 59477
3591 10 53119
3599 5 67264
3628 5 32206
3634 5 6724
3654 5 95156
3675 10 55125
3681 5 26489
3704 5 60140
3707 5 61782
3756 10 43130
3765 15 97956
3773 5 73825
3829 5 54906
3835 10 81360
3877 5 71662
3887 5 28482
3891 15 95106
3899 10 7679
3924 10 162
4044 5 24266
4075 10 19052
4095 15 30382
4098 15 50745
4103 10 98741
4133 10 46367
4150 15 225
4161 5 60693
4180 5 47750
4207 5 62698
4214 10 77174
4216 10 70338
4233 10 17379
4283 10 97624
4305 15 3710
4324 10 67922
4358 10 74484
4372 5 91042
4374 10 74557
4422 5 79563
4454 5 90616
4457 10 17589
4459 15 47277
4529 10 36216
4547 10 58937
4606 5 86659
4682 10 18504
4695 10 77126
4730 5 18604
4760 15 68271
4780 5 83498
4783 10 30991
4854 5 71711
4880 10 41574
4893 15 27213
4922 5 91441
4951 5 46425
5003 10 56060
5004 5 44739
5010 15 55915
5023 10 5375
5065 10 85665
5079 5 38407
5159 10 68861
5164 15 25325
5166 5 86611
5239 15 4623
5326 10 94452
5342 15 49555
5347 5 79751
5348 10 90824
5474 10 33877
5502 5 68085
5562 10 34084
5661 10 42688
5711 10 34838
5730 10 34878
5741 15 14097
5756 10 27707
5757 15 95517
5761 10 97072
5823 5 71311
5843 15 89906
5857 15 39922
5874 5 45436
5889 10 60112
5921 5 70869
5923 10 62862
5953 5 47888
5966 10 35512
5995 15 74267
6034 15 7539
6118 5 55467
6150 15 1626
6186 5 4155
6228 15 8282
6233 5 48435
6255 10 7089
6282 15 97957
6284 15 12789
6363 15 25434
6429 10 72222
6463 10 27385
6497 10 41409
6531 10 57893
6533 10 79817
6606 10 70809
6683 15 87555
6694 5 86917
6885 15 15606
6897 5 9471
6926 5 71910
6968 5 32806
6973 15 48224
6978 15 16753
7013 10 66172
7038 10 56524
7041 5 74730
7061 15 12513
7180 5 3581
7180 10 7336
7208 15 33737
7209 10 18577
7236 5 27586
7282 15 73170
7285 5 82047
7326 15 10700
7327 15 80623
7328 15 92333
7398 15 19113
7401 5 28573
7434 10 72105
7469 5 87238
7469 10 83674
7492 5 53598
7542 15 7714
7549 5 83822
7553 10 38048
7587 10 2035
7617 10 49137
7660 5 76228
7721 15 65892
7728 15 18808
7763 5 31878
7787 5 40277
7834 5 13818
7870 10 94498
7897 10 74385
7913 5 71441
7928 5 76894
7999 5 82518
8060 5 50168
8082 15 7783
8093 10 17005
8105 10 31481
8167 5 43385
8195 10 83865
8267 5 19358
8290 10 80637
8291 5 62784
8315 15 43663
8327 5 61062
8338 5 39233
8349 5 45580
8352 10 99339
8358 5 13073
8366 10 10415
8572 10 90114
8581 15 36969
8684 15 82343
8774 5 63406
8850 15 71754
8957 5 95174
8988 15 79593
9087 15 32498
9141 10 39969
9143 10 19015
9150 5 10912
9180 5 30005
9197 15 50737
9211 15 3994
9221 5 11776
9298 5 27040
9331 15 71237
9381 10 32778
9384 15 77355
9408 15 1583
9412 15 66677
9471 15 13003
9472 15 41411
9492 5 98604
9519 5 32775
9521 10 25018
9545 10 76705
9585 15 29450
9638 15 53145
9666 5 22910
9675 15 50243
9697 5 16577
9702 5 74573
9775 5 70752
9780 5 84297
9788 10 18935
9803 5 2816
9831 10 53955
9845 15 85478
9870 5 10047
9924 15 67991
9937 10 65211
9988 15 58615
10007 15 60638
10026 10 68227
10080 5 17303
10195 15 92614
10208 5 85232
10213 5 19647
10259 15 56658
10261 10 61861
10370 10 74820
10397 10 44837
10467 10 67022
10468 5 16394
10475 15 33661
10527 5 88508
10529 10 19999
10580 10 53571
10614 15 50909
10621 5 55243
10695 10 23118
10739 15 22059
10745 15 46461
10824 5 87191
10838 15 85319
10850 15 13226
10869 10 36118
10964 15 67905
10997 15 35660
11006 10 29172
11032 15 53750
11051 10 86485
11052 15 56538
11124 15 67061
11157 5 25710
11166 5 74357
11180 15 80234
11189 15 21689
11207 15 96891
11221 15 95262
11229 15 52259
11247 5 76894
11297 15 25134
11312 5 49639
11398 5 1031
11402 5 41600
11410 15 19796
11412 10 55598
11416 10 72232
11460 5 10608
11490 10 18521
11547 15 86122
11589 15 51855
11611 5 61329
11653 15 51376
11665 10 17522
11707 10 41014
11838 5 32935
11840 10 40588
11940 15 18549
11949 15 82960
11963 5 64591
11993 5 37789
12032 5 85971
12127 5 27196
12186 5 98876
12253 15 88657
12286 10 26979
12347 10 25175
12418 5 98354
12506 10 15116
12554 15 63651
12555 15 80727
12593 5 98533
12696 5 85600
12702 15 10641
12725 5 23968
12731 10 14681
12739 5 35337
12757 5 40252
12784 10 24127
12796 5 93906
12839 5 85019
12844 5 61351
12868 15 91209
12938 10 88647
13027 10 6177
13040 10 10448
13043 15 28777
13049 10 35870
13066 10 97500
13086 15 75038
13100 5 47549
13103 5 87708
13114 10 19794
13176 5 14743
13190 15 6745
13228 5 17934
13243 5 92449
13321 10 60483
13416 15 8913
13460 15 7418
13478 5 42518
13481 15 45117
13517 10 28502
13520 10 43356
13523 10 39002
13545 10 99095
13704 15 30742
13709 15 90196
13710 5 36238
13728 15 66749
13766 10 34371
13871 5 1541
13878 10 24507
13911 5 53894
13922 5 33681
13980 5 33041
13981 5 43089
13992 10 15273
14040 10 2891
14050 15 57767
14057 15 86785
14058 15 62795
14065 5 33995
14074 15 61646
14122 15 20133
14171 15 11801
14192 15 50765
14224 10 58126
14226 15 1531
14293 5 59559
14303 5 56479
14351 5 44207
14394 5 69459
14407 10 10471
14500 15 64902
14518 10 4980
14525 15 16454
14541 5 72457
14577 15 28166
14622 15 6495
14652 15 78785
14659 15 52174
14704 10 3144
14745 15 45806
14749 15 42772
14759 5 21470
14759 10 31080
14761 10 70568
14792 15 80230
14806 15 26233
14808 15 47148
14817 10 25240
14822 15 69335
14840 15 55177
14863 15 39908
14882 10 76601
14932 10 19430
14950 10 88944
14953 10 59246
14972 10 6664
14986 15 98050
15010 10 38477
15098 10 77295
15114 5 29664
15139 5 84772
15158 15 22367
15212 10 52935
15250 15 59908
15275 5 29595
15330 15 61806
15354 15 10214
15433 5 23148
15438 15 58031
15450 5 49264
15487 5 11967
15497 15 18861
15560 15 25538
15606 5 74642
15609 10 29644
15684 10 98064
15690 15 86136
15719 5 48488
15749 5 46781
15752 5 32908
15776 10 57129
15868 10 55334
15874 5 60307
15908 15 71781
15929 10 83419
16044 15 5358
16050 15 45750
16064 5 14242
16142 10 92515
16191 10 20739
16192 15 89678
16226 5 16847
16321 5 68162
16336 15 86450
16365 10 86952
16465 15 54678
16494 5 54284
16547 15 81057
16558 5 12994
16558 10 34411
16640 15 43849
16698 5 83667
16704 5 18318
16706 15 22491
16712 10 80451
16827 15 24914
16828 15 51699
16904 5 56370
16925 10 43100
16972 15 95635
16976 15 49303
17003 15 54217
17071 15 94225
17075 5 83045
17094 5 56727
17096 5 56603
17142 10 74375
17170 10 2174
17171 10 25939
17197 5 91500
17218 5 58537
17251 10 5528
17339 5 91676
17438 10 885
17480 10 22576
17494 5 11200
17537 5 70731
17601 15 97477
17624 15 36863
17629 10 12449
17650 5 95021
17665 5 42797
17667 10 20951
17697 10 22463
17729 10 56952
17833 15 81481
17849 5 34072
17854 10 88143
17899 10 60760
17915 5 96454
17964 15 30735
18092 10 66069
18146 5 10732
18177 15 31009
18189 15 12927
18216 15 85395
18300 10 20593
18346 5 83986
18347 10 55606
18356 10 51689
18376 5 50380
18382 10 32152
18388 15 20738
18414 15 61978
18423 5 8143
18477 15 48424
18570 10 61614
18575 15 15757
18582 10 19766
18712 10 93028
18748 5 3646
18860 5 9380
18862 15 28289
18922 15 55961
18980 5 14481
18983 15 87665
19009 10 23696
19032 10 85153
19079 10 81783
19093 15 22330
19111 5 89246
19118 5 62442
19130 15 42245
19140 10 375
19141 5 76274
19267 5 89722
19304 15 65617
19335 15 64664
19375 10 58751
19387 15 57602
19405 5 30498
19533 15 35389
19563 10 57723
19632 10 38470
19744 15 77815
19790 10 20656
19810 15 31009
19842 15 5736
19858 10 31435
19868 15 57814
19892 10 4682
19908 10 70666
19924 10 62016
19960 15 4988
20027 10 74853
20028 15 79373
20082 10 31991
20094 15 87298
20119 15 11733
20120 5 9832
20122 15 87220
20137 15 52478
20185 5 97992
20228 10 22281
20232 5 14284
20240 15 73445
20265 10 46003
20268 5 43493
20333 5 43346
20354 5 40396
20377 5 8568
20380 10 48871
20438 15 40937
20456 15 83404
20553 5 91301
20599 10 81886
20611 15 78122
20650 5 76969
20737 5 60935
20751 15 5226
20811 10 46336
20830 10 39445
20858 10 61281
20927 5 63888
20968 5 13357
21010 10 99489
21055 10 41734
21061 5 40468
21193 15 54973
21198 10 89654
21285 10 85380
21336 10 1771
21345 10 46296
21420 5 89808
21521 10 4337
21752 5 15703
21760 15 87982
21797 10 64753
21801 10 53991
21811 5 92239
21813 15 92588
21821 15 55989
21858 5 56052
21880 5 43300
21887 10 3091
21945 5 89264
22033 15 90327
22049 15 18852
22094 10 40776
22118 15 66959
22174 15 45930
22215 5 63873
22258 5 3555
22280 10 11871
22314 15 37241
22341 10 15186
22371 10 9850
22429 5 9278
22430 10 68947
22447 5 51234
22452 15 23936
22455 10 76643
22482 10 78469
22483 15 33006
22495 10 46330
22508 10 36597
22525 5 50625
22529 10 88806
22547 5 1420
22551 15 56621
22590 15 44536
22621 5 45987
22664 10 22597
22759 5 47649
22798 15 74052
22799 10 29439
22830 15 3598
22882 5 28237
22900 10 94513
22927 5 31006
22981 15 44490
23073 10 14766
23096 10 55980
23129 15 25032
23171 10 51223
23211 5 89992
23287 10 66450
23310 5 73922
23319 5 56879
23327 15 20415
23360 10 95314
23366 10 90388
23450 5 63096
23474 15 49086
23488 15 48307
23504 10 87879
23543 15 10654
23559 10 69944
23609 15 9355
23614 5 28300
23705 15 20402
23748 15 64800
23787 5 62419
23847 5 42402
23929 15 72947
23932 5 92903
24001 15 37408
24016 5 88525
24019 15 15946
24042 15 56674
24094 5 73333
24105 10 80691
24111 5 97794
24147 5 55993
24210 10 12373
24244 15 8715
24332 15 60984
24466 5 37363
24494 15 28229
24559 10 68703
24675 15 32928
24676 15 27378
24704 10 56417
24718 5 11476
24721 15 96257
24738 15 96473
24772 5 41367
24782 15 8716
24803 10 88505
24817 5 65162
24963 10 73194
24982 10 80010
25008 15 38986
25043 10 64398
25101 10 72333
25104 10 50268
25154 15 96397
25157 5 19643
25182 5 95101
25215 15 18397
25248 10 65993
25263 5 72263
25296 5 60786
25390 5 40747
25403 5 87336
25423 15 29793
25529 15 17474
25542 5 86508
25576 10 57476
25593 15 42375
25595 5 23943
25614 15 83689
25629 15 23893
25639 15 80659
25649 5 71296
25674 5 44585
25726 5 32177
25736 5 43065
25855 5 44177
25856 5 94085
25899 5 36553
25920 10 21411
25922 5 92824
25932 15 31374
25949 15 10442
25986 5 85187
26028 15 52962
26093 10 54765
26172 15 34633
26204 15 87478
26268 10 25553
26307 15 23030
26357 15 98527
26376 10 6969
26426 15 55651
26536 5 87663
26601 15 91650
26647 15 28652
26652 15 53836
26658 15 33884
26664 10 95690
26693 5 3908
26725 10 67658
26756 10 56413
26771 10 39721
26775 15 82440
26824 15 55593
26843 10 39103
26859 10 56607
26900 15 99464
27106 15 24379
27216 15 85718
27228 15 56824
27244 5 8473
27268 10 31913
27272 15 26815
27285 15 33552
27300 15 7963
27309 10 48039
27328 5 58743
27356 10 3391
27378 15 54939
27466 10 17092
27482 15 76076
27513 5 25977
27560 5 89686
27678 15 47570
27708 10 63151
27738 5 53329
27856 10 98912
27869 15 51661
27992 10 64937
28045 10 62134
28082 10 32134
28110 15 84003
28154 15 27708
28162 10 43545
28179 5 39450
28231 15 24563
28251 5 31179
28284 15 30566
28287 15 64376
28298 5 99491
28299 15 45896
28306 10 90593
28417 10 74982
28423 5 38646
28452 15 61436
28481 5 20336
28499 5 85986
28516 5 24820
28516 15 49457
28550 15 34142
28571 5 8625
28582 5 94722
28710 15 77851
28773 5 70092
28838 10 93567
28875 5 73091
28968 5 42481
28982 15 75619
28985 15 83317
29029 5 67338
29062 15 15738
29069 10 26270
29168 10 32931
29195 15 95846
29214 15 35057
29251 5 75048
29281 10 52203
29299 10 11346
29310 5 27401
29321 5 76256
29354 15 13533
29397 10 67225
29419 5 32169
29514 10 51402
29517 15 45564
29520 15 56116
29545 15 38253
29552 10 78684
29559 15 9452
29591 5 58876
29612 5 84711
29660 5 15785
29666 5 61856
29671 10 74834
29741 5 66911
29775 15 47548
29816 5 3891
29843 15 23271
29927 10 52442
29934 10 98577
29943 15 55598
29947 15 10502
29951 5 44129
30027 10 87085
30034 10 59827
30040 15 67194
30087 5 66646
30092 5 40115
30151 10 1882
30161 15 68764
30185 15 70118
30210 10 51049
30211 15 49750
30226 5 66986
30285 5 61907
30286 15 16013
30327 15 23205
30333 5 53732
30338 10 76355
30426 10 57612
30430 15 82436
30481 15 71649
30487 5 65789
30537 10 11997
30542 15 49400
30614 5 89839
30638 10 37800
30703 10 20754
30707 10 81322
30721 10 17191
30748 10 8838
30861 5 77651
30881 15 96299
30903 10 16941
30905 5 86902
30921 15 92208
30938 5 79360
30957 5 27180
30969 5 46193
31040 10 27273
31053 10 6618
31075 5 5024
31098 5 93051
31109 10 98390
31112 5 7734
31179 15 54242
31236 15 67124
31276 10 32188
31283 5 20915
31289 5 74891
31310 5 49917
31364 10 62376
31444 15 86903
31498 15 95274
31526 15 87610
31575 10 74730
31580 5 81937
31622 10 22878
31628 10 26056
31637 5 62036
31667 5 15157
31677 15 66291
31707 10 34893
31713 10 30806
31734 10 28079
31747 15 6686
31832 5 30702
31834 5 88851
31847 15 78348
31851 10 47179
31874 5 31246
31880 15 2516
31935 10 51899
32046 5 23589
32074 15 2651
32098 10 80056
32139 10 57769
32163 5 50709
32333 15 48366
32386 15 84477
32407 10 1351
32520 5 2367
32572 15 20507
32620 5 6589
32693 10 86287
32723 5 49554
32748 5 47518
32769 10 45402
32789 15 55189
32804 15 40951
32840 10 76408
32842 15 47844
32879 5 46375
32883 5 62335
32898 5 26782
32927 10 79251
32954 5 33459
32956 15 12121
32983 5 72844
32987 10 68730
33014 15 3157
33035 15 48310
33093 15 77772
33145 15 3197
33164 10 77587
33168 15 36801
33176 5 33849
33201 5 58447
33236 10 96526
33240 5 76846
33250 10 82703
33282 15 55702
33349 10 84539
33398 5 64545
33405 5 57819
33423 15 64691
33431 10 35395
33459 5 68335
33473 15 60447
33555 5 14222
33571 10 66012
33596 15 21188
33628 5 78098
33633 15 97507
33643 5 78456
33672 10 75882
33687 10 31177
33728 10 87888
33747 10 49736
33762 15 75526
33786 5 46034
33799 5 44811
33843 10 65111
33850 10 83792
33880 10 52350
33902 15 65598
33989 5 40432
34055 10 291
34110 10 52601
34119 5 99878
34165 10 7231
34295 10 74436
34338 5 73626
34377 15 27078
34384 5 3869
34428 10 37953
34433 5 60720
34452 15 16428
34514 10 12947
34600 15 17523
34655 10 96002
34669 5 11907
34718 10 70418
34750 15 4899
34751 10 18030
34761 10 20533
34784 5 65673
34797 10 70503
34804 10 5471
34879 10 76877
34885 10 64070
34890 5 93120
34890 15 48293
34999 5 41681
35007 10 8820
35080 10 23854
35132 15 84028
35178 15 41454
35206 15 64938
35222 5 97449
35257 10 2954
35304 15 22950
35324 10 21476
35340 5 26414
35449 5 897
35453 5 26040
35465 10 46795
35474 5 17775
35509 5 73730
35552 10 20623
35605 5 62013
35615 5 96447
35616 15 12949
35639 5 63514
35685 15 40847
35730 5 47207
35748 15 96256
35750 15 88892
35768 5 92040
35797 15 76324
35802 5 8927
35805 10 15852
35856 10 35579
35883 5 61181
35902 15 94840
35926 10 9871
36027 5 79639
36028 10 61071
36162 5 2314
36167 5 54828
36227 5 6802
36259 10 35381
36296 10 34338
36308 15 83353
36343 15 14499
36379 15 99559
36381 10 39694
36381 15 65911
36417 5 66202
36462 15 13494
36619 5 37382
36680 10 46666
36713 10 23579
36787 15 91706
36802 5 3850
36847 15 4818
36849 15 87626
36855 15 40161
36960 5 35890
37004 10 58652
37047 5 35799
37112 15 74162
37120 5 7331
37139 15 57206
37149 15 39286
37272 10 43069
37397 15 58095
37403 5 41522
37405 5 10036
37521 15 54416
37559 15 60916
37592 10 6377
37637 5 99058
37644 15 66558
37658 5 78438
37728 15 81853
37746 10 65129
37747 10 3147
37757 15 93533
37884 5 92941
37918 10 72696
37943 5 18466
37974 5 86154
38013 5 51038
38081 15 18711
38116 15 52434
38154 10 76097
38183 10 16296
38288 10 19950
38333 15 61630
38380 5 55594
38407 5 66829
38415 5 53288
38475 5 11713
38509 10 73268
38534 10 43860
38604 10 72508
38617 10 81236
38696 10 74562
38801 10 74521
38890 10 24259
38910 10 93051
38931 5 65853
38941 5 79043
38969 15 47491
38983 10 33208
39029 10 19176
39106 5 25850
39176 15 20866
39220 5 43142
39249 15 83231
39255 15 69723
39287 10 51162
39362 10 58073
39403 5 79226
39406 5 25208
39433 15 87572
39491 5 44861
39501 5 78234
39511 10 91102
39587 10 71955
39592 10 38383
39631 15 65855
39648 15 66676
39655 5 71549
39713 10 40321
39733 5 83123
39742 15 68220
39762 10 56982
39808 10 76295
39856 5 80829
39930 15 94348
39951 5 1498
39988 5 62958
40068 5 35106
40103 10 75853
40108 15 31757
40141 10 15903
40230 5 29035
40251 10 20687
40252 10 25881
40280 5 4569
40314 5 57849
40341 15 35338
40354 10 60262
40380 5 25944
40390 15 89201
40408 10 73589
40431 15 40856
40441 10 24976
40459 10 82123
40474 10 34534
40500 5 10348
40519 10 85949
40668 5 91733
40673 5 49405
40680 10 84391
40692 5 48167
40799 5 4890
40840 10 9399
40902 15 10196
40967 5 3247
40981 15 40356
41018 10 14565
41028 5 50516
41072 10 27733
41100 5 99011
41118 15 95009
41205 5 93769
41248 5 11976
41251 10 67877
41292 10 65370
41302 5 81276
41328 10 62963
41397 15 66101
41409 10 97319
41520 5 51428
41567 15 12309
41584 10 70029
41602 5 19877
41640 5 18423
41674 10 65904
41681 15 27684
41687 5 24834
41720 15 30575
41722 15 69974
41752 5 56105
41754 10 9500
41762 10 35971
41765 10 69382
41768 15 84641
41788 15 1945
41826 10 48271
41861 10 89217
41892 15 60526
41926 10 36993
41960 15 31641
41979 5 75181
41986 15 79794
41995 5 5043
42009 15 36294
42040 10 71285
42041 5 39964
42044 15 26078
42163 10 52659
42241 15 5707
42267 15 52427
42299 10 16041
42326 10 23676
42336 10 74892
42345 15 58196
42358 15 40489
42374 10 43596
42485 15 3901
42491 5 23898
42499 15 8466
42561 10 32990
42587 5 9461
42591 5 31563
42633 10 77570
42658 5 53951
42705 10 21973
42705 15 77614
42730 15 92274
42731 5 64553
42783 10 50374
42802 15 76851
42827 15 85890
42883 5 88227
42892 5 93384
42898 15 68803
42951 5 6018
42963 10 33590
43034 5 2766
43041 15 16876
43050 5 86153
43050 15 38132
43080 15 3489
43083 10 23999
43091 5 695
43243 10 6933
43256 15 62813
43307 5 80817
43324 10 77328
43327 15 67196
43356 15 94646
43382 15 64676
43423 5 82533
43442 15 67188
43584 10 69891
43593 5 37776
43659 5 36084
43677 15 70184
43696 15 65838
43733 15 17760
43802 10 19491
43803 10 54932
43830 10 80379
43888 5 48000
43897 15 17968
43916 5 16523
43925 5 60290
43997 15 57644
44104 15 1861
44127 15 25685
44157 10 5699
44190 5 28903
44202 5 13587
44238 10 93822
44300 5 17511
44338 15 80987
44402 15 63937
44428 10 9198
44431 15 72830
44490 5 43567
44516 5 8962
44549 5 49230
44576 5 91097
44649 10 36771
44761 5 97216
44842 15 51427
44843 5 93547
44881 15 81905
44919 5 61517
44924 15 24106
44948 5 18879
44969 5 95124
44984 15 88019
45087 15 68130
45156 5 36141
45167 10 8814
45212 15 35629
45252 10 53481
45398 15 51648
45436 10 60741
45439 15 29879
45552 15 53194
45719 10 14973
45730 10 95989
45835 5 88995
45907 15 14746
45930 10 9477
45936 10 77532
45949 10 2196
46030 5 96718
46060 5 29653
46089 15 62885
46239 10 32857
46363 10 26036
46496 5 528
46602 10 82154
46700 15 68166
46739 15 21411
46767 10 7655
46772 15 13669
46808 5 6012
46810 5 5954
46826 15 96845
46915 10 12656
46930 5 82303
46937 5 85311
46976 10 78578
46995 5 77593
46997 15 64677
47007 10 11267
47029 15 66006
47107 15 79237
47118 5 4220
47126 15 17194
47139 15 87897
47194 15 7506
47218 10 30121
47222 5 42040
47278 15 30495
47301 5 43391
47336 5 71700
47383 15 53638
47400 15 1175
47429 5 17914
47454 10 34788
47471 10 71328
47475 15 77017
47539 10 90848
47541 15 91698
47566 5 75481
47615 15 6173
47639 5 87666
47718 15 68800
47730 10 42516
47734 10 96307
47803 10 17584
47820 10 88458
47838 5 30066
47861 10 3221
47871 15 96705
47873 15 50306
47885 10 94380
47918 5 66448
47963 5 74170
47976 10 58351
48003 15 57523
48026 10 62869
48043 5 33015
48051 15 5880
48088 10 66794
48113 15 97559
48124 15 74971
48173 15 48165
48202 10 47782
48252 5 7986
48255 5 93629
48276 10 44446
48335 15 78242
48366 10 47975
48369 10 47564
48377 15 81184
48404 10 61653
48494 10 43326
48510 15 97390
48545 5 15458
48615 15 49358
48634 10 8556
48673 10 5659
48706 10 39948
48712 15 64519
48759 5 44145
48767 15 46121
48772 5 79973
48777 10 58321
48848 10 59298
48865 15 9823
48873 5 84804
48912 15 23451
48966 10 60463
49014 5 346
49103 15 20179
49107 15 26524
49110 10 52134
49203 5 37147
49266 5 7331
49266 15 45064
49270 10 16823
49278 15 77543
49283 5 59800
49348 10 99558
49390 15 91382
49423 15 14881
49471 10 83204
49482 5 48830
49581 5 32020
49612 15 61861
49617 5 49073
49642 5 12405
49684 10 81900
49694 15 99519
49699 5 91476
49705 15 63721
49709 10 78302
49834 15 97995
49845 10 98803
49850 5 40302
49850 15 54036
49861 5 63753
49888 5 24325
49890 10 68973
49916 15 1306
49920 15 74034
49929 5 19222
49939 10 55219
49940 5 82319
49965 10 33871
49969 5 96323
50002 10 76781
50055 15 48246
50087 5 21426
50196 15 16787
50216 5 86024
50218 15 52274
50314 5 71184
50322 5 2480
50340 15 65798
50367 5 82367
50416 10 94435
50441 15 49929
50465 5 85856
50525 15 77810
50540 10 53277
50562 15 29116
50621 10 43600
50626 10 58953
50636 10 44074
50702 5 43225
50791 5 3496
50884 15 96931
50896 10 23463
50974 5 41765
50978 15 26920
51050 10 15458
51080 5 24192
51083 5 75405
51094 10 58815
51146 10 23674
51154 10 69837
51178 15 79237
51305 10 79937
51307 10 88631
51327 15 40841
51345 5 19419
51361 15 64147
51403 5 47679
51449 15 69552
51458 10 31806
51477 5 56618
51496 15 74021
51532 5 61729
51589 10 23406
51605 10 17031
51614 15 53898
51624 15 47025
51637 5 82633
51683 15 76125
51706 5 51877
51746 10 76205
51747 15 47602
51793 10 7874
51794 15 82201
51810 10 31232
51900 10 75561
51903 10 55793
51977 15 32039
51981 15 32658
51990 5 54363
51998 15 21678
52036 10 37946
52050 15 90141
52054 15 84949
52178 15 46102
52215 10 95707
52222 10 31247
52226 5 9290
52229 5 39016
52266 15 23957
52307 15 14830
52314 5 78061
52320 10 20963
52394 5 73704
52443 10 15048
52481 15 34048
52528 15 64042
52595 10 93208
52620 5 86104
52636 10 43818
52678 5 37622
52877 5 94720
52910 5 75507
52920 15 7511
52938 10 46878
53016 15 2172
53024 15 20536
53042 10 29159
53100 10 29962
53107 10 17994
53114 5 15007
53181 5 56184
53251 15 18185
53273 10 82438
53273 15 26776
53300 15 50171
53312 5 71081
53365 10 46467
53371 5 67062
53375 5 56317
53400 10 6729
53445 10 32999
53449 5 87692
53460 5 73413
53505 15 92909
53507 5 16985
53542 10 63793
53574 10 90291
53597 15 54228
53637 15 74331
53645 5 50308
53645 15 52455
53650 10 75676
53660 5 16211
53701 10 13907
53722 15 99745
53740 10 6992
53763 15 78763
53787 15 52610
53797 10 3115
53812 15 60752
53884 10 98597
53899 10 64793
53900 15 74495
53931 5 50407
53971 10 87227
54019 5 56522
54034 10 57161
54039 15 1930
54045 10 6669
54046 5 61985
54052 15 71249
54061 10 78197
54096 15 67923
54117 5 6052
54150 10 99255
54197 5 6734
54210 15 15215
54238 5 60855
54239 10 43162
54260 15 21325
54272 10 19480
54320 10 67601
54349 15 19540
54363 5 4013
54363 10 42730
54408 15 41720
54424 5 82216
54427 10 38586
54437 15 84647
54440 15 69609
54450 15 43952
54477 5 17069
54499 5 57019
54504 15 67951
54528 10 77648
54535 15 79104
54542 10 14540
54552 5 5838
54571 5 37221
54578 10 10987
54627 5 34808
54768 15 28374
54782 5 64765
54804 10 56643
54818 10 84833
54829 10 76572
54880 15 63868
54973 5 22656
55021 15 612
55032 15 39807
55066 15 46726
55134 15 10288
55149 5 31978
55156 15 77281
55235 5 34878
55261 10 88834
55265 10 79054
55309 10 43506
55392 10 12045
55396 5 40437
55405 5 19879
55503 15 94122
55517 10 65556
55586 15 79392
55606 10 91647
55667 15 13138
55776 5 56570
55822 5 20431
55860 10 33688
55921 10 38135
56051 10 52668
56085 10 558
56094 15 59862
56127 5 35091
56173 10 33971
56263 15 20615
56288 15 73199
56348 10 24826
56389 5 20949
56431 10 91422
56442 5 45485
56457 10 64061
56471 15 90798
56494 10 99641
56501 15 47989
56664 10 56432
56687 5 49031
56695 5 45428
56697 5 80922
56740 15 31889
56751 10 82217
56756 10 33724
56778 5 68110
56860 10 32744
56889 15 98016
56974 5 6524
57005 10 79242
57063 15 96179
57136 15 98638
57253 15 71909
57297 5 66601
57336 5 53664
57384 10 35748
57475 15 12244
57517 5 80239
57563 10 20637
57648 5 74606
57670 15 3779
57688 10 89446
57704 5 41318
57722 5 58112
57725 5 87249
57787 15 9994
57793 5 49847
57794 5 78813
57852 5 52945
57952 10 42032
57956 5 72413
57978 15 19994
57979 5 43623
57988 5 66951
57989 10 33897
58025 15 91590
58101 10 22568
58132 15 28933
58135 15 31890
58181 15 82997
58190 5 37455
58194 5 18316
58200 15 13542
58202 10 15105
58227 10 33587
58274 10 25767
58315 5 37577
58360 10 90511
58456 15 81837
58510 5 77591
58541 10 25351
58543 10 34022
58546 5 89678
58569 15 94684
58673 15 34551
58730 15 37519
59002 10 17878
59014 10 67417
59091 10 4598
59141 5 45556
59147 10 17500
59174 15 70538
59182 10 80326
59202 10 5994
59207 5 18469
59212 10 68077
59218 15 76558
59223 10 51373
59225 15 96503
59280 10 45011
59291 5 10844
59327 10 71336
59341 10 16296
59355 10 257
59363 5 65616
59369 15 74521
59388 15 8982
59414 5 37619
59417 10 30183
59434 15 146
59435 5 40336
59455 10 28136
59499 15 35678
59506 15 57474
59583 15 45031
59631 5 17728
59645 5 71155
59685 5 82495
59685 10 19775
59739 5 51164
59747 15 79655
59752 5 79672
59761 10 66367
59773 10 55369
59776 5 85107
59819 10 7622
59873 10 44202
59925 10 15462
59936 10 63666
59994 5 62756
60001 15 39818
60057 5 94048
60057 15 96316
60127 10 28707
60130 5 80738
60138 15 51181
60184 15 6171
60187 5 57853
60308 10 12806
60309 15 7821
60319 10 39301
60433 5 44055
60470 5 25766
60502 5 93059
60571 10 32316
60629 5 7679
60636 15 46204
60649 5 13894
60673 10 87349
60721 10 11404
60738 10 52430
60749 10 54790
60799 10 30502
60826 15 79256
60847 5 64868
60875 15 40154
60911 10 84623
60938 10 98151
60941 15 51690
60953 5 37455
61019 15 89195
61023 10 59195
61127 5 15415
61134 5 21533
61134 15 11363
61140 5 54400
61161 15 44284
61194 15 57336
61195 15 45282
61255 10 34043
61269 5 82522
61277 15 26573
61328 15 76867
61330 15 46642
61337 10 27774
61344 10 64907
61383 15 24957
61396 10 72977
61398 5 28613
61398 10 45931
61398 15 62906
61420 15 99002
61495 10 37909
61606 10 81751
61638 5 38075
61641 5 81717
61658 5 59464
61666 5 71541
61681 15 53234
61695 5 26414
61709 10 9831
61728 5 2515
61730 5 83785
61731 15 18625
61744 15 17448
61778 15 59311
61788 5 60546
61798 15 39299
61817 15 15627
61820 15 29848
61862 5 86569
61897 5 26233
61908 15 33647
61941 5 96941
62009 15 99308
62042 15 42924
62062 10 27826
62069 10 72663
62121 10 54032
62178 10 47940
62228 5 13533
62234 5 48063
62257 5 36588
62260 5 18034
62271 5 68788
62314 15 37884
62330 5 61068
62365 15 28597
62379 10 52950
62396 15 67236
62470 5 9434
62481 5 25753
62543 5 6731
62555 15 13605
62556 10 98912
62593 5 12579
62626 10 71821
62640 10 94381
62701 15 8683
62709 10 1730
62743 5 93332
62779 15 88293
62798 5 736
62803 10 61316
62866 15 39734
62888 15 36184
63012 15 2248
63019 5 66828
63042 5 33493
63067 15 71066
63108 15 34700
63129 10 35898
63182 15 70563
63303 10 83517
63335 10 86314
63345 15 85576
63365 15 47061
63387 15 78414
63400 5 10476
63476 5 88130
63517 15 52415
63532 10 53221
63553 15 24391
63576 5 14443
63577 5 81619
63686 5 2467
63720 15 86294
63770 15 36509
63854 15 25934
63984 10 77587
64013 10 60447
64027 15 86265
64043 10 3864
64063 10 21818
64106 5 86244
64131 15 15763
64173 15 80617
64175 15 42858
64193 15 89435
64227 15 18108
64294 10 74299
64326 5 82720
64349 15 56279
64362 5 20120
64383 5 79317
64432 5 27850
64433 15 93655
64458 10 62731
64465 5 581
64471 10 82205
64475 10 13213
64481 5 992
64481 10 65677
64482 5 16240
64486 10 44136
64501 5 16113
64539 15 8742
64561 10 13884
64573 15 46535
64578 15 49155
64607 15 8296
64657 10 90450
64662 5 53534
64674 15 18281
64697 10 38198
64709 10 82008
64719 10 40051
64727 10 37449
64732 10 83458
64732 15 12419
64738 10 37696
64774 5 92288
64811 10 15089
64814 10 65103
64839 5 73995
64844 15 40916
64845 15 16248
64885 5 56048
64912 5 56479
64968 15 1305
64969 15 59234
64975 10 98577
65099 10 16437
65106 15 27596
65110 15 24902
65161 5 69830
65168 5 43019
65169 15 14153
65170 15 52609
65197 15 52583
65226 10 12995
65299 15 1428
65423 5 56173
65454 5 51114
65495 5 93579
65532 10 76921
65552 5 62193
65570 15 68862
65587 10 28683
65597 10 91904
65626 10 15365
65672 5 67856
65693 5 14342
65695 10 88417
65762 15 29036
65831 5 28047
65838 5 92170
65850 10 64858
65866 5 91385
65877 5 70770
65983 15 47604
66035 5 46657
66063 5 77263
66108 5 60946
66155 10 36687
66219 15 93576
66235 15 15013
66246 10 77107
66273 10 40687
66277 5 29901
66341 15 23559
66382 15 87127
66403 10 43133
66410 10 41801
66421 5 44825
66434 15 75915
66446 15 99655
66571 5 64373
66580 15 76094
66610 5 72267
66612 15 98591
66659 10 80848
66735 5 55211
66762 10 78535
66778 5 4505
66779 15 76259
66914 10 40416
66926 15 56062
66999 10 45034
67007 15 84876
67026 15 31584
67146 5 298
67146 10 75079
67177 5 53584
67238 15 35076
67269 10 28345
67276 15 35067
67295 10 46574
67358 5 21553
67363 10 45267
67375 15 64704
67421 10 60386
67481 15 71745
67493 10 41601
67517 5 70723
67531 5 82908
67596 5 79965
67671 5 91464
67689 5 50834
67700 10 40160
67755 15 22859
67811 10 21162
67842 5 9004
67850 5 18068
67872 5 48629
67913 5 98300
67992 10 76214
68040 10 5334
68055 15 90340
68063 15 97644
68091 5 64835
68149 15 45740
68162 10 5247
68218 15 29848
68219 15 87838
68261 10 26745
68274 5 61661
68344 5 33799
68363 5 19512
68377 10 29897
68486 10 16639
68551 10 57166
68611 15 85344
68612 10 26600
68637 5 65764
68662 5 52527
68681 10 47157
68703 15 89255
68763 15 62389
68783 10 8490
68824 10 12351
68838 15 21685
68847 5 73780
68852 15 10842
68871 10 80112
68915 10 98375
68941 10 34186
68948 5 43216
68966 10 62334
68990 10 24461
69006 5 15032
69017 5 10599
69102 10 25919
69109 15 49967
69120 10 17149
69132 5 63928
69134 10 76660
69172 10 95389
69179 15 62456
69183 15 82205
69189 5 37022
69214 10 1142
69260 5 35967
69313 5 81561
69347 10 3233
69350 10 25545
69353 10 2548
69432 10 16331
69434 10 13615
69441 15 76274
69446 10 37088
69468 5 9950
69477 5 48058
69532 15 77562
69665 10 61114
69706 5 7815
69725 15 33341
69787 10 22672
69808 15 93757
69908 10 67855
69932 5 2782
69956 10 96462
70082 15 87102
70095 10 88234
70127 5 42558
70198 5 42860
70208 5 14684
70229 10 4330
70278 5 56027
70328 15 30758
70417 5 37373
70442 10 52301
70490 15 35234
70496 10 66797
70581 15 1234
70693 5 32425
70724 5 60587
70753 10 79799
70810 10 98582
70815 10 95952
70839 10 21289
70841 10 33634
70842 5 87250
70876 10 81811
70918 10 30166
70946 5 47206
70970 15 92790
71029 5 5773
71058 15 45349
71117 15 61432
71124 10 2896
71133 5 28996
71143 10 92690
71157 10 93667
71161 10 84173
71183 15 60015
71193 5 3643
71223 10 98227
71271 15 54134
71364 15 66031
71404 10 85445
71502 10 88761
71526 15 34962
71527 10 37276
71588 15 82634
71601 10 23871
71686 15 61716
71692 10 68042
71804 15 74842
71814 5 56583
71848 15 85998
71865 10 81835
71912 10 96769
71934 15 74277
71948 15 46532
71955 5 23446
71958 15 92261
71989 15 82843
71990 5 50684
71990 10 30280
72028 15 20407
72030 15 82497
72046 10 46794
72064 5 85629
72159 10 18916
72213 10 73071
72266 10 69314
72320 10 72551
72388 15 79112
72417 5 77422
72442 10 28377
72475 5 87489
72508 5 47948
72561 10 20716
72572 10 67412
72604 15 23310
72615 5 95365
72629 15 36479
72632 5 18355
72729 5 42125
72781 10 57026
72791 15 82693
72796 15 96739
72811 5 31131
72820 10 38334
72884 10 28122
72903 5 99925
72972 15 68535
73070 15 54098
73090 15 56135
73137 5 7284
73153 10 70314
73159 5 43588
73221 10 96490
73231 15 52589
73281 5 99643
73334 10 96460
73395 5 16127
73426 10 70341
73448 10 88994
73454 10 43153
73486 5 11615
73550 10 739
73552 10 23244
73610 10 57876
73612 10 81285
73622 5 44493
73725 10 75726
73742 5 49431
73743 15 57347
73749 10 35055
73773 15 70605
73834 15 73716
73856 5 19521
73882 10 43844
73886 15 86632
73999 10 67855
74001 10 8967
74012 10 35568
74079 10 42270
74095 15 14021
74100 5 8209
74131 5 55681
74209 10 68665
74225 5 70169
74234 15 50024
74283 10 73012
74302 15 23064
74365 10 84169
74418 15 71426
74426 5 36073
74533 5 27827
74533 15 67729
74565 5 92474
74587 5 38342
74594 10 9967
74640 15 58888
74647 5 78790
74661 15 80264
74769 5 57447
74882 10 13753
74922 10 75828
74982 15 87731
75021 10 82135
75169 15 58598
75173 10 33004
75209 15 82421
75214 10 94332
75226 10 60556
75246 15 33149
75290 15 64845
75298 15 24455
75326 10 98542
75342 15 15128
75354 5 25348
75357 5 69142
75484 15 65367
75495 10 14117
75510 10 83719
75513 15 72582
75555 10 20865
75596 15 96962
75602 15 3371
75657 15 12558
75670 5 45627
75691 5 99187
75692 10 52209
75694 10 62981
75794 10 76230
75922 15 65692
75966 5 50310
75986 5 59282
76069 10 18188
76113 5 74738
76119 10 80482
76128 10 63535
76168 5 97540
76223 5 54268
76233 10 27011
76334 5 24621
76414 10 39193
76450 5 2968
76472 5 91839
76525 5 23805
76539 10 44045
76623 5 88324
76644 10 81337
76694 5 91532
76704 15 9222
76780 15 78674
76850 5 95357
76931 15 76576
76933 5 76372
76951 15 88525
76999 15 11532
77132 15 64800
77146 10 62233
77172 5 76477
77177 5 82446
77187 5 63902
77188 5 17051
77252 5 10770
77262 10 52573
77332 15 31186
77396 5 46775
77402 5 45704
77416 5 44948
77424 10 35634
77441 10 45733
77456 10 45620
77520 15 52244
77532 10 4964
77533 15 20261
77541 10 66657
77601 10 17661
77625 15 75491
77630 5 39146
77681 5 44848
77744 10 10480
77810 15 66328
77814 5 48756
77834 10 48634
77919 15 53385
77933 15 59687
77946 10 7213
77967 5 42835
78109 5 48190
78155 10 94073
78165 15 97490
78166 10 81248
78173 15 13263
78179 15 98182
78181 5 70690
78183 15 54960
78221 15 28979
78250 15 68414
78256 5 7315
78259 15 90723
78283 5 67635
78289 15 86510
78387 5 66129
78392 15 45195
78413 15 39190
78477 15 54813
78501 10 43699
78508 10 58799
78526 10 56657
78545 15 80510
78551 5 10047
78554 10 211
78564 5 94204
78580 15 70052
78632 10 39136
78652 5 46853
78681 5 53299
78692 10 83171
78697 5 65086
78703 5 92944
78856 5 82903
78970 5 71364
79013 15 99697
79106 15 77512
79108 10 65663
79208 10 82164
79219 10 13920
79258 5 16767
79269 5 56275
79283 15 80619
79286 15 13053
79296 5 26941
79301 10 63338
79391 5 26819
79393 5 61620
79409 15 60460
79440 15 28602
79491 10 51922
79514 15 12507
79547 10 17756
79565 5 11546
79566 5 29607
79621 15 63146
79651 5 16720
79696 5 63608
79748 5 96765
79854 5 70490
79857 15 28796
79882 15 70204
79937 10 92194
79985 15 17066
80021 10 96246
80021 15 39567
80117 5 29284
80122 10 26916
80234 10 35726
80244 10 56917
80250 15 70011
80273 15 3765
80449 15 13665
80489 10 3560
80496 10 78625
80571 5 13369
80614 10 71662
80635 15 91283
80682 10 69834
80749 10 35180
80767 15 82278
80847 10 55121
80890 10 38261
81007 5 94804
81075 10 48453
81088 15 87171
81107 10 69228
81108 15 8280
81112 5 82312
81147 10 41606
81174 15 39865
81198 10 7744
81237 5 15976
81383 10 56699
81385 15 35969
81387 10 39600
81562 15 54682
81564 15 83996
81577 15 90478
81599 15 28004
81607 10 44409
81643 5 13239
81650 15 1347
81673 10 49898
81679 5 69457
81702 15 88637
81735 5 65119
81912 10 84831
81915 10 92089
81990 5 36900
81996 5 69833
82082 5 62740
82101 10 67723
82114 10 26201
82136 15 10534
82166 10 77732
82228 5 40762
82233 5 47314
82238 15 63519
82248 10 308
82258 5 79130
82326 15 67502
82335 5 65956
82354 10 59790
82365 10 31875
82386 15 20659
82450 10 48838
82468 15 23645
82487 5 48098
82489 15 81656
82494 15 19298
82510 10 71924
82511 5 67496
82519 5 25099
82547 15 46598
82550 5 95806
82615 15 49524
82702 5 78971
82734 15 65694
82746 5 68912
82775 15 87447
82806 5 71293
82941 15 10273
82962 5 6366
82976 10 96871
83020 5 84638
83058 10 48820
83145 5 55672
83192 5 10389
83296 15 18090
83395 10 45212
83414 5 42057
83468 10 24939
83594 15 94154
83644 5 27689
83648 5 7062
83691 5 20810
83693 15 97941
83731 15 10128
83735 5 86204
83786 10 77399
83798 5 51654
83846 10 39331
83915 15 63750
83921 15 41444
83944 10 8120
83949 15 25794
83991 15 9808
84012 15 41996
84013 5 85540
84025 15 88869
84038 10 97708
84102 5 26536
84232 15 28091
84235 15 57083
84270 5 50051
84293 10 95274
84309 10 93357
84321 15 55993
84351 5 50777
84391 5 26189
84476 10 54491
84493 5 28991
84517 10 54560
84522 5 50981
84535 15 38349
84536 15 74158
84542 15 34841
84551 5 55566
84619 10 24795
84629 10 96467
84667 5 87742
84724 5 45508
84877 5 83851
84896 5 65095
84915 5 55086
84923 10 57096
84925 15 2074
84935 5 50694
84981 5 59023
85001 10 77538
85006 15 14942
85053 5 43505
85062 5 83273
85064 10 87223
85073 5 20422
85101 5 25038
85122 5 85520
85124 15 175
85149 10 18224
85181 10 49428
85200 10 10351
85382 10 11624
85392 15 13191
85397 5 16211
85454 10 74269
85486 10 84819
85521 15 12045
85531 15 98647
85535 10 7847
85543 5 45233
85547 5 75530
85582 5 17710
85598 5 847
85619 15 63880
85661 5 10940
85684 10 63942
85692 15 74229
85713 15 72245
85749 15 25855
85813 5 45805
85819 15 77787
85846 15 84965
85855 10 55335
85961 10 17719
85984 10 19225
85996 10 55236
86021 15 44511
86032 5 67529
86034 15 92448
86036 5 21921
86214 10 86390
86219 5 99620
86259 15 56945
86262 15 64082
86267 15 14322
86320 15 93870
86331 15 69540
86367 10 49401
86426 15 95446
86464 5 19212
86488 15 98697
86529 15 32141
86595 15 9339
86599 10 99557
86618 10 19673
86694 10 66529
86698 15 58564
86703 15 46236
86710 10 43292
86711 5 29739
86722 10 34365
86725 10 28684
86743 10 92054
86777 10 86137
86893 5 14367
86921 5 46293
86975 15 25945
86998 10 69148
87013 5 86206
87042 15 72080
87043 5 1234
87086 5 89773
87094 5 52764
87102 15 7850
87146 5 37245
87164 15 58029
87176 15 29217
87235 10 58555
87363 5 87324
87429 10 78818
87456 5 88388
87467 5 3771
87473 5 57202
87523 5 69986
87537 10 1887
87538 10 65970
87544 5 9047
87564 15 21774
87567 10 75349
87571 15 81228
87587 10 64045
87641 5 53895
87683 5 86747
87733 15 35429
87743 5 63708
87745 5 25206
87752 10 98548
87754 10 75545
87816 15 47708
87818 5 92230
87840 15 68814
87882 10 30242
87909 5 31501
87930 15 70362
87947 5 46209
87955 10 45050
87971 10 10530
87977 5 96170
88059 5 66474
88131 15 64950
88135 5 2675
88154 10 8300
88161 10 82713
88165 10 3944
88172 5 51382
88265 5 18852
88315 5 14765
88347 10 655
88358 5 24085
88391 5 77375
88392 15 81271
88523 5 72572
88541 10 50967
88577 10 29149
88619 5 82370
88698 10 11688
88729 5 35903
88770 15 89172
88839 10 76902
88970 15 72899
88984 15 10966
89025 5 26218
89067 5 87487
89129 15 31191
89240 10 22992
89281 15 37708
89285 5 4275
89344 15 92059
89346 5 83546
89348 10 24002
89349 10 19648
89396 5 97189
89409 10 61388
89417 5 70809
89446 15 34839
89469 15 96872
89470 5 2954
89494 15 72383
89606 10 35381
89612 5 71091
89627 10 56539
89656 10 45114
89686 5 22542
89696 15 21228
89758 15 56141
89794 10 34490
89844 5 63688
89890 15 93037
89897 15 2680
89934 10 73346
89942 10 78175
89952 5 50221
89969 5 84228
89970 5 66833
89988 15 42770
90014 5 68742
90119 10 26639
90475 15 40047
90555 5 42836
90564 10 8696
90576 15 69982
90583 10 72201
90630 5 66470
90633 5 96393
90646 15 32595
90655 5 92512
90685 10 61118
90728 5 78242
90730 10 51711
90789 15 46247
90791 5 90831
90838 10 58513
90843 10 75482
90843 15 70452
90860 15 18222
90864 5 88108
90898 15 39008
90900 5 57339
90906 10 35152
90931 15 14556
90977 5 428
90986 5 61656
90993 5 30094
90996 10 37447
91049 15 49361
91051 5 18752
91124 10 19911
91127 10 82804
91160 5 2991
91173 5 26275
91207 10 28063
91234 10 16894
91266 15 21906
91276 5 99715
91311 10 36693
91338 10 68134
91361 10 45652
91383 10 38574
91394 5 67621
91405 10 53306
91430 10 74325
91445 15 53120
91478 15 94825
91538 15 92389
91553 10 97488
91557 10 33251
91568 15 76523
91576 10 41169
91592 15 89854
91663 15 41885
91681 15 32294
91688 5 24138
91694 10 77383
91702 5 9158
91712 5 34866
91775 15 31709
91777 15 92627
91792 10 69033
91795 15 54263
91823 15 23323
91882 15 95302
91904 5 13533
91912 10 65785
91941 15 82640
91994 15 6006
92067 5 74336
92120 15 17492
92129 5 12885
92144 15 85041
92184 15 82151
92203 5 69523
92256 15 77152
92268 15 92036
92337 10 20088
92454 15 67966
92489 10 39915
92497 15 16390
92512 5 58922
92525 10 13944
92582 5 1483
92589 5 36514
92635 10 27213
92662 15 70185
92735 15 20526
92743 10 30215
92763 10 36101
92788 5 16781
92900 5 52200
92916 5 21365
92945 10 6409
92998 10 49389
93001 10 38108
93024 10 58988
93030 5 68604
93129 10 2353
93185 15 48058
93186 5 32364
93207 10 1778
93225 10 90813
93301 15 84413
93305 5 41876
93365 15 79742
93379 15 56563
93439 10 6020
93482 5 14897
93493 15 11540
93524 15 64460
93562 15 41790
93601 15 58966
93638 10 69387
93649 15 28563
93652 5 37889
93662 15 61172
93678 5 1640
93698 10 92674
93721 15 37036
93771 10 53842
93800 10 20750
93855 10 48469
93920 15 19002
93944 10 81718
93945 5 53110
93957 15 36876
93980 15 42050
93982 10 93636
94038 15 19257
94052 15 46332
94056 15 69219
94068 10 30145
94088 15 83828
94089 15 34133
94101 15 59573
94170 5 47712
94208 15 63045
94241 10 8301
94248 10 13288
94288 15 13772
94303 5 29928
94310 15 49444
94321 5 64251
94342 15 36979
94349 5 45306
94374 5 75096
94529 10 79828
94573 5 5771
94583 15 3684
94602 10 14260
94627 5 86752
94652 15 87061
94725 15 12293
94750 15 37513
94766 5 57776
94828 15 15475
94845 15 14738
94878 15 84218
94936 5 74011
94942 5 47927
94945 5 53187
94976 10 2504
95012 15 53576
95078 5 68841
95091 5 60010
95141 5 70989
95222 15 29111
95226 5 3068
95232 5 75162
95241 10 46116
95243 10 87159
95301 5 36452
95309 15 37141
95313 10 25865
95426 5 5740
95526 10 49770
95673 5 33493
95686 10 85586
95694 5 7187
95701 5 77434
95706 15 55334
95723 15 85194
95784 10 90261
95842 10 21065
95857 5 57118
95857 10 76360
95881 5 19531
95908 10 12580
95980 5 2544
96013 10 91020
96063 10 41477
96109 5 19807
96118 10 1629
96165 10 76910
96179 10 22966
96213 5 81467
96226 5 4883
96299 15 77790
96361 15 41876
96372 5 85614
96404 5 64888
96450 15 42746
96489 5 93949
96556 10 14217
96565 15 98485
96611 5 10103
96664 5 27621
96665 5 77630
96679 5 20014
96709 10 77578
96866 15 38542
96868 5 54061
96909 5 96979
97002 15 60200
97066 5 30637
97072 10 10418
97086 5 59914
97087 10 36407
97099 10 93164
97131 5 36813
97190 15 53474
97196 15 97153
97256 15 15305
97310 15 31439
97343 15 28127
97355 10 21341
97377 5 60380
97455 5 95880
97565 5 80446
97585 5 15865
97629 10 41344
97650 10 22660
97654 15 45168
97692 15 31338
97709 15 62103
97718 15 1833
97755 10 13197
97771 15 44810
97819 10 84574
97835 10 77018
97878 10 65845
97899 10 86431
97950 10 12980
97957 15 93201
97975 15 41708
97976 5 24388
98028 10 20246
98063 5 89379
98114 15 11013
98119 15 5102
98133 5 44267
98173 10 21010
98185 15 87703
98215 5 67220
98226 15 84478
98231 10 82699
98237 10 70449
98286 15 94592
98403 5 97328
98490 15 67590
98537 15 26657
98571 5 22575
98631 10 11670
98633 15 67028
98680 10 74097
98681 15 1095
98711 5 79526
98779 15 28567
98810 5 826
98822 5 69906
98832 5 14415
98923 5 60266
98992 15 26349
99003 15 51857
99048 5 40735
99054 10 64753
99083 5 54411
99131 15 94054
99173 15 14343
99237 10 41926
99250 5 64819
99345 10 86823
99404 15 5691
99410 15 94161
99437 5 35817
99462 10 94078
99535 10 63341
99555 10 37526
99660 15 60005
99746 15 90687
99769 5 6232
99831 5 2210
99831 10 61667
99889 15 89465
99905 15 91699
99937 10 19678
99946 10 47053
99972 15 3653
