3000 10000 17220 94252
17 20 92507
18 10 32934
76 20 61892
104 20 19911
118 20 9372
167 10 6481
181 10 44695
209 20 30203
215 20 72905
336 20 77683
343 10 56894
382 10 77112
433 10 17405
454 20 20072
523 10 53650
546 20 37503
589 20 77127
592 10 16492
673 20 48285
692 10 38247
784 20 12296
793 10 99090
803 10 16938
811 20 66852
870 10 78050
885 10 66219
913 20 74125
927 10 28578
928 20 29659
936 10 95107
967 10 7612
988 20 5664
1024 20 74649
1043 10 27278
1043 20 62554
1044 20 9422
1046 20 62797
1111 20 88752
1131 10 53639
1221 10 35430
1246 20 5498
1262 10 33756
1286 20 92509
1299 20 61435
1304 20 81713
1310 10 35077
1325 20 22947
1326 10 42181
1331 10 89279
1354 20 80389
1407 10 66716
1429 10 54077
1430 20 79435
1448 20 46771
1516 20 84686
1587 20 21722
1605 10 75365
1613 20 81587
1621 20 99187
1656 10 65090
1685 20 25176
1691 20 4939
1702 10 94065
1737 10 15806
1760 10 16330
1786 10 55195
1835 10 83813
1842 10 2441
1851 20 76144
1861 10 50949
1947 10 39122
2000 10 31921
2009 20 23288
2056 10 40916
2080 10 83853
2090 20 69788
2190 20 17876
2193 10 52648
2259 10 29569
2325 20 51305
2326 20 5721
2347 10 1250
2389 10 5041
2457 10 25142
2464 20 21870
2484 20 61645
2487 10 43094
2566 20 85048
2586 20 59703
2602 20 7171
2701 20 74257
2721 20 6424
2723 10 95437
2737 20 22353
2778 10 53626
2783 10 62907
2785 20 20020
2806 10 94209
2890 10 56391
2895 20 1802
2991 20 67131
3014 10 25086
3045 20 53756
3079 10 53616
3094 10 27830
3100 20 54190
3125 10 53114
3131 10 5440
3199 20 89979
3251 10 85258
3259 10 22290
3312 10 6003
3316 20 7018
3331 10 7524
3331 20 63061
3333 10 38735
3354 20 31292
3359 20 93538
3396 10 39644
3437 20 66033
3461 10 42398
3526 10 89510
3557 10 95169
3589 20 8407
3623 10 23105
3623 20 37238
3673 10 43569
3676 20 92992
3677 10 38656
3731 10 76
3732 10 66848
3768 10 82935
3777 10 50892
3786 20 22490
3935 10 28967
3995 20 28453
4006 20 54625
4017 10 74774
4051 20 20022
4059 20 91701
4153 20 13368
4168 20 36923
4172 10 88523
4174 20 94065
4180 20 21135
4189 10 76731
4332 20 23143
4406 10 10763
4518 10 23439
4519 20 36707
4624 20 61260
4682 10 24827
4683 20 72677
4719 10 90994
4743 10 93737
4750 20 46032
4767 20 44256
4808 20 16849
4828 20 72247
4831 20 51844
4878 20 84408
4879 10 41693
4890 20 51695
4922 20 99225
4928 10 5815
4971 20 65621
4993 10 7131
5000 10 41103
5028 20 22435
5103 10 97160
5108 10 10520
5113 10 32165
5188 10 51824
5191 10 93909
5222 10 99602
5257 20 48501
5271 10 70991
5279 20 52956
5318 10 35039
5376 20 13179
5507 20 76541
5529 10 45466
5602 10 56574
5615 20 56461
5622 10 31173
5702 20 91860
5710 20 38501
5733 20 88100
5781 20 36259
5886 20 88341
5895 20 76394
6033 20 85103
6093 10 86292
6122 10 95705
6130 10 51056
6191 20 89224
6208 10 17713
6240 20 13684
6269 20 3812
6328 20 3190
6349 10 45883
6495 20 93617
6500 20 87360
6503 20 13771
6507 20 19971
6574 20 73991
6617 20 52842
6662 20 50046
6673 20 14557
6719 10 86617
6719 20 13241
6726 10 1441
6789 10 60599
6815 20 78639
6829 20 56952
6849 10 23637
6939 20 30903
7057 10 48519
7124 10 21842
7152 10 40951
7162 20 38646
7164 20 49910
7169 20 32813
7178 20 84982
7190 10 60308
7195 20 28676
7204 20 60713
7322 10 41445
7325 10 98417
7370 20 26279
7401 20 80077
7416 10 50818
7433 10 33405
7460 10 22921
7471 20 73604
7496 10 66807
7516 20 49604
7538 10 17514
7542 10 10219
7553 20 33948
7562 10 41398
7578 10 40491
7599 10 28575
7604 10 12025
7644 10 54480
7660 20 39788
7661 20 2550
7670 10 85743
7696 10 16907
7711 20 78272
7734 20 4801
7736 20 59088
7815 20 8777
7822 10 29108
7832 20 34557
8032 20 32432
8077 10 3914
8079 20 69517
8113 20 42288
8167 10 5137
8194 20 78571
8213 20 65573
8223 10 17178
8257 10 98262
8279 20 7340
8322 20 90939
8378 20 84866
8402 20 75612
8406 10 83009
8463 10 8980
8480 20 65908
8501 20 29447
8502 20 62167
8541 20 89040
8602 10 3207
8695 20 5253
8741 10 69324
8778 20 58993
8781 10 84357
8833 20 96328
8857 10 47947
8868 10 86482
8904 20 63843
8946 20 38408
8972 10 41230
8989 20 52924
9027 10 86799
9030 20 15608
9119 20 60678
9158 20 37299
9194 20 92622
9213 20 63322
9276 20 65323
9309 10 88856
9357 20 29102
9380 20 17723
9383 10 46741
9421 10 79092
9439 20 3680
9469 20 7671
9477 20 80017
9486 10 45436
9499 10 55732
9518 20 55654
9534 20 83400
9583 10 35112
9613 10 60796
9617 10 12732
9659 10 59323
9706 10 37793
9732 10 34936
9745 20 20584
9768 20 35311
9786 10 60849
9799 20 58092
9864 10 60483
9892 10 89590
9901 10 93474
9947 10 76448
9950 10 34090
9953 10 41028
9991 10 80140
10010 10 34529
10099 20 37521
10130 10 85731
10313 10 18669
10372 10 40960
10425 20 66873
10521 20 74183
10536 10 56225
10597 10 38951
10667 20 22111
10690 10 71222
10693 20 88339
10705 10 53632
10706 10 1361
10736 20 52518
10762 10 65628
10856 10 46227
10907 20 48471
10976 10 16901
10988 20 25139
11004 10 71282
11026 10 36541
11028 20 64471
11073 20 47472
11120 10 65612
11128 20 29591
11136 20 95945
11220 20 37482
11262 10 44073
11266 20 22977
11392 10 9009
11447 10 81933
11495 20 16263
11524 20 15687
11621 20 56491
11639 20 58750
11658 10 61068
11745 20 70931
11764 10 73732
11793 10 76084
11794 20 78463
11813 10 30850
11834 10 48462
11906 20 44975
11916 10 93605
11956 10 87456
12052 20 16447
12106 20 4605
12140 20 92017
12169 20 75464
12200 10 38963
12212 20 25582
12287 10 79480
12373 20 30691
12381 20 26930
12400 10 61443
12415 20 32194
12416 10 2647
12419 10 75947
12436 20 68280
12440 20 92626
12530 10 62238
12540 20 8651
12574 10 15765
12583 10 78131
12648 10 79114
12677 10 9965
12688 10 91820
12717 10 48390
12733 10 16634
12760 20 26120
12829 10 31888
12914 10 29708
12972 20 2342
12993 10 74010
13056 20 97446
13085 20 62548
13103 20 33655
13119 20 15364
13145 20 80131
13169 20 44125
13267 20 24149
13276 20 95130
13301 10 69203
13329 10 65303
13392 20 88003
13427 20 99827
13442 20 29311
13475 10 78817
13494 10 87532
13519 20 60806
13530 10 4369
13532 20 79820
13549 10 1021
13553 10 59366
13558 20 47090
13603 10 40288
13648 10 16251
13653 10 54416
13655 20 78971
13689 20 53899
13722 10 9382
13727 10 51910
13735 20 23209
13751 20 85256
13803 10 65347
13830 10 49080
13851 10 65360
13870 20 64379
13891 10 45895
13910 20 57646
13912 20 36004
13934 10 75959
13935 10 59353
13953 10 51681
14001 20 39401
14003 20 71598
14091 20 38523
14126 20 60505
14171 20 61013
14174 10 75009
14261 10 62660
14440 10 43863
14465 10 87552
14466 10 46364
14511 20 44943
14577 20 41815
14612 20 14387
14653 20 92101
14656 20 47784
14686 10 2414
14717 20 1646
14726 20 45078
14739 20 41621
14748 20 70820
14777 10 24921
14918 20 42613
14943 10 12656
15064 20 54388
15070 10 65870
15164 10 27057
15169 20 61385
15185 20 92949
15220 10 34817
15233 20 35759
15238 20 39746
15295 20 33112
15320 10 7228
15424 20 31135
15431 10 16002
15464 10 4122
15472 20 1473
15496 20 49799
15505 20 82788
15551 10 88047
15559 20 38946
15600 20 12355
15617 10 40140
15629 10 71181
15640 10 43419
15714 10 95446
15764 10 14358
15790 10 73359
15801 20 36810
15809 20 28555
15850 10 63461
15872 10 11846
15879 20 51013
15908 10 69683
15911 20 98597
15919 10 92038
15930 10 71021
15938 10 75824
15944 20 97791
16024 10 88303
16032 20 81170
16067 20 18466
16068 20 59413
16192 10 62118
16246 10 17447
16271 20 11916
16319 20 59127
16355 20 94366
16385 20 58984
16429 10 18246
16439 10 7400
16472 10 16155
16477 20 63414
16506 20 9422
16507 20 5249
16681 20 59181
16698 10 28415
16727 10 85720
16744 10 60421
16749 10 63885
16773 20 56029
16799 10 68960
16885 10 67027
16918 20 85790
16919 10 84996
16944 10 35158
16954 20 73851
16956 20 4406
16990 10 67163
17039 20 25655
17119 20 1811
17133 10 61879
17146 20 66503
17171 10 4753
17183 10 62763
17221 20 23567
17242 10 43289
17272 10 66411
17282 10 42219
17325 20 54521
17352 10 57558
17409 10 76179
17449 20 33892
17484 20 58656
17533 10 69257
17543 10 77481
17616 10 7515
17616 20 84957
17697 20 86462
17752 20 20242
17831 20 67340
18001 10 94918
18047 10 62768
18145 10 16156
18175 20 58606
18213 20 10537
18263 10 65787
18264 20 9186
18271 20 56430
18312 10 26708
18395 10 5910
18417 20 10398
18458 10 76175
18468 20 66432
18535 20 99999
18560 10 97028
18587 10 32071
18626 10 96425
18675 10 55427
18732 20 95637
18740 20 30713
18772 10 75834
18795 10 13725
18802 10 81201
18834 10 40539
18842 20 47534
18865 10 28105
18871 10 24368
18879 20 84246
18893 10 2177
18947 10 23026
18950 10 62743
18999 10 80341
19033 10 30124
19056 20 18858
19153 20 62183
19213 10 6482
19214 20 18472
19283 10 7449
19334 20 98874
19377 10 85751
19382 20 93048
19424 10 58336
19428 10 45603
19460 10 3179
19479 10 73349
19579 10 92721
19584 20 11628
19607 20 73921
19630 20 13009
19645 10 68246
19757 10 60827
19779 20 58918
19816 10 61771
19826 20 15690
19869 20 40648
19880 20 51779
19914 20 7074
19978 20 99613
20019 20 74487
20087 10 97185
20091 20 61748
20141 20 71645
20169 20 19673
20182 10 34404
20202 10 63893
20237 20 980
20252 10 96299
20297 20 85283
20361 20 33918
20532 10 39184
20539 20 41384
20572 20 11438
20616 10 87136
20629 20 71317
20650 20 12391
20718 20 80023
20733 10 64475
20767 10 92642
20775 10 4733
20784 20 58708
20822 10 95643
20929 10 82158
20981 10 4352
21025 20 72693
21040 10 68002
21106 20 33344
21109 10 21848
21130 20 90660
21234 20 56038
21291 20 55126
21298 10 32918
21485 10 74717
21498 10 51596
21522 10 33871
21569 20 80653
21575 10 85058
21605 20 70397
21622 20 65866
21688 20 71047
21736 20 77730
21745 10 42993
21755 20 7270
21760 10 59628
21803 10 68655
21887 10 31226
21889 10 37171
21900 10 57227
21997 20 90467
22055 10 64444
22147 10 20116
22152 20 39024
22162 20 22059
22176 20 93047
22182 10 1845
22219 10 15359
22267 20 40923
22271 10 67720
22325 10 26658
22329 20 13202
22338 20 52182
22342 10 2874
22373 20 69964
22376 10 62536
22392 20 46218
22405 20 58622
22441 10 12842
22505 20 63628
22525 20 11356
22634 20 82687
22646 20 94759
22652 10 93899
22715 20 96328
22796 10 49482
22819 10 91922
22837 10 68829
22855 10 68455
22951 20 45737
23016 20 70430
23066 20 41403
23089 10 2576
23109 20 5654
23130 20 40605
23203 10 43080
23217 20 10922
23227 10 223
23286 20 56176
23341 20 2993
23382 20 7969
23403 20 66631
23492 20 75766
23498 20 33259
23529 20 64802
23632 10 62661
23644 10 12206
23652 10 42531
23760 20 90093
23819 20 21011
23842 20 19932
23850 20 74521
23881 10 41849
23955 20 63547
23985 20 15164
24008 20 52991
24017 10 16402
24018 20 2234
24026 20 94864
24030 10 6727
24047 10 23359
24051 10 64767
24088 10 97810
24201 20 59143
24216 20 40744
24218 10 81577
24230 20 9643
24235 20 66123
24256 20 3872
24332 20 13710
24355 10 77388
24361 20 23842
24368 20 75072
24399 20 14192
24563 20 52058
24597 20 203
24642 10 4115
24645 10 31008
24653 10 58926
24670 10 68973
24741 20 81442
24759 20 89379
24791 20 78673
24807 20 77684
24839 20 15939
25054 10 27470
25060 10 22372
25078 20 27006
25106 10 62650
25135 20 97623
25148 20 12453
25160 10 56699
25210 10 93064
25415 20 61759
25553 20 34553
25558 20 76626
25675 20 59629
25684 20 82172
25690 10 8410
25690 20 10631
25724 10 25934
25724 20 86872
25726 20 93721
25733 10 73090
25747 10 58676
25750 20 11776
25788 10 55642
25832 10 44621
25917 20 88552
25923 20 53625
25924 10 2448
25960 10 34775
25998 10 60159
26060 10 39912
26070 10 94752
26076 10 11555
26105 20 51752
26123 20 51970
26189 10 69249
26222 20 59058
26237 20 12693
26242 10 13267
26267 20 68088
26309 10 73432
26310 20 42661
26329 10 81401
26345 20 14423
26375 20 94695
26390 10 31697
26419 10 82724
26482 10 71408
26491 20 3533
26526 10 96051
26589 10 7468
26635 10 17932
26655 10 20317
26660 20 67275
26683 20 99806
26704 10 71608
26747 10 21180
26775 10 38730
26952 20 3884
26963 20 64840
26983 20 87586
27040 10 96757
27100 20 17687
27178 10 36553
27188 10 33946
27233 20 26918
27312 20 72354
27322 10 77047
27360 10 90142
27399 10 17701
27406 10 79758
27409 10 79811
27418 10 1883
27435 10 23332
27436 10 85182
27475 20 44270
27480 10 73297
27547 10 52690
27574 10 43758
27606 20 74462
27659 20 54415
27716 10 57021
27728 10 38697
27809 10 47730
27843 20 11940
27986 10 70108
28042 20 25339
28077 20 89616
28157 10 18030
28171 10 21424
28198 10 86391
28202 20 85998
28251 10 48690
28279 10 21793
28281 10 6463
28307 20 44019
28339 20 76620
28345 10 80357
28347 10 10623
28370 20 53706
28422 20 44726
28423 10 25473
28439 20 61399
28484 20 5480
28595 10 316
28633 10 38747
28652 20 1304
28706 10 89191
28709 20 97596
28726 20 65744
28728 20 17526
28761 10 9367
28765 20 70165
28802 20 39409
28828 20 11899
28835 20 15189
28941 20 33366
29104 10 83053
29189 10 2948
29202 20 70041
29225 10 2046
29239 20 95580
29245 20 86326
29328 10 94492
29335 10 14091
29381 20 74470
29398 10 77401
29511 10 32935
29524 10 15401
29524 20 42587
29553 20 15288
29574 20 28695
29583 10 84166
29593 20 30857
29600 20 85976
29680 20 91248
29703 10 62178
29720 10 71407
29742 10 68358
29814 10 93043
29814 20 91602
29824 10 7862
29894 20 74693
29897 20 32680
29917 10 86114
30118 20 61629
30158 20 32128
30171 10 92209
30216 10 98481
30239 10 90815
30298 20 52181
30325 20 32689
30338 10 92905
30344 20 4603
30351 10 45142
30385 20 89188
30401 20 53932
30436 10 56056
30448 20 75491
30594 20 13364
30635 10 50293
30641 10 84494
30643 20 64310
30665 20 93516
30770 10 2868
30833 10 37177
30850 10 5311
30863 10 14941
30886 20 35755
30895 10 57981
30968 10 66182
30985 20 82006
31011 20 94661
31109 10 76158
31115 20 618
31122 20 6638
31134 20 17409
31170 10 74071
31173 20 19162
31205 10 67302
31294 20 78421
31298 10 48551
31326 20 1322
31383 20 81514
31470 20 30604
31568 20 40999
31592 10 76477
31618 10 18006
31643 10 10632
31661 10 62762
31700 10 85048
31783 10 74205
31832 10 41031
31834 10 6016
31836 10 69377
31837 10 80755
31842 20 32484
31845 10 27404
31854 10 33832
31884 20 64369
31888 20 57758
31928 10 32278
31944 10 62288
32106 20 9112
32148 10 80137
32180 20 9221
32192 20 43458
32199 20 86084
32217 10 18324
32225 10 21315
32234 10 41508
32246 10 28316
32275 10 98585
32300 10 56813
32302 10 42899
32308 10 24619
32321 20 55508
32377 10 81684
32379 10 66106
32475 20 68484
32487 20 53560
32496 10 1924
32502 20 25483
32505 20 98781
32506 20 29462
32529 10 33576
32557 20 39563
32569 10 40666
32576 10 76242
32577 10 97280
32581 10 5465
32588 10 34561
32686 10 25351
32728 10 70711
32760 20 25798
32781 10 31141
32813 10 62320
32851 20 84651
32870 20 12109
32915 10 8977
32952 10 68116
32981 20 67831
33001 20 31066
33054 10 78492
33060 10 93125
33070 20 15121
33075 10 44193
33296 20 24464
33435 20 72714
33436 10 68514
33448 20 56281
33461 10 66533
33496 10 66721
33548 20 89263
33646 10 72772
33703 10 5361
33726 10 60941
33743 10 73114
33808 10 18648
33809 20 41427
33816 10 52955
33827 10 73220
33932 10 18672
33936 20 11151
33949 20 51370
33978 20 35506
34030 10 15443
34114 20 16930
34116 20 6044
34128 10 58817
34138 10 28231
34162 10 20948
34170 20 98178
34171 10 20962
34173 20 60214
34208 20 70715
34226 20 68267
34270 10 46460
34278 10 69790
34301 10 24686
34359 20 69243
34384 20 2689
34412 20 40669
34530 10 93895
34587 20 84403
34602 20 11441
34618 20 4971
34643 10 94818
34699 20 87721
34778 10 35350
34782 20 53281
34791 10 90099
34841 20 14239
34910 20 25882
34929 10 75172
34962 20 85034
34990 20 15525
35037 10 93783
35041 10 40353
35061 10 87143
35172 10 22120
35178 10 96280
35198 20 6661
35219 10 65407
35252 20 82218
35259 20 45273
35354 20 61577
35368 10 88101
35404 20 22796
35417 10 21609
35473 20 77116
35558 10 24709
35558 20 38053
35561 20 82246
35584 20 98047
35605 10 15037
35609 20 73010
35649 20 22835
35652 20 78271
35673 20 21324
35685 20 22345
35748 10 47427
35793 10 35665
35807 10 86575
35840 20 68705
35849 20 3167
35850 20 80655
35862 20 8086
35899 20 14934
35933 10 43604
35963 20 76365
36038 20 56662
36047 20 16658
36059 10 13012
36088 20 35279
36101 20 43152
36106 20 11155
36121 10 39206
36125 20 6312
36160 20 20605
36179 10 59133
36231 20 50902
36233 20 84394
36235 20 753
36258 20 88588
36265 20 10487
36270 10 65061
36376 10 65243
36379 20 70310
36380 20 92579
36426 20 21931
36456 20 59842
36496 10 41386
36536 20 33747
36561 20 39908
36631 10 13020
36650 10 76064
36705 20 22733
36718 20 21316
36928 20 93913
37012 10 47030
37034 10 4876
37034 20 35241
37055 10 25221
37097 20 9049
37164 10 89749
37175 10 90320
37186 10 37409
37212 20 37150
37225 10 75095
37257 10 2096
37264 20 58294
37297 20 12784
37331 10 1990
37379 10 27055
37385 10 91151
37439 10 56948
37487 10 64625
37489 20 95877
37522 20 27732
37581 20 80016
37583 20 66403
37604 20 73736
37641 10 7423
37647 20 90864
37651 20 49926
37784 20 87137
37786 10 52525
37806 10 53098
37813 20 53066
37865 20 15874
37875 10 43832
37901 20 10057
37933 10 26677
37962 10 64058
38042 20 44847
38131 10 53341
38158 20 79190
38214 20 4506
38230 10 41073
38239 20 88665
38252 10 86911
38253 10 60708
38296 10 35215
38323 10 52900
38331 10 21073
38355 10 94311
38386 10 23209
38433 20 1083
38441 20 75091
38483 10 23914
38494 10 286
38529 20 18299
38565 10 69809
38572 10 87288
38577 20 26801
38584 20 44236
38594 20 44559
38608 10 20097
38632 10 17510
38636 20 35552
38697 20 41879
38713 10 99211
38739 20 68452
38746 10 79387
38754 20 58639
38768 20 2242
38829 20 30256
38855 10 80879
38873 20 81968
38874 20 45806
38891 20 8167
38902 10 55496
38967 10 48713
39039 10 3551
39047 10 93639
39055 20 49063
39107 20 80160
39118 20 10594
39125 10 24733
39133 10 91621
39141 10 25042
39167 20 35118
39247 10 18922
39267 10 8873
39285 20 39162
39292 10 59644
39324 20 35542
39370 10 14023
39373 10 29950
39377 20 42131
39438 10 99184
39481 20 97476
39482 20 75674
39486 20 71428
39488 20 67993
39576 20 77155
39603 20 51699
39609 20 38652
39639 10 65403
39651 20 16726
39652 20 99209
39672 10 87772
39706 10 56508
39712 20 94320
39773 10 2649
39814 20 54114
39835 10 17935
39927 10 42390
39935 10 21874
39987 20 78593
40000 20 3393
40014 10 73471
40017 20 14609
40020 10 85628
40094 20 6627
40141 20 37559
40143 20 91553
40144 10 70350
40226 20 33931
40250 20 35680
40292 10 4054
40293 20 3954
40383 20 64700
40411 10 4748
40459 10 5280
40508 20 55970
40527 10 50746
40582 10 1003
40595 10 42605
40668 20 87228
40686 10 49502
40710 20 33080
40784 20 22402
40811 10 53019
40829 20 4194
40837 10 70860
40839 10 82813
40890 20 37012
40926 10 48226
40930 10 10243
40932 20 3148
41042 20 39849
41049 20 30287
41145 10 88543
41167 10 71476
41170 20 76598
41203 20 60734
41280 20 62739
41318 10 97785
41326 20 77270
41368 10 52998
41423 10 94535
41426 20 48466
41436 20 56992
41474 20 5583
41476 20 61636
41511 10 21685
41620 20 77255
41759 20 14419
41852 10 30978
41861 10 3933
41865 20 54399
41902 20 83144
41907 10 69070
41925 10 84022
41975 10 76629
42005 20 53902
42060 10 24287
42120 10 97845
42157 10 99242
42169 10 17814
42248 10 13744
42266 10 67798
42308 10 71114
42357 20 6793
42424 10 60715
42461 10 44231
42473 20 53623
42478 20 88042
42498 20 92868
42610 20 38038
42637 20 70008
42641 20 14851
42651 20 17092
42661 10 80458
42702 20 24918
42703 20 3765
42712 10 79926
42719 10 57232
42732 10 54955
42782 10 59440
42807 10 72236
42819 10 93131
42822 20 91556
42873 20 43111
42907 10 2239
42920 20 20054
42924 20 65952
42944 10 42931
42945 10 16683
43038 10 28096
43061 20 90495
43096 20 91080
43103 20 61571
43133 10 16173
43234 20 21083
43259 20 12140
43316 10 9669
43354 20 39283
43371 20 89126
43385 20 4785
43391 20 1576
43424 10 17970
43468 20 2603
43482 10 9524
43545 20 47423
43767 20 42006
43799 10 12949
43828 10 30304
43855 10 30002
43880 10 15542
43957 10 60701
44002 10 26055
44009 10 41889
44014 20 60466
44210 20 17288
44247 20 52494
44301 20 64270
44326 10 85044
44447 10 13537
44460 10 77536
44478 10 89454
44517 20 90044
44518 10 36566
44544 10 87784
44556 10 11669
44616 20 40018
44633 10 20747
44714 20 55075
44724 20 89529
44747 10 65198
44785 20 96059
44794 20 95899
44858 20 85496
44861 10 32668
44910 20 82745
44922 20 7748
44939 20 69021
44959 20 50376
44968 20 47542
45006 10 78491
45078 10 39558
45098 20 51508
45153 20 90111
45158 10 45814
45188 20 11448
45223 10 19915
45267 10 63300
45292 10 86086
45386 10 7836
45420 20 96147
45439 10 41702
45456 20 34325
45482 20 94953
45484 10 65410
45561 20 11487
45643 10 90518
45656 10 38840
45716 10 31812
45768 20 1875
45816 10 63712
45848 10 55638
45857 10 17422
45962 20 26615
46100 10 45460
46133 10 51969
46170 20 34101
46181 10 71171
46225 10 68179
46264 20 49561
46287 10 57776
46324 10 66111
46354 20 57688
46370 20 90212
46446 20 52114
46465 20 10620
46617 10 66518
46630 10 62433
46647 20 64565
46653 20 94330
46675 10 65826
46709 20 61067
46745 20 9958
46793 20 17593
46803 20 89022
46831 20 65041
46863 10 90719
46892 10 22189
46937 10 25699
46954 20 96054
46981 10 31144
46994 20 42269
47040 10 86876
47048 10 58997
47057 20 76583
47058 10 96373
47088 10 51359
47102 10 7505
47117 20 31082
47156 10 27093
47177 10 43053
47207 20 45925
47252 10 49026
47264 20 2279
47300 20 58692
47307 20 63547
47354 20 75766
47386 10 51616
47412 20 94942
47420 20 46172
47421 10 5717
47427 20 43214
47453 10 97812
47475 20 20328
47497 20 25828
47582 10 60105
47620 20 15116
47712 20 92365
47745 10 71901
47807 20 64281
47810 20 10740
47819 20 95636
47839 20 16608
47903 20 30846
47917 10 81191
47946 20 47345
47974 20 8384
47989 10 39517
47995 10 46122
47998 20 27066
48014 20 16865
48017 20 31188
48078 20 56285
48080 10 38920
48138 20 22246
48142 10 14101
48165 10 80119
48191 10 78943
48238 20 78224
48274 10 27909
48294 10 85164
48324 20 79444
48325 10 17143
48336 10 86543
48353 20 82519
48403 10 71490
48417 10 64904
48439 10 60609
48491 10 5313
48525 10 28570
48597 10 89289
48652 10 65552
48717 20 3707
48733 20 18159
48756 10 98531
48803 20 15938
48828 10 58431
48839 20 56408
48908 10 55062
48949 10 58886
48959 20 56230
48976 10 57708
49081 20 27370
49124 10 60722
49125 10 84009
49147 10 24760
49215 10 35554
49244 20 4774
49295 10 84592
49319 20 97431
49344 20 36277
49393 10 74844
49406 20 80644
49461 20 95538
49500 10 36604
49513 20 91465
49581 20 79668
49649 10 4791
49655 10 90748
49671 20 98604
49687 10 11420
49692 20 44669
49693 20 45205
49698 20 88676
49700 20 45595
49732 20 48352
49746 10 72972
49770 10 32714
49775 10 2939
49781 20 55109
49813 10 74469
49823 20 57333
49833 20 80372
49948 10 42981
50014 20 95664
50092 20 26950
50129 10 99659
50143 10 19525
50180 20 45116
50240 20 86159
50241 20 18849
50370 10 66829
50515 10 28796
50533 20 34057
50557 20 21824
50570 20 12405
50591 20 54973
50594 10 42307
50615 10 15246
50620 20 29419
50641 20 77447
50666 20 88525
50692 10 84063
50729 20 25793
50771 10 92440
50832 10 68064
50834 10 36412
50933 10 38581
50934 10 96902
50947 20 66069
51091 10 47956
51172 20 69239
51238 10 22110
51341 10 60168
51369 20 55127
51372 20 95510
51380 10 74426
51400 20 31881
51451 10 4690
51483 10 27343
51496 20 74841
51497 10 28888
51505 10 93175
51507 20 51690
51528 20 26928
51530 20 30317
51532 10 36045
51575 20 84329
51596 10 94289
51647 10 70500
51672 10 24723
51720 10 65065
51752 20 76605
51758 10 17587
51818 20 54783
51854 20 71291
51972 10 32128
51984 10 29808
51990 10 85791
52070 10 10172
52112 10 62609
52116 10 87669
52122 20 64588
52130 10 67050
52144 10 44672
52160 10 77010
52163 20 85434
52233 10 86542
52323 20 85399
52335 10 40754
52345 10 52464
52352 10 7882
52411 10 82752
52518 10 49242
52551 10 69716
52560 20 9212
52593 10 36740
52605 20 37164
52681 10 37070
52738 20 21072
52755 10 37065
52756 20 75415
52760 10 85069
52794 20 81750
52845 10 26275
52849 20 43008
52899 20 32023
52931 10 78499
52963 20 73363
53000 20 77225
53031 20 73287
53039 10 55987
53067 20 80028
53084 10 2317
53102 20 60086
53106 20 95245
53123 10 50922
53154 20 27406
53197 10 30537
53227 20 4814
53248 20 59311
53266 10 79570
53335 10 56451
53388 20 1332
53409 20 22357
53453 10 70950
53473 20 50372
53501 10 5922
53514 10 74676
53524 20 38684
53529 20 29488
53557 20 4026
53601 10 29490
53616 20 22887
53657 20 12574
53669 20 84708
53685 20 69515
53689 20 48889
53733 20 62234
53761 20 1752
53783 10 535
53804 20 14877
53866 20 43504
53880 10 79731
53901 20 7534
53953 20 39677
54052 10 40344
54054 10 51318
54060 20 82313
54081 20 84969
54123 20 5856
54127 10 86233
54176 20 32720
54210 20 76762
54226 10 61827
54232 20 52974
54248 10 35202
54271 10 67797
54277 10 77444
54281 20 1445
54350 20 54069
54378 10 78295
54404 20 11337
54456 20 63836
54475 20 13675
54499 10 75432
54560 10 34243
54593 10 66507
54665 20 78798
54745 10 90629
54772 20 98062
54797 10 16152
54797 20 19993
54836 10 23736
54939 10 41880
54965 10 39658
55017 20 96867
55047 20 13501
55077 10 72248
55165 10 22691
55197 10 66717
55245 20 47663
55272 10 11938
55278 20 19834
55304 10 225
55323 20 31324
55428 20 18395
55444 20 98182
55455 20 55000
55505 10 49736
55506 10 39411
55520 20 6762
55564 10 61200
55595 10 20270
55627 10 89241
55678 10 70624
55729 20 97917
55762 20 87626
55789 20 59989
55793 20 36019
55812 20 81694
55832 20 44362
55845 20 77495
55876 10 82236
55975 20 35029
55981 10 87227
56037 10 22981
56043 10 83906
56058 10 37267
56074 10 32878
56119 10 38552
56178 20 48448
56179 20 69289
56233 10 18667
56270 10 14647
56272 10 93643
56279 20 42000
56307 10 27794
56321 20 13713
56353 10 90487
56355 10 16750
56362 20 83600
56386 10 38600
56400 10 30933
56401 20 64842
56448 10 31903
56454 20 79406
56519 20 78574
56547 10 36586
56548 10 95496
56555 10 32328
56561 20 9362
56639 20 47373
56651 10 6842
56700 10 81614
56723 20 1871
56736 10 69382
56843 20 48791
56875 20 2421
56880 20 92702
56894 20 11035
56900 20 44040
56909 10 14798
56914 20 25721
56960 20 50667
57058 10 94137
57101 20 14171
57119 20 50674
57204 20 74056
57211 20 4315
57221 20 19862
57233 20 15548
57235 10 96976
57246 10 23155
57258 20 63701
57283 10 72554
57287 20 42561
57302 20 34621
57323 10 66813
57387 20 64367
57397 10 95491
57407 20 87730
57416 20 52312
57444 10 12387
57481 20 51061
57502 10 53281
57529 10 35315
57588 20 3104
57611 20 82727
57635 20 84253
57661 20 61513
57741 20 4476
57770 20 85972
57882 10 43885
57901 20 4697
58085 20 66679
58104 20 45443
58179 20 61674
58204 10 80736
58213 20 30711
58225 20 97626
58244 20 76752
58250 10 36438
58461 10 14422
58489 10 1950
58570 20 82378
58574 20 91860
58624 10 97594
58753 20 48000
58793 10 47135
58833 10 20327
58834 20 54764
58837 10 58933
58902 10 36329
58966 10 1666
59002 20 78932
59139 10 21652
59142 10 36904
59190 20 17221
59195 20 92686
59210 10 94277
59234 20 93763
59248 20 16918
59275 20 35344
59328 20 90152
59342 20 33996
59356 10 40343
59436 20 71431
59446 10 89531
59593 10 83153
59604 10 95499
59640 20 17724
59664 10 40477
59687 10 24452
59688 20 25343
59704 10 98840
59721 20 2805
59779 20 58958
59856 20 43710
59862 10 45722
59905 10 92239
59979 20 94529
59993 10 83235
60119 10 18942
60193 20 56621
60203 20 53019
60315 20 92522
60378 10 48881
60392 10 22691
60410 20 2128
60458 10 9107
60473 20 6938
60484 10 18041
60541 20 97035
60545 20 1237
60575 10 10406
60594 10 78569
60618 10 86443
60652 10 1782
60682 10 66136
60692 20 23141
60760 10 67021
60767 10 21376
60772 20 70291
60777 20 69194
60822 20 83339
60839 10 91430
60970 20 95242
61068 20 36861
61085 10 78357
61088 20 69702
61093 20 60164
61152 20 3635
61155 20 76864
61226 20 85135
61305 20 62696
61306 20 27272
61322 10 683
61333 20 85206
61349 20 56020
61395 20 91536
61483 20 82943
61611 10 85878
61636 20 85547
61665 20 73546
61683 20 6152
61715 10 3655
61736 10 7353
61751 10 90416
61768 10 48871
61810 10 87844
61842 10 1955
61854 20 40276
61863 20 6878
61936 10 85063
61937 10 56027
61981 20 22608
62030 10 39230
62042 10 27013
62044 10 90324
62140 10 13166
62144 20 87362
62300 20 1995
62339 20 84751
62346 10 15371
62422 20 33580
62460 10 49338
62461 10 30246
62576 20 82411
62660 10 40361
62709 20 84748
62731 10 41018
62735 20 69257
62742 10 28420
62743 10 20961
62749 10 19158
62836 10 66228
62844 20 53313
62907 10 73494
62916 20 62905
62923 10 77296
62976 20 94814
62991 20 3719
62992 20 80536
63013 10 54370
63024 10 356
63028 20 21366
63051 20 86156
63058 10 18674
63060 10 13607
63151 10 20443
63159 10 23800
63236 10 59220
63248 10 3031
63270 20 39267
63371 20 75290
63373 20 41946
63400 10 33448
63436 20 78168
63440 10 56063
63443 20 8400
63461 10 60296
63553 10 81730
63585 20 97435
63648 10 80047
63678 10 32022
63704 20 88340
63745 10 70362
63761 10 18393
63801 20 5798
63831 10 86120
63851 20 45984
63868 10 11655
63870 20 18127
63896 20 25313
63912 20 33004
63945 20 72237
64052 10 57233
64055 10 4480
64090 10 22722
64097 10 16671
64144 20 90596
64153 20 26380
64170 10 92609
64239 10 28521
64273 10 487
64343 10 5365
64398 20 76762
64454 20 59176
64472 10 17474
64517 10 41969
64542 10 63579
64545 10 92064
64556 10 61524
64567 20 22749
64666 10 62403
64765 20 17612
64768 10 87490
64794 10 20757
64801 20 31781
64804 20 26910
64816 20 75981
64881 10 16014
64918 10 58982
64918 20 19149
64971 20 15608
65011 10 49235
65025 10 60863
65050 10 4230
65064 20 18724
65158 20 61546
65166 20 27552
65187 20 32687
65206 10 46703
65223 20 14185
65253 20 33197
65270 20 84580
65278 20 28100
65304 20 42933
65337 20 9845
65451 20 91148
65499 10 16067
65512 20 8338
65584 10 50946
65680 10 6116
65736 20 26481
65737 20 77809
65778 20 218
65801 10 48271
65813 10 69915
65835 20 5182
65844 10 949
65859 10 33698
65880 10 85239
65891 20 54234
65897 10 18807
65897 20 30491
65911 20 76080
65928 10 67643
65940 20 88165
65972 20 93216
65977 20 13494
65989 10 71023
66022 20 86562
66042 10 2731
66102 10 55230
66117 10 36388
66141 20 26060
66142 10 79812
66168 10 25225
66218 20 75920
66256 10 31710
66317 20 77126
66333 20 6853
66356 10 31940
66370 10 45841
66391 20 92146
66416 20 528
66432 10 86183
66451 20 43702
66497 20 58951
66514 20 5183
66621 10 54447
66669 10 64970
66682 20 63367
66704 20 69741
66746 10 28418
66759 20 16728
66839 20 15639
66876 20 60096
66904 20 1393
66918 10 11792
66977 10 58828
67014 20 38140
67020 10 18082
67028 10 92915
67036 10 47985
67046 10 79869
67095 20 57721
67161 10 77313
67170 10 58483
67252 20 25225
67258 10 65274
67297 10 65242
67385 10 53388
67410 10 78630
67418 20 20512
67421 10 7577
67462 20 8089
67475 20 29820
67515 10 51586
67539 20 98565
67554 20 62154
67618 10 97349
67620 20 42973
67621 10 63344
67650 20 51137
67662 20 48358
67678 10 23537
67729 10 31938
67747 20 43477
67770 20 28884
67787 10 14536
67788 20 46543
67811 20 20249
67816 10 37056
67829 10 44107
67838 10 44405
67971 20 48229
67973 10 72367
68049 20 9825
68108 10 74002
68109 10 36126
68154 20 71711
68220 20 36049
68241 20 14529
68263 10 28696
68274 10 45217
68290 10 74863
68319 10 98489
68338 10 82147
68366 10 98315
68379 20 75260
68442 10 66272
68480 10 52126
68507 20 57055
68558 20 38830
68564 10 51607
68656 10 52927
68681 10 48407
68704 10 19494
68712 10 97112
68806 10 68676
68880 20 24592
68892 20 77219
68929 20 20165
68949 10 35284
68975 10 40945
68993 10 38258
69022 10 20044
69026 20 41634
69095 10 51690
69103 10 12381
69136 10 12332
69210 10 81839
69214 10 58895
69245 20 43196
69249 10 41793
69252 20 768
69264 20 68414
69267 10 11857
69338 20 9313
69369 10 82476
69388 20 68004
69397 20 63210
69403 20 36095
69473 20 84316
69509 20 57616
69514 10 21227
69514 20 13200
69535 10 41230
69580 10 88500
69687 10 68365
69730 10 68488
69795 10 78326
69809 20 83094
69811 20 8703
69852 10 29307
69862 20 28202
69863 10 97813
69885 20 47188
69931 10 50876
69937 20 62447
70050 10 72262
70057 10 94137
70069 10 45828
70084 10 41853
70090 20 38237
70096 10 67163
70139 10 2686
70215 20 61853
70276 20 64300
70326 10 21021
70330 10 99072
70342 20 39317
70424 20 49356
70491 10 64168
70577 10 93276
70597 20 41516
70612 10 74810
70627 10 62078
70643 20 39408
70683 20 27053
70698 20 80554
70735 10 19034
70834 20 71903
70917 10 23001
70959 10 21209
70967 20 25092
71018 10 90585
71068 10 60083
71093 10 35642
71219 20 53707
71235 10 73934
71339 20 57038
71357 10 20777
71405 20 43332
71430 10 39780
71444 10 48966
71490 20 94201
71523 10 80970
71526 20 89339
71543 10 42673
71544 20 62336
71600 10 26660
71607 20 36438
71684 20 33766
71722 10 4766
71726 10 32755
71765 20 45215
71798 20 70627
71812 20 6509
71829 20 83848
71834 20 21614
71837 10 64839
71841 20 52617
71842 20 6340
71862 10 44233
71925 20 21705
71979 10 67602
71993 20 6121
72072 20 6831
72096 10 48368
72134 20 75951
72250 20 70890
72277 10 30957
72294 10 34076
72306 20 55448
72343 20 79822
72357 10 60474
72395 10 31144
72409 20 93780
72467 20 38308
72529 20 6763
72543 10 91904
72625 10 73928
72667 20 10132
72672 20 65443
72705 20 63783
72719 10 61841
72761 10 89774
72762 10 40680
72763 20 50986
72768 20 67288
72782 10 86908
72803 20 31529
72812 20 70137
72822 20 72372
72871 10 99206
72894 20 94449
73046 20 98909
73066 10 30937
73081 10 33164
73138 10 43133
73186 10 61007
73186 20 28870
73194 10 42058
73210 20 48630
73219 10 68901
73250 10 43428
73278 20 16544
73311 10 94867
73351 10 36736
73365 20 91124
73430 20 68108
73482 10 24268
73515 20 62093
73566 10 11001
73585 10 32085
73670 10 33572
73733 10 45601
73734 10 84441
73734 20 92197
73783 10 52488
73786 10 38624
73860 20 61552
73915 10 59180
73975 20 47485
73980 10 35872
74017 10 33315
74046 10 48736
74082 20 51438
74101 20 87763
74105 10 15552
74110 10 10834
74120 20 93618
74201 20 18058
74202 20 95640
74274 20 28870
74297 20 4561
74305 10 15891
74324 20 1823
74363 10 92107
74379 10 65924
74425 20 75896
74431 20 69623
74508 20 50017
74559 10 43207
74566 20 87327
74568 10 61771
74580 10 30909
74599 10 46598
74601 20 44663
74607 20 21536
74668 20 66937
74721 10 60986
74821 10 45487
74848 20 86699
74853 20 32432
74857 10 38654
74884 20 41799
74898 10 52154
74907 10 56361
74930 20 36793
74962 20 58539
74982 20 16482
74994 10 16198
75018 10 10034
75052 10 90272
75098 20 91714
75114 20 38378
75130 20 26250
75158 10 50119
75170 20 41787
75179 20 6008
75216 10 64859
75261 20 72113
75315 10 75963
75316 20 16978
75351 20 41621
75374 20 19681
75375 10 53425
75377 20 78126
75380 10 89330
75396 20 72063
75416 10 18582
75424 10 31202
75433 10 17716
75438 10 80406
75459 20 39888
75470 20 74719
75554 10 29203
75609 20 6212
75676 10 28968
75682 10 26336
75750 10 36251
75750 20 4103
75790 10 94714
75855 20 59199
75856 20 36870
75908 20 84097
75933 10 10066
75992 10 45590
76073 10 36729
76091 20 31651
76125 10 24957
76134 20 51807
76152 10 18540
76217 20 64417
76234 10 82700
76239 10 21223
76277 10 85094
76316 10 77059
76330 20 57626
76373 10 97448
76380 20 68906
76398 10 61240
76413 10 83734
76427 10 59452
76438 20 8844
76492 10 30212
76679 20 30413
76687 10 44293
76751 10 61350
76846 10 6639
76948 20 88640
76986 10 91914
77020 10 66746
77027 10 38358
77050 20 92793
77053 10 37277
77275 10 56025
77287 10 5848
77365 10 32348
77474 20 5457
77492 20 2962
77501 10 34398
77542 20 92127
77566 20 83507
77570 20 62525
77591 10 40918
77597 10 14242
77635 10 99274
77640 20 39288
77666 20 76956
77668 10 25712
77674 20 73794
77757 10 12542
77760 10 17128
77780 10 7168
77783 10 10398
77799 20 258
77821 20 97480
77858 10 69247
77877 10 99531
77899 10 75473
77908 20 39663
77954 20 37007
77994 20 96438
78016 20 10066
78086 20 3956
78106 20 39937
78124 20 35572
78190 10 74281
78205 20 98519
78482 10 50335
78543 20 67222
78570 10 22505
78589 20 80380
78636 20 60855
78704 10 94305
78768 10 94410
78799 10 40427
78843 20 65704
78878 10 14569
78920 10 22804
78947 20 50251
79035 10 89256
79070 10 56092
79088 10 2611
79119 10 49171
79161 10 66042
79167 20 43746
79180 10 17818
79223 10 75740
79274 10 12723
79275 20 85560
79288 20 76836
79289 20 38973
79293 20 11481
79330 20 20315
79348 10 86880
79373 10 92236
79430 20 9593
79442 20 50439
79461 10 17794
79502 10 9185
79550 20 15345
79565 10 3874
79567 20 69952
79691 10 62626
79753 10 10368
79761 10 56719
79830 10 41878
79844 10 99472
79907 10 58106
79908 10 12082
79925 10 77237
79925 20 92121
79932 10 84417
79979 20 13143
79982 20 7462
80015 20 69771
80025 10 7464
80063 10 25054
80066 20 23113
80115 10 98435
80117 10 55594
80117 20 55186
80126 10 62445
80142 20 49958
80149 10 55988
80172 10 27438
80192 20 49672
80215 20 81899
80255 20 42252
80266 10 48719
80317 20 94264
80359 10 25789
80369 20 87118
80406 10 9024
80420 10 43877
80448 10 12322
80494 20 50306
80526 10 74635
80557 20 56635
80559 20 80013
80629 20 42895
80672 20 19941
80675 10 72507
80704 20 61086
80705 20 23012
80715 10 78530
80725 20 94263
80753 10 3119
80803 20 39394
80805 20 7131
80835 20 24110
80838 10 27902
80875 10 28951
80950 10 62549
80956 10 87898
80973 20 77446
80975 20 3066
81061 10 50792
81107 20 33357
81114 10 56404
81117 20 94486
81122 20 24566
81136 20 12887
81160 10 29720
81189 20 10612
81190 20 16792
81194 10 59718
81194 20 55941
81246 20 50614
81247 20 94275
81281 10 83960
81291 10 30823
81300 10 93655
81308 20 35521
81359 20 58454
81398 20 89533
81431 10 6575
81464 10 82573
81487 10 24404
81502 20 5867
81554 10 18884
81568 20 99484
81600 10 32052
81616 10 38364
81626 10 86888
81741 20 34143
81772 10 18740
81782 10 33847
81812 10 77365
81838 20 79063
81864 20 91534
81865 20 92693
81872 20 69728
81906 10 25078
81932 20 37850
81935 10 30580
81938 20 22717
81997 20 34293
82026 20 33485
82048 20 615
82052 20 67109
82130 10 20887
82164 20 3635
82204 10 72100
82219 10 51012
82302 10 30158
82336 10 64139
82359 10 61496
82405 20 64186
82416 20 47328
82455 20 83762
82476 20 6310
82519 20 69665
82532 20 31345
82549 20 74431
82555 20 88940
82577 20 95066
82626 20 47283
82647 20 92095
82673 10 5931
82735 20 47365
82750 10 42358
82823 20 37507
82841 10 70848
82844 10 26555
82873 10 33423
82878 10 73593
82961 10 90437
83008 20 70541
83049 20 4695
83077 20 3957
83098 10 17595
83126 10 29144
83138 20 44488
83179 10 99540
83186 20 75617
83190 10 40657
83237 20 68238
83239 20 62385
83292 10 79377
83332 10 78540
83343 20 20503
83363 20 44118
83369 20 29834
83397 20 59549
83404 10 31970
83414 10 71964
83446 10 1159
83533 20 22640
83540 10 96724
83542 20 23674
83563 10 3642
83587 10 50117
83587 20 39928
83596 20 62566
83609 20 83675
83622 10 2200
83707 20 7826
83723 20 6048
83775 10 68389
83875 10 36790
84004 10 93878
84041 10 85035
84138 10 38876
84155 10 27887
84188 10 73931
84235 20 18702
84237 10 14254
84340 20 42298
84380 10 9619
84404 10 33307
84439 10 65904
84449 10 73033
84525 20 27744
84583 10 58986
84595 10 28181
84674 20 37268
84709 10 10360
84732 10 24959
84737 10 80733
84743 10 18652
84803 20 41456
84812 20 47699
84882 10 49752
84887 20 57101
84902 10 37146
84909 20 78452
84927 10 49191
84930 10 23610
84976 10 10502
85019 20 17027
85025 10 88270
85033 10 73717
85035 10 72730
85052 10 7858
85063 20 45300
85103 10 6454
85127 20 61066
85165 20 23965
85236 10 30557
85252 20 89002
85290 10 12580
85356 20 15925
85438 20 33833
85448 10 59232
85459 10 62123
85461 10 69690
85470 20 21556
85500 10 63081
85529 20 50121
85532 20 99962
85568 20 50123
85681 20 30266
85685 10 4951
85692 20 17806
85775 10 11520
85822 20 93954
85944 20 89835
85954 20 91406
86005 20 2116
86041 20 33386
86164 20 18928
86176 20 83584
86191 10 73733
86295 10 79695
86310 20 60575
86317 10 99918
86344 20 62337
86385 20 43410
86417 10 31363
86477 20 39242
86502 20 13312
86609 20 96369
86720 10 41188
86761 10 59681
86789 10 7003
86826 20 14359
86934 10 72292
87015 20 40114
87019 20 4507
87031 10 5684
87051 20 55727
87105 10 29232
87109 10 35842
87183 10 57640
87206 10 29502
87218 10 46418
87255 20 70256
87276 10 18836
87304 10 52433
87355 20 73945
87387 10 372
87425 10 94168
87432 10 30069
87458 10 46420
87534 10 53130
87538 20 21726
87540 20 22812
87557 10 55413
87644 10 14102
87678 10 41633
87740 20 21247
87766 10 58222
87783 20 50824
87784 20 40947
87875 10 97949
87879 20 87682
87908 20 94000
87913 20 5602
87918 10 55934
87948 10 26158
87962 10 63764
87969 20 75600
88005 10 36148
88073 10 44097
88086 20 58108
88242 10 73274
88262 20 44099
88289 20 5406
88315 20 69081
88442 20 28250
88457 10 59879
88523 10 89553
88532 10 44501
88532 20 81509
88562 10 78297
88654 10 65780
88681 20 38611
88710 20 51282
88808 10 62063
88810 20 4884
88825 20 84983
88850 10 60063
88882 10 81664
88903 10 76122
88959 20 32534
88990 10 84086
88997 20 66020
89034 20 48474
89140 10 94405
89220 20 14941
89266 20 21084
89320 10 57378
89324 20 97797
89372 10 75815
89434 20 47676
89447 20 41087
89449 10 72098
89494 10 16913
89511 10 806
89561 20 9778
89562 20 97731
89585 10 73627
89604 10 27010
89625 20 19986
89645 10 2382
89662 10 62867
89677 20 62330
89747 20 47590
89774 20 93397
89780 10 17261
89806 20 78004
89809 10 79790
89819 10 70947
89819 20 51494
89838 20 35226
89848 10 19835
89875 10 22246
89886 20 72034
89971 10 14650
90005 10 67696
90018 10 14360
90049 10 35999
90085 20 20834
90089 10 41297
90092 10 51489
90095 20 54505
90096 10 78746
90102 20 35265
90163 20 28610
90183 10 63545
90185 20 14583
90191 20 72355
90303 10 12853
90318 20 30573
90340 10 56574
90345 10 65972
90412 10 67758
90505 10 14010
90509 20 56115
90630 10 96036
90682 10 37805
90694 10 69243
90712 10 7348
90756 20 65988
90780 20 77662
90816 10 4641
90849 20 57551
90867 20 41584
90882 10 6766
90925 10 85339
90966 10 42582
90987 20 2908
91001 20 80808
91022 10 75109
91038 10 18935
91065 10 22457
91099 10 1031
91119 20 248
91143 10 17814
91193 20 46856
91204 20 53940
91225 20 21560
91260 10 79494
91341 10 19252
91421 20 20853
91441 10 95545
91474 20 30911
91483 20 75143
91500 10 34321
91516 10 86801
91543 20 57802
91584 20 31790
91625 20 75290
91667 10 85175
91677 20 64050
91827 10 47386
91882 20 18551
92004 10 86924
92022 10 10163
92099 10 1441
92268 20 26576
92319 20 14643
92344 10 46825
92349 10 33895
92351 20 91887
92387 20 23373
92468 10 70636
92470 20 50557
92471 20 25541
92525 10 88534
92564 20 32002
92651 10 35187
92789 20 32196
92801 20 1032
92806 20 26523
92829 20 87965
92837 10 16820
92864 20 17905
92883 20 84759
92999 10 96610
93024 10 74272
93107 10 58160
93145 10 89911
93172 20 89171
93212 20 56369
93341 20 42344
93359 20 23373
93397 20 18328
93432 10 14893
93433 10 28008
93564 20 61477
93649 20 52390
93670 10 15593
93806 20 53097
93818 10 70595
93821 10 13597
93837 20 74222
93845 10 75028
93860 10 49571
93865 20 85663
93907 20 22814
93909 20 36841
93922 20 1553
93957 10 11515
94066 10 67765
94141 10 58164
94157 20 45641
94168 10 77610
94197 10 66223
94207 10 95103
94235 10 25189
94243 10 90111
94355 20 51331
94389 10 54069
94530 20 19374
94671 10 99717
94677 10 65171
94810 20 85112
94842 20 88128
94894 20 98468
94923 10 22603
94955 20 50437
94972 10 30284
95018 20 53968
95051 20 99204
95072 20 11823
95105 20 45985
95139 20 83209
95156 10 97987
95239 10 40244
95275 10 13296
95335 20 79247
95365 20 27304
95395 20 20262
95400 20 53178
95414 20 90098
95420 20 57108
95526 20 1707
95535 10 73279
95553 10 94869
95569 10 21393
95662 20 32542
95742 20 58389
95756 10 61232
95776 10 88165
95783 10 51297
95785 20 44001
95812 20 69773
95834 10 72827
95860 20 20279
95932 10 88997
95984 20 114
96024 10 56234
96067 10 64623
96069 20 99307
96075 20 59226
96122 20 42001
96131 10 24103
96175 10 76918
96186 20 27729
96195 20 47548
96266 20 35241
96344 10 87387
96353 10 66063
96402 20 50356
96403 10 32144
96407 20 97702
96435 10 22509
96455 10 19902
96464 20 8612
96502 10 52752
96524 20 69992
96593 20 80218
96613 10 47772
96720 10 6275
96722 20 46166
96740 10 64003
96921 10 88200
96921 20 52091
96923 20 36511
96958 20 39918
96965 10 80238
97046 10 99005
97082 20 12675
97124 20 96005
97185 10 29076
97234 20 70367
97239 20 50896
97252 10 37459
97280 20 66823
97293 20 33825
97298 10 12960
97339 20 92241
97343 10 39214
97349 20 45739
97355 10 79888
97379 20 85506
97458 20 637
97519 10 3284
97521 10 6766
97529 20 58480
97557 20 39363
97568 10 25072
97725 20 76551
97813 20 20890
97814 10 10618
97823 10 18701
97829 20 45498
97834 20 22789
97880 10 53851
97933 20 78847
97967 10 45168
97983 20 94689
97993 20 89883
98076 10 75770
98128 10 57512
98132 10 70817
98136 10 20540
98281 10 15956
98319 10 44187
98326 20 66193
98368 20 80240
98372 20 95237
98395 10 60365
98415 10 44469
98419 20 10748
98420 10 87646
98444 10 6911
98478 20 47275
98542 20 7008
98565 10 83833
98610 20 83479
98612 20 7092
98639 20 18949
98659 20 31008
98675 10 39439
98708 10 71484
98739 10 56600
98797 10 2441
98821 10 26572
98967 20 98136
98981 20 20350
98989 20 93928
98990 10 8672
99021 20 58795
99039 20 49801
99060 10 93070
99094 10 69626
99105 20 30960
99113 20 7635
99151 10 20599
99153 20 52596
99278 20 2502
99280 20 13404
99307 20 31064
99312 20 29364
99369 20 71628
99381 20 7376
99489 20 70137
99504 10 85738
99513 10 86534
99558 10 94011
99570 20 88861
99604 20 92189
99619 10 28275
99662 10 8278
99668 20 62129
99737 10 35566
99777 20 59158
99820 10 86451
99943 10 98630
99968 20 89631
99985 10 56043
