3000 10000 69162 83678
65 5 66708
79 10 34689
103 5 64400
135 10 51207
176 10 81000
186 5 73010
247 10 77776
257 5 20367
357 10 23024
382 10 17425
410 10 88789
452 5 47829
481 5 71944
482 5 82244
498 5 85133
502 5 16463
512 10 36380
542 5 24859
588 5 71243
712 10 38060
730 10 1109
737 5 1855
741 10 8034
826 10 60088
879 5 20863
916 5 49658
922 5 44700
947 10 83782
954 5 17285
956 10 64045
1005 5 93152
1005 10 37126
1124 5 11599
1146 10 32166
1199 10 5780
1200 5 24712
1202 5 49525
1255 10 92416
1271 10 43983
1280 10 14360
1286 5 39670
1305 10 73809
1349 5 66576
1353 5 62242
1364 10 65666
1422 5 33899
1468 5 53764
1492 5 5857
1515 5 90356
1542 10 87340
1559 10 94621
1583 5 9359
1591 5 17844
1598 5 85286
1646 5 46500
1669 5 53084
1679 10 77211
1747 5 95636
1821 5 20508
1832 5 91628
1853 10 53780
1983 10 25558
2001 5 42501
2025 10 2521
2036 10 88440
2131 5 47628
2181 5 60317
2225 10 27769
2253 10 62641
2259 10 81204
2273 5 52058
2284 5 53527
2338 5 62606
2342 5 27576
2365 10 36380
2385 5 7244
2428 5 76608
2512 10 8467
2549 10 47351
2648 10 98208
2660 5 32506
2717 10 34931
2718 10 45513
2723 10 54425
2763 10 36678
2813 10 67757
2874 10 66591
2947 10 60883
2975 5 75971
2975 10 16341
3009 10 82780
3029 5 74425
3062 10 79468
3092 5 80669
3097 10 29348
3099 10 43853
3123 10 65151
3136 10 21794
3172 10 19815
3211 10 21808
3231 5 20871
3253 10 58211
3294 5 82476
3331 10 19876
3341 10 72959
3355 5 50092
3406 10 60457
3497 10 36731
3593 10 46322
3665 10 30950
3671 5 86344
3686 5 95333
3704 5 25508
3731 5 58324
3755 10 24152
3766 10 16499
3769 5 42694
3787 10 14610
3939 10 22404
3982 5 1784
4010 10 47529
4013 10 35577
4115 5 98423
4180 5 66592
4225 10 87569
4324 10 11993
4432 10 78936
4462 10 88904
4485 10 82058
4487 10 30335
4490 5 51420
4490 10 48780
4608 5 16941
4772 5 18434
4823 5 79994
4829 10 5554
4841 5 34393
4890 5 69188
4940 10 41453
4979 10 41874
4999 10 21630
5004 10 4141
5062 5 75511
5139 10 52087
5162 10 5935
5180 5 27763
5204 5 41884
5248 5 20924
5292 5 1370
5309 5 20044
5319 10 50277
5335 5 52696
5350 5 42232
5355 5 5944
5405 10 82251
5410 10 94299
5416 5 3644
5429 10 14534
5454 10 21942
5593 10 47091
5611 5 95132
5634 5 57180
5736 5 32248
5739 5 83637
5811 5 12477
5873 10 1045
5903 5 29736
5912 5 26860
5953 5 842
5976 5 34326
6007 10 83054
6013 10 50453
6023 10 51635
6048 5 48186
6156 10 96789
6172 10 84149
6189 10 60704
6211 5 55932
6213 5 6408
6218 5 42158
6335 5 89999
6346 5 76381
6401 10 16625
6462 10 58075
6516 10 57597
6524 10 23618
6527 5 23789
6584 5 34322
6613 10 38866
6626 10 96548
6683 10 94909
6706 10 74114
6810 5 44322
6826 5 38050
6844 5 65820
6913 10 55300
6929 5 66056
6936 5 10174
6937 10 67046
6958 10 29973
6961 5 97236
6986 10 1149
7079 5 44178
7129 5 71841
7138 10 39040
7165 10 50779
7179 5 34627
7205 5 18464
7210 10 38902
7218 5 78193
7232 5 47984
7236 5 30707
7254 10 3422
7271 10 35325
7354 5 36197
7358 10 97288
7382 10 50246
7393 10 44262
7417 10 44140
7449 5 85580
7514 5 99793
7549 10 7872
7571 10 70439
7608 10 13527
7648 10 85409
7650 10 64760
7687 5 98041
7697 10 51018
7741 10 50013
7765 10 11084
7829 5 30172
7838 10 35129
7900 5 91602
7981 5 40109
8003 5 46222
8015 10 88611
8053 10 61190
8057 5 50409
8089 10 21013
8113 10 48184
8130 10 70063
8143 10 88263
8181 5 91756
8264 5 8924
8265 5 59673
8294 10 55818
8296 10 52831
8332 5 81386
8334 10 14012
8345 5 17215
8346 5 26813
8356 10 73207
8389 10 99258
8459 5 27190
8549 5 3081
8577 5 91255
8633 5 80131
8637 5 39053
8701 5 93209
8749 10 1954
8784 10 97087
8802 10 16284
8849 5 55675
8885 10 52462
8896 10 95697
8911 10 1427
8961 10 63796
8981 10 23911
8990 5 38582
9012 10 69803
9069 10 37467
9145 5 36919
9163 5 42404
9255 10 92775
9287 10 80716
9296 5 730
9376 10 96517
9421 5 34500
9462 10 57834
9476 5 83659
9491 5 18258
9498 5 16882
9529 5 29296
9540 5 69580
9570 5 1377
9572 10 15542
9580 10 29874
9595 10 61786
9600 5 65607
9655 5 50191
9673 10 8366
9701 10 37234
9756 10 83498
9760 10 70963
9766 10 37219
9801 5 26713
9805 5 97571
9837 5 14990
9841 5 13670
9868 5 33985
9898 10 9670
9899 5 1240
9923 5 90801
9966 10 2764
10009 10 84469
10023 5 70375
10036 10 68031
10049 10 14534
10143 5 28020
10154 5 54053
10188 10 25633
10218 10 42300
10235 10 14998
10236 5 78513
10251 10 66437
10280 5 31312
10345 5 71736
10346 10 53249
10406 5 80676
10461 10 19679
10495 10 65171
10572 10 16449
10581 5 77472
10581 10 24855
10673 5 22774
10674 5 27347
10695 10 14707
10698 5 92595
10753 10 40901
10791 10 16338
10846 5 57420
10908 5 18168
10983 10 39138
10991 5 72084
11011 5 32755
11033 5 96822
11034 10 68045
11061 5 84127
11085 5 85217
11106 5 75810
11179 10 74587
11200 10 57302
11248 10 90194
11308 5 16821
11356 5 9573
11398 10 79536
11475 10 23862
11507 10 83825
11548 10 88508
11559 10 78680
11594 5 24755
11599 5 9773
11671 10 16174
11703 10 7185
11716 5 75463
11804 10 43439
11810 10 99361
11848 5 81013
11870 10 71831
11893 10 31640
11910 5 90274
11916 5 38272
11921 10 71669
11959 5 59804
11979 5 66439
12026 10 66894
12054 5 94752
12103 5 64206
12125 10 68747
12135 5 72495
12164 5 6099
12186 5 9132
12195 5 22541
12199 10 69573
12210 5 34646
12247 10 81303
12260 10 43815
12299 5 63567
12329 10 69486
12437 5 72453
12439 5 67369
12472 5 8221
12488 10 13547
12621 5 40125
12646 10 10937
12723 10 27423
12791 5 54640
12800 5 3079
12822 10 62696
12897 10 4603
12903 5 92917
12954 10 96113
12961 5 43135
12975 5 46807
13018 10 59150
13073 5 54205
13115 10 76846
13143 10 84988
13188 5 55993
13240 10 61184
13277 5 99446
13278 5 93886
13358 5 43689
13381 10 16949
13423 10 72448
13450 5 74735
13467 5 26978
13547 10 80876
13567 5 11874
13599 5 12409
13610 10 4371
13634 5 8018
13656 5 26183
13670 10 77959
13693 5 66675
13708 5 35605
13741 10 89976
13768 10 79147
13802 10 72141
13806 5 30443
13839 10 25986
13858 5 91674
13860 5 55989
13941 5 73592
13945 5 16290
14013 10 15927
14028 10 57783
14052 5 74904
14147 5 883
14222 5 31797
14258 5 98571
14342 5 77926
14343 5 49402
14353 10 83689
14355 10 29087
14379 10 25781
14403 10 23434
14439 5 22633
14528 10 40481
14599 10 31613
14626 10 51194
14655 5 71991
14693 5 71293
14694 10 48281
14721 10 54485
14749 5 82104
14758 5 43532
14779 10 28218
14792 5 11077
14838 10 71449
14912 10 2217
14920 5 16544
14949 10 17820
14956 5 81905
15010 5 70703
15045 10 320
15053 5 94359
15081 10 68003
15097 5 17185
15117 10 78790
15119 10 55747
15127 10 33484
15136 10 96158
15188 10 23086
15290 5 42733
15294 5 71480
15404 10 40628
15457 5 88213
15501 10 35189
15510 10 31927
15573 10 12476
15640 10 25601
15712 10 96894
15767 10 1316
15833 10 45238
15882 10 46474
15886 10 96977
15915 5 1516
15990 10 33471
16001 5 14557
16011 10 23981
16016 10 57800
16072 5 4891
16172 5 78236
16227 10 22217
16232 10 31489
16235 10 85089
16240 5 73734
16256 10 42405
16285 5 37589
16427 10 59967
16438 10 57132
16484 10 47550
16503 5 29185
16515 10 89442
16542 5 20762
16597 10 8398
16599 5 87192
16660 5 3245
16672 10 13276
16681 10 65359
16787 10 72359
16808 5 22297
16814 5 24251
16861 10 54491
16866 5 1861
16876 5 64829
16888 5 73769
16963 10 48258
17027 5 79070
17040 5 11314
17066 10 97398
17119 5 87386
17184 5 95222
17209 5 83302
17238 5 59201
17265 5 69281
17291 5 22589
17311 10 83036
17332 10 81305
17412 10 58796
17439 5 41423
17477 10 13782
17581 5 94126
17614 10 87732
17753 5 45446
17778 5 68905
17831 10 16077
17833 5 1066
17833 10 32130
17841 10 22872
17881 5 11174
17901 5 95104
17931 5 17320
17994 10 10660
18001 5 75344
18015 10 77147
18026 10 50425
18050 5 24844
18071 5 8641
18122 10 61003
18146 5 26039
18158 5 2155
18224 5 78432
18329 5 59043
18461 5 1690
18473 10 49080
18474 10 8215
18641 5 68419
18666 10 88444
18677 10 2964
18723 5 48934
18753 10 44344
18770 10 46952
18835 10 96277
18842 5 32807
18846 5 75762
18938 5 82775
18959 10 51581
18990 10 32075
18993 10 74841
19005 10 7164
19036 10 7336
19061 10 58470
19092 10 1769
19105 5 4758
19120 10 1540
19199 10 3232
19220 5 61509
19228 5 27287
19260 5 87814
19264 5 67619
19285 10 73727
19344 10 10311
19350 10 29827
19367 5 25498
19415 10 5701
19436 10 41006
19442 10 15619
19446 5 65065
19562 5 88764
19585 10 89384
19643 5 96933
19667 5 20373
19703 5 1392
19710 5 47341
19728 5 51176
19759 10 17724
19821 10 12367
19823 10 44069
19838 5 53897
19845 5 80068
19886 5 15272
19891 5 95010
19929 5 43799
19963 10 79979
19964 5 65419
20007 10 84029
20060 5 70665
20089 10 88335
20175 10 74136
20181 10 18447
20224 10 36855
20225 10 85067
20251 10 9801
20343 5 34034
20351 10 36180
20424 5 13695
20519 5 94859
20528 10 21743
20532 5 12971
20557 5 9169
20629 10 54978
20653 5 88106
20732 10 47977
20743 10 82694
20787 5 8379
20837 10 82290
20882 5 17761
20886 10 40528
20908 5 17257
20920 10 51255
20961 10 49010
20968 5 61992
20974 10 94810
21012 5 2505
21025 5 22638
21143 10 59655
21172 5 91336
21214 10 38878
21224 5 12999
21239 5 68311
21262 10 40788
21407 10 95944
21414 10 90464
21445 5 81869
21479 10 98177
21503 5 97740
21517 10 38459
21562 10 45362
21586 5 11742
21615 10 95470
21633 10 79812
21690 5 39330
21715 10 38537
21750 5 2047
21752 10 46852
21790 5 6110
21814 5 16406
21845 10 98813
21871 10 26450
21874 10 59899
21889 10 94111
21976 10 50978
21988 10 26655
21997 5 58182
22053 5 28408
22061 5 69878
22070 5 97332
22071 10 49747
22166 10 22577
22238 10 11098
22293 5 77362
22371 10 28374
22399 5 49343
22422 5 71016
22427 5 83495
22437 5 77214
22542 10 16390
22576 10 11362
22645 5 88534
22662 10 52124
22700 10 98319
22727 10 47127
22737 10 76693
22757 10 64019
22769 10 45244
22771 5 31946
22778 5 15431
22812 10 29764
22829 5 38913
22853 10 22281
22921 5 44031
22949 5 64238
22969 5 35216
22979 10 93462
22996 10 5002
23018 5 73815
23029 10 75480
23069 5 87924
23071 10 64440
23073 5 16172
23103 10 84069
23192 5 520
23287 10 41808
23302 5 9673
23319 5 10446
23325 5 4978
23328 10 80700
23331 10 99623
23336 10 97905
23375 5 39287
23402 5 16888
23424 5 51219
23462 5 45643
23475 10 72061
23510 10 50789
23526 10 92928
23538 10 15643
23574 5 43695
23579 10 64907
23592 5 9419
23602 10 76080
23618 5 35328
23670 5 22384
23679 5 59207
23713 5 23674
23761 5 31567
23774 5 78225
23780 10 97095
23833 10 54897
23837 5 39973
23882 5 12187
23896 5 10322
23994 10 98481
24012 5 52458
24016 10 57234
24019 10 36171
24021 5 44292
24078 10 38400
24096 10 87464
24184 5 36480
24185 5 52088
24237 10 72483
24266 10 86390
24282 5 21825
24294 10 72307
24404 5 78323
24406 10 85040
24410 10 72800
24433 10 8536
24508 10 18359
24513 5 62252
24558 5 80951
24575 5 37427
24626 10 17780
24678 10 10113
24727 5 41663
24737 10 64911
24780 10 77765
24804 5 67490
24891 10 84286
24926 10 83242
24964 5 918
25022 10 30218
25048 5 21048
25059 10 24604
25109 5 90602
25110 10 54004
25211 5 71596
25273 5 54110
25337 10 1106
25339 5 21005
25381 10 3596
25429 5 81285
25441 10 28245
25484 5 36566
25484 10 69747
25488 10 83321
25534 10 69715
25540 10 94136
25546 10 7385
25562 5 41868
25566 10 39677
25588 5 75962
25602 5 92101
25618 5 99915
25650 10 94974
25659 5 12778
25712 5 47399
25782 5 79142
25853 10 49986
25877 10 77310
25912 10 2787
26014 5 17493
26022 5 565
26123 5 67698
26123 10 36856
26146 10 93704
26154 10 26351
26162 5 69644
26176 10 87370
26188 5 16036
26216 5 51591
26228 5 91021
26302 5 56027
26315 5 60197
26318 5 81772
26364 10 37318
26370 10 88523
26374 10 33236
26384 5 52993
26391 5 22510
26413 5 11373
26492 10 40499
26513 10 30830
26580 10 49189
26645 10 92159
26660 10 2828
26676 5 5335
26706 5 97045
26722 10 7577
26728 5 47256
26781 10 25551
26808 10 95295
26812 10 43824
26950 5 31741
27039 5 84915
27055 5 66389
27076 10 35104
27096 5 27541
27126 5 15981
27139 5 5751
27169 5 65436
27184 10 5097
27336 10 5689
27353 10 77997
27387 5 60795
27419 5 18422
27427 10 96686
27470 5 15933
27486 5 78550
27548 10 70289
27553 10 56428
27605 10 34059
27619 10 45929
27639 5 97788
27760 10 84053
27773 10 52848
27885 5 85518
27933 10 62431
27954 10 61459
27965 10 75765
28002 5 39066
28105 10 65654
28147 5 16936
28247 5 11521
28258 10 40866
28357 5 90657
28362 5 33647
28511 5 58266
28517 5 68968
28521 10 4003
28527 5 67947
28536 10 30670
28565 5 8899
28574 5 59611
28581 5 33518
28664 10 9728
28736 10 38409
28740 10 59966
28767 5 20057
28774 5 69025
28777 5 15041
28827 10 24791
28840 5 92865
28915 5 15803
28946 10 7653
28951 5 18424
28953 10 5655
29016 10 22394
29022 10 54968
29153 5 85594
29183 5 25133
29237 5 57507
29369 5 28662
29399 5 53644
29445 5 91028
29448 10 67398
29481 5 52849
29499 5 72813
29504 10 7643
29521 10 11668
29547 10 2883
29587 10 32450
29590 5 80613
29599 5 98595
29705 5 25007
29805 5 44549
29868 10 3769
29872 5 73615
29884 10 26963
29928 10 83832
29935 5 84912
29948 5 36690
29957 10 71526
30040 5 47615
30084 5 90450
30093 5 50651
30094 10 3474
30142 5 61645
30168 10 33135
30204 10 88770
30241 10 66510
30335 5 73185
30337 10 84307
30359 5 11887
30405 5 32101
30419 10 87288
30442 5 34617
30443 5 3004
30502 10 2532
30542 10 90631
30544 10 22206
30576 10 83459
30601 10 26473
30623 10 84872
30635 10 81718
30638 5 5449
30657 5 99660
30669 5 89185
30697 10 62845
30851 5 66722
30854 10 8398
30875 10 80377
30941 10 63636
30975 5 53798
31022 10 24161
31051 10 85955
31062 5 44413
31092 10 96816
31095 5 17144
31119 10 2399
31126 10 28227
31200 10 12453
31201 10 82211
31208 10 35112
31211 5 66407
31250 10 54449
31259 5 70609
31298 10 37858
31324 10 53870
31335 10 1986
31373 10 4899
31410 5 20966
31499 10 25006
31531 10 38383
31589 5 86780
31621 5 64660
31668 5 26108
31828 10 30670
31831 5 65270
31858 5 94895
31900 10 43860
31923 10 48009
31976 5 32768
32008 5 85206
32048 5 56805
32054 5 5189
32062 5 69610
32097 10 35318
32110 10 7455
32182 10 52293
32184 10 83208
32303 10 19922
32308 5 17055
32314 5 50652
32323 5 40223
32337 5 54134
32337 10 56091
32352 10 45172
32434 5 24934
32471 10 81860
32533 5 19080
32551 10 53988
32588 10 46952
32599 10 35771
32639 5 30324
32642 5 51974
32648 5 70984
32659 10 62860
32660 5 70355
32730 10 9894
32782 10 58518
32835 10 70458
32888 10 1976
32933 5 71438
32941 5 63628
32986 10 82528
33050 5 83379
33124 10 59668
33177 10 46921
33203 10 94140
33212 5 96242
33222 10 59301
33260 5 48251
33273 10 44640
33302 10 71416
33320 5 25517
33424 5 20869
33455 5 18612
33495 5 81355
33534 5 65520
33595 5 7777
33618 10 74438
33630 10 17948
33753 5 37301
33803 10 41250
33841 10 73061
33870 10 6947
33885 5 14539
33899 10 11567
33901 10 62602
33940 5 96345
33944 5 7587
34037 10 46653
34093 10 81186
34100 10 20054
34110 10 62725
34162 10 89657
34195 5 77255
34257 10 67820
34264 5 81651
34283 5 40894
34283 10 42923
34334 10 76468
34441 10 43320
34448 10 1539
34449 10 70601
34458 10 35432
34517 5 56050
34548 10 61326
34559 10 26631
34565 10 72632
34590 5 1701
34629 5 96886
34655 5 17143
34669 5 79547
34682 5 6579
34683 5 91618
34718 10 50981
34743 10 79639
34745 5 53033
34934 10 65371
34945 10 267
34981 10 94800
35000 10 95084
35015 10 18693
35181 10 27523
35188 10 98482
35274 5 50177
35296 5 74664
35308 10 32082
35312 5 61728
35372 5 92575
35415 5 72880
35430 10 14244
35438 5 83845
35452 5 81716
35460 5 34343
35474 5 12555
35478 5 52420
35499 5 1085
35499 10 47452
35596 5 4175
35621 5 79209
35624 5 22125
35627 10 27329
35662 10 5289
35721 10 58887
35740 10 73978
35752 5 2989
35752 10 82779
35757 5 30339
35766 10 50814
35791 10 23622
35822 10 76737
35880 5 55658
35953 10 33156
35966 10 76709
35971 5 61807
35972 5 49153
35992 10 79253
36005 5 11814
36043 10 95794
36054 5 88700
36060 5 85796
36123 5 82305
36157 5 31836
36179 5 16239
36184 5 15123
36208 10 34208
36236 10 36600
36239 5 62956
36241 10 19358
36253 5 75574
36285 5 86295
36298 10 68787
36360 5 13476
36364 5 66454
36409 5 91081
36525 10 5602
36580 10 42578
36587 5 18726
36615 5 84063
36628 10 49425
36663 5 28326
36676 5 45507
36712 5 39425
36751 5 45338
36755 5 28323
36790 10 14461
36820 5 3876
36853 5 5668
36873 5 20060
36908 10 85344
36918 10 98030
36939 10 8941
36946 5 39121
36952 5 23421
36955 10 19078
37015 5 68147
37078 5 30325
37087 10 22575
37186 5 70071
37191 10 96172
37207 5 61417
37210 10 67226
37308 5 27787
37404 5 74965
37611 5 49286
37663 10 60536
37675 5 71221
37733 5 80272
37745 5 23221
37826 5 31886
37837 5 10241
37856 5 75510
37889 10 35539
37900 10 40031
37947 5 63754
37960 10 74636
37984 5 76923
38019 5 7243
38064 10 60006
38071 10 24232
38153 10 31943
38192 5 67740
38242 5 49290
38255 5 91556
38259 10 25578
38294 10 33747
38322 10 5077
38403 10 846
38413 5 59622
38424 10 18817
38451 5 32963
38452 5 47134
38527 10 43050
38631 5 3197
38655 10 14315
38662 5 93975
38667 10 25458
38718 5 92439
38751 10 2093
38761 10 46226
38840 5 98816
38853 10 27990
38856 5 42623
38861 5 42320
38922 10 68538
38973 5 83951
39107 5 19962
39144 10 85966
39217 5 65653
39220 5 66460
39263 5 1720
39292 5 83802
39323 5 94817
39377 10 90046
39409 10 19376
39430 10 49646
39446 10 12725
39486 10 73715
39530 5 53786
39559 5 7560
39584 5 30589
39586 10 99499
39744 10 68722
39756 10 43532
39758 5 71134
39774 10 97521
39784 10 1605
39792 5 37589
39822 10 56693
39846 5 70401
39874 10 64573
39929 5 42045
39936 5 20423
39972 10 76256
39987 5 61731
39990 10 33853
40009 5 61897
40020 10 66644
40033 10 77676
40047 5 8754
40090 10 99975
40158 5 74697
40250 10 54641
40268 10 46222
40308 10 24970
40332 10 37873
40440 5 62742
40488 10 23026
40489 10 62719
40491 10 91889
40505 10 28513
40519 10 64705
40533 10 56353
40542 10 22709
40605 5 98839
40694 10 86283
40769 5 27847
40818 10 9945
40858 10 29075
40878 10 20188
40981 10 73618
40984 5 11747
41017 10 99319
41036 10 88236
41071 5 65028
41142 10 34865
41238 10 695
41301 5 41431
41329 5 98933
41330 10 42353
41445 5 49136
41458 5 63287
41498 5 24550
41501 5 88499
41653 5 64420
41675 10 66892
41694 10 74921
41696 5 4567
41940 5 38878
41956 10 86083
41973 5 21266
42006 10 84660
42024 5 21179
42026 5 28190
42053 10 19732
42063 10 23654
42163 10 47688
42176 10 95219
42209 10 51470
42226 10 35386
42241 5 38288
42246 5 36837
42442 10 41798
42463 10 13093
42484 5 85282
42500 10 28936
42552 5 79235
42553 5 79290
42574 5 46633
42583 10 72430
42588 5 56116
42635 5 64715
42657 10 89065
42699 10 35342
42821 5 87952
42823 10 78835
42828 5 5819
42838 10 56638
42857 5 70827
42929 10 71194
42981 10 93817
42987 10 71974
42995 5 87534
43027 5 25560
43037 5 57296
43078 5 77647
43103 5 8963
43113 5 78715
43115 5 40756
43149 5 15079
43172 10 23646
43173 10 87512
43174 5 81569
43219 10 58664
43235 5 99911
43276 10 74902
43290 5 54883
43305 5 10336
43324 10 64456
43369 5 79654
43373 5 43977
43551 5 62869
43564 10 37469
43577 10 27462
43580 5 73104
43592 10 48068
43594 5 26050
43613 10 79025
43706 10 29286
43735 10 96181
43844 10 37149
43991 5 31117
43998 5 47136
44111 10 29319
44118 5 70692
44126 5 73351
44163 5 79129
44184 10 48739
44185 10 41298
44188 10 28612
44206 10 90182
44228 5 56089
44281 5 16297
44284 5 5795
44285 5 18942
44381 5 27400
44422 5 55248
44438 5 83051
44500 5 13559
44509 5 15537
44591 10 37457
44633 5 60937
44724 10 99670
44748 10 85907
44771 10 97171
44790 5 20014
44881 5 49135
44928 5 99843
44951 10 15017
44967 10 14554
45085 10 90852
45118 10 82004
45127 10 13362
45128 5 14663
45136 10 57752
45147 5 58187
45226 5 83844
45268 5 14806
45456 5 94398
45471 5 59276
45497 10 49629
45536 10 32026
45538 10 79457
45586 10 16395
45590 10 97997
45592 5 86767
45594 10 95654
45743 10 9496
45759 10 36570
45798 5 57228
45821 5 39681
45883 10 96082
45888 5 80843
45910 5 57766
45954 5 97280
46019 10 17383
46057 10 71810
46150 10 63910
46151 5 12978
46156 5 468
46176 5 30443
46261 10 63863
46296 10 89309
46300 5 80689
46316 5 88794
46399 5 12325
46412 10 77381
46461 10 37042
46507 5 64985
46524 5 71725
46528 5 6656
46545 5 18404
46616 5 63297
46616 10 70152
46618 10 9558
46667 10 16804
46715 10 77891
46721 10 53396
46767 5 86802
46781 5 4372
46835 5 52263
46838 5 71252
46840 10 39938
46856 10 47881
46859 5 62859
46884 10 9273
46937 10 35870
46943 5 19961
47011 5 45682
47023 10 35500
47168 10 40400
47179 10 91691
47208 10 18094
47243 5 24225
47252 5 11062
47330 10 70744
47349 5 36578
47411 5 35314
47439 5 62611
47499 10 62184
47508 5 67564
47526 10 83138
47588 5 220
47593 10 56898
47595 5 93701
47596 10 56977
47604 5 68024
47612 5 97291
47614 5 21367
47640 5 59964
47745 5 26678
47826 5 59132
47868 10 79372
47976 10 60285
48022 5 36371
48088 5 9817
48151 5 26957
48253 10 44803
48298 10 84792
48337 10 62505
48408 10 86830
48495 5 97076
48499 5 29061
48513 5 29972
48538 5 68945
48566 5 9627
48586 5 35711
48634 10 16024
48684 5 58127
48701 5 85589
48727 5 25442
48755 5 8956
48801 5 5606
48846 5 78876
48858 5 29964
48858 10 29732
49004 10 22231
49007 5 32787
49007 10 55567
49026 10 94820
49052 5 62338
49072 5 4478
49079 10 53829
49124 10 43459
49140 5 19869
49158 5 67249
49252 10 31924
49301 5 71832
49303 10 21775
49308 5 9663
49340 10 54854
49351 5 77709
49354 10 21139
49377 5 10053
49377 10 48417
49402 5 23466
49413 5 52879
49421 5 41984
49435 5 39912
49466 10 8046
49475 10 66430
49495 10 13773
49505 10 72594
49526 5 69539
49531 10 68530
49725 10 65881
49757 10 86799
49763 10 36663
49766 10 96781
49850 10 94218
49906 5 17301
49921 5 4953
49927 5 4002
49933 5 1850
49934 10 58930
49967 10 15454
49996 10 44954
49999 5 21690
50066 5 41846
50091 10 88604
50092 10 25886
50104 5 23182
50116 5 46255
50154 5 95871
50183 10 49665
50293 10 1832
50320 5 59617
50340 5 31195
50346 10 43073
50347 5 47519
50352 10 3367
50357 5 86757
50396 10 20441
50420 5 13531
50454 5 70344
50455 10 11536
50481 10 77507
50517 5 2001
50566 5 23022
50603 5 5515
50617 10 86323
50649 5 10935
50656 10 49069
50660 10 42452
50696 10 79925
50711 5 99272
50746 10 99007
50808 10 94563
50835 10 71797
50838 10 69887
50892 5 42172
50994 10 43336
51030 5 44081
51044 5 98901
51047 5 11930
51060 5 62130
51098 5 12377
51104 5 4800
51159 10 66930
51170 5 37297
51171 5 10802
51223 10 22209
51295 10 49328
51304 10 41790
51326 5 870
51405 5 40026
51429 10 59003
51462 10 58398
51472 5 55796
51499 10 70583
51527 5 14176
51528 5 45187
51534 10 992
51607 5 48548
51626 10 47405
51645 10 21227
51667 10 13148
51674 5 25863
51703 10 9736
51708 5 16133
51728 5 12029
51832 5 81375
51835 10 4268
51871 5 65648
51877 5 79561
51891 5 92995
51963 5 73339
52004 5 17652
52020 5 58078
52028 10 57097
52052 10 42075
52074 10 65210
52084 5 45842
52105 10 25499
52113 5 74372
52114 5 36824
52118 5 86167
52163 10 94153
52218 5 66393
52241 5 74255
52286 10 75125
52301 10 34295
52359 5 31454
52457 5 51776
52483 5 6255
52566 5 24381
52595 10 95342
52633 10 75469
52659 10 76967
52722 5 49052
52724 5 62631
52731 10 14021
52742 10 68370
52769 5 85488
52809 5 63162
52819 5 28213
52862 5 83796
52864 5 62496
52900 10 66152
52931 10 55302
52950 5 25715
52969 10 88707
52990 10 10221
53003 5 83757
53018 10 22794
53020 5 74052
53044 5 70557
53044 10 23925
53091 10 95037
53122 5 47953
53129 10 81788
53169 5 97887
53193 10 10867
53265 10 852
53296 10 42090
53351 5 42091
53383 5 65380
53431 5 58289
53465 5 73857
53501 5 56780
53527 5 25154
53652 10 89804
53686 10 14136
53687 5 29905
53752 5 33700
53936 10 97386
53985 5 32420
54001 10 22640
54021 10 69577
54030 5 53735
54042 5 93310
54044 5 34926
54085 10 99245
54113 10 52505
54214 10 91357
54236 10 64288
54259 5 87147
54281 10 33973
54364 10 37677
54490 10 37758
54598 10 83099
54746 5 76055
54762 10 80261
54767 10 4640
54803 10 74426
54872 5 15609
54886 10 93564
54888 5 38435
54963 10 76183
54993 5 78589
55010 10 17514
55031 5 86366
55033 10 63254
55055 5 85559
55059 10 2252
55093 10 72669
55195 5 52115
55216 5 88039
55245 5 260
55276 10 38513
55306 5 83116
55386 10 99397
55443 10 94595
55486 10 20505
55556 10 30348
55616 5 2263
55620 10 15446
55681 10 92749
55683 10 29652
55711 5 10376
55719 5 7494
55720 5 40440
55731 10 19606
55738 5 58007
55766 5 28446
55779 5 83337
55785 10 9364
55787 5 99408
55803 5 20786
55826 10 55570
55836 5 70015
55844 10 54250
55871 10 75943
55885 5 31401
55888 5 77173
55889 5 66339
55962 5 27632
55962 10 15544
56155 10 71894
56225 5 10299
56240 10 95926
56250 5 6529
56298 5 66520
56389 5 68072
56391 10 75756
56539 10 80985
56623 5 36984
56634 5 82724
56638 10 45465
56657 10 16406
56678 5 492
56680 5 80757
56685 10 45922
56719 5 50158
56754 10 61157
56760 10 6233
56765 10 90932
56786 10 84740
56787 10 66502
56814 5 48578
56853 5 86536
56865 10 38750
56928 10 96330
56930 10 27734
56976 10 46524
56989 10 34620
57020 10 44942
57025 10 76280
57096 5 40668
57114 10 91450
57117 10 53720
57139 5 71549
57163 5 44943
57173 10 17934
57185 5 46275
57214 5 52680
57261 5 4295
57366 5 20438
57497 5 62554
57528 5 36893
57540 5 83457
57543 10 59744
57574 5 89536
57597 5 99664
57617 5 80246
57630 5 40904
57739 5 82868
57758 10 25593
57812 10 99701
57845 5 31947
57855 5 34422
57910 10 39304
57971 10 1281
57983 5 15643
58017 5 51444
58022 10 66630
58052 10 181
58059 10 91183
58066 5 56913
58072 10 30456
58106 10 11881
58157 5 38500
58192 5 24021
58216 5 4479
58216 10 55506
58233 5 9971
58267 5 92550
58276 5 82277
58353 10 96413
58423 5 67678
58433 10 9987
58439 10 73778
58441 5 89118
58487 5 79302
58507 10 74307
58557 10 76324
58570 10 53834
58595 10 38260
58649 10 9888
58652 5 65012
58670 5 46328
58694 5 25199
58699 10 62388
58705 10 48138
58731 5 73671
58793 10 5692
58846 5 95200
58847 5 34049
58886 10 9659
58939 5 50581
58954 5 7032
58957 5 99702
59013 5 48586
59035 5 78512
59091 5 50344
59188 5 15438
59218 5 82713
59233 5 31586
59233 10 8657
59266 10 82076
59273 5 29389
59342 10 63291
59364 10 23039
59487 10 98853
59550 10 79972
59552 10 73933
59590 5 6928
59628 10 14638
59665 10 31953
59682 5 39952
59737 5 26262
59818 5 45885
59854 10 62073
59867 5 76501
59944 5 9851
59959 5 82098
59990 5 77324
60075 5 20070
60100 10 81169
60146 10 2991
60182 5 62816
60351 5 99093
60356 10 56130
60370 5 57340
60410 10 44714
60431 5 76088
60454 10 46815
60461 5 46540
60563 5 63046
60565 10 21117
60571 5 82905
60592 10 56197
60630 10 87328
60655 10 32615
60679 10 18063
60692 5 36354
60730 5 92294
60741 5 70924
60843 5 83241
60879 10 32430
60963 5 12330
60973 10 74643
61044 5 5232
61123 10 25049
61144 10 29030
61202 10 17192
61240 10 23724
61259 5 34750
61263 10 99274
61269 10 35889
61301 10 36571
61308 10 23622
61330 10 31513
61335 10 43867
61351 10 82891
61405 5 45555
61429 10 66468
61431 10 77517
61470 5 12361
61485 10 74199
61520 10 15721
61525 5 39370
61528 10 19015
61565 10 94324
61578 10 94893
61630 5 19545
61635 5 84288
61702 10 4435
61731 10 3843
61758 5 59967
61764 5 6719
61806 10 54530
61839 5 44066
61853 5 644
61878 10 75006
61928 5 63222
61944 10 87505
61963 10 16412
61964 10 86299
61966 5 967
61991 5 95615
62042 10 73114
62066 10 52150
62100 10 11307
62154 5 6934
62171 10 81207
62184 5 77597
62207 10 95098
62231 10 59955
62243 5 63571
62284 10 10407
62305 10 86883
62312 5 18502
62332 5 62919
62339 10 40540
62346 10 16092
62361 5 80357
62411 5 16489
62442 5 93858
62457 10 6644
62557 5 21383
62570 5 31311
62580 10 58273
62608 5 97724
62615 5 52061
62740 10 22219
62859 5 58689
62860 5 59329
62883 10 34263
62906 10 79458
62918 10 24624
62969 5 47098
63007 10 95032
63074 5 96396
63080 10 66194
63103 10 44609
63114 10 20809
63117 10 77373
63150 10 13836
63196 10 22175
63201 5 1052
63223 10 27877
63251 5 18451
63277 10 11452
63289 5 4552
63312 10 53104
63433 5 4907
63459 10 79296
63484 5 87694
63501 5 33149
63516 10 74091
63519 5 61953
63536 5 5137
63551 5 85659
63555 5 27839
63652 10 83091
63670 5 82879
63680 10 6757
63705 10 50061
63716 5 9155
63769 5 58842
63779 5 5303
63798 5 52160
63818 5 70174
63824 10 69706
63877 10 97040
63915 10 9297
63925 10 96829
64025 5 66332
64031 5 57377
64103 10 93944
64107 10 69017
64139 10 63915
64168 5 73462
64193 5 86811
64206 5 19939
64216 10 64479
64218 5 88818
64229 5 75983
64254 5 63891
64329 10 3150
64384 10 43195
64390 5 19062
64392 5 89625
64584 10 29514
64596 5 81951
64696 5 31617
64725 10 27631
64807 10 4758
64834 10 43656
64859 10 85343
64864 5 43245
64865 5 47078
64885 5 62986
64923 5 45738
64983 10 99139
65081 10 60434
65085 5 29701
65093 5 21311
65112 10 6036
65167 10 81505
65194 5 24093
65263 10 83766
65268 10 69493
65275 5 29479
65297 10 54289
65373 10 17822
65395 5 91606
65405 5 25407
65418 5 30882
65434 10 66944
65446 10 62786
65450 10 25806
65476 10 49344
65552 5 43515
65576 5 2546
65589 5 74575
65591 10 87066
65637 10 61150
65662 5 71119
65690 10 45461
65701 10 30240
65761 5 56689
65773 10 67677
65802 10 26620
65803 5 97673
65859 10 38070
65868 10 86747
65886 10 1402
65926 5 44797
65962 5 35683
66025 10 96855
66065 10 44506
66082 10 87075
66119 5 33134
66158 10 36574
66228 10 47464
66247 5 69290
66325 10 50975
66327 10 30468
66345 5 78980
66370 10 53734
66397 5 28333
66451 10 4499
66468 5 41856
66475 10 40330
66491 10 70920
66556 10 86020
66569 5 34608
66580 5 49001
66611 10 82376
66694 5 24793
66705 5 19045
66739 5 9166
66740 10 98641
66765 5 69765
66799 5 82753
66860 5 8037
66864 5 93851
67046 10 54671
67114 5 91704
67128 5 65126
67166 10 9592
67168 5 30591
67231 10 41514
67253 10 59086
67276 5 36719
67289 5 10245
67363 5 80243
67473 5 29063
67480 10 69907
67482 5 67291
67486 10 62195
67518 10 70837
67575 5 34380
67581 5 18534
67609 10 28355
67615 5 95764
67640 10 35264
67723 10 85016
67789 5 99439
67794 10 42732
67822 10 43120
67890 10 15736
67919 5 94305
67921 10 54300
68053 5 7220
68182 10 57944
68199 5 89976
68210 10 22532
68216 5 48093
68267 5 90405
68369 5 56118
68431 10 39719
68440 10 24779
68449 10 8350
68470 10 59306
68540 5 93812
68569 5 11707
68600 10 79163
68616 5 82688
68687 10 31822
68713 5 59370
68745 5 23860
68779 5 58267
68788 5 89903
68804 10 9205
68888 5 59117
68890 10 1462
68904 10 44733
68919 10 76478
68944 10 63119
68983 10 34799
69129 5 22496
69170 10 68474
69202 10 78770
69222 10 1787
69289 10 39697
69326 10 79850
69355 5 50391
69449 10 67581
69494 10 90396
69529 5 42205
69543 10 13021
69553 5 20540
69573 10 70686
69629 10 27813
69636 10 72578
69644 10 92046
69667 5 47054
69681 5 15279
69760 5 57178
69776 10 1411
69786 5 34278
69797 5 79504
69835 10 15708
69836 5 10696
69847 10 18962
69878 10 9619
69912 5 11835
69930 10 889
69966 5 85187
69966 10 99941
69991 5 89248
70019 5 85802
70085 5 1383
70106 10 71882
70210 10 49440
70249 10 69049
70279 5 24914
70307 5 66929
70319 10 67080
70370 5 14684
70435 5 60039
70447 10 73670
70485 10 99966
70601 10 72811
70628 5 16717
70643 5 13601
70646 5 53110
70662 10 10456
70693 10 90207
70706 10 71019
70728 5 84156
70732 5 18914
70767 10 27013
70777 10 84910
70850 10 97150
70884 5 49506
70888 10 89429
70897 10 46527
70922 10 8124
70958 5 30024
71001 5 51032
71008 5 56497
71015 5 23858
71035 5 56821
71059 10 76715
71070 10 52075
71102 5 83356
71137 10 49003
71141 5 41139
71178 10 70524
71207 10 7034
71257 5 24038
71263 10 77120
71340 10 75940
71380 5 40554
71425 5 76559
71497 10 78698
71611 5 7583
71611 10 52725
71614 10 94870
71615 10 94434
71627 5 31368
71691 10 28295
71711 10 36375
71738 10 34488
71759 5 71305
71803 5 900
71821 10 97995
71824 10 2922
71868 5 88902
71902 10 56047
71930 10 65446
71950 5 86596
71985 5 27998
72059 10 4606
72062 5 92475
72106 5 14137
72217 10 6265
72218 5 81174
72227 10 97593
72259 5 35568
72263 5 52053
72263 10 10954
72370 5 98418
72495 5 51156
72503 5 68917
72508 10 18459
72555 5 6151
72588 10 41519
72617 5 71314
72705 5 84888
72729 5 56429
72875 5 41827
72931 10 14061
72966 10 50660
72969 10 54181
72977 10 58535
73060 5 47472
73077 10 27992
73088 5 13083
73118 10 8
73141 10 38693
73152 10 80222
73232 10 86042
73258 5 64718
73347 10 76887
73361 5 27174
73383 10 68773
73394 5 10405
73450 10 32544
73469 5 43900
73559 5 71718
73590 5 99190
73599 10 50587
73654 10 73167
73657 5 40964
73661 5 32818
73695 10 28944
73721 10 68079
73739 5 71108
73758 5 51446
73793 10 22729
73879 10 52262
73889 10 62204
73894 5 67607
73929 10 60582
73934 5 32950
73962 5 3013
73966 5 66471
74016 10 1036
74023 5 18684
74028 5 80676
74070 10 73586
74157 5 99287
74166 5 35945
74182 10 58635
74211 5 91241
74306 10 18539
74360 10 42446
74385 10 69094
74446 5 46530
74521 10 57124
74563 5 63838
74564 5 74335
74581 10 7394
74585 10 23304
74594 5 59248
74615 10 98284
74637 10 55446
74643 5 81532
74652 5 63654
74652 10 9282
74759 5 91795
74767 5 61592
74780 5 77325
74830 5 43186
74948 5 88055
74973 10 2145
75017 10 1967
75036 5 64933
75051 5 9441
75061 10 69424
75138 5 36473
75149 10 18793
75174 10 34354
75186 10 60987
75215 5 66578
75243 10 1634
75246 5 69747
75254 5 1540
75298 10 25257
75358 5 595
75362 10 16599
75458 5 32395
75491 5 6576
75621 10 80433
75654 5 21305
75656 10 48426
75659 10 71612
75668 10 56702
75673 10 34063
75683 10 23499
75735 5 87300
75758 5 37628
75864 5 443
75876 5 21042
75895 5 88374
75912 5 61165
76017 5 39138
76055 5 82165
76086 10 25110
76117 10 81470
76149 5 14231
76165 10 95403
76223 10 93313
76230 5 97657
76235 5 46032
76240 5 18377
76393 10 63607
76445 5 2257
76484 5 56463
76488 5 80949
76500 10 43844
76506 10 39343
76520 10 84742
76571 5 11350
76572 5 12469
76580 10 23980
76582 5 74328
76634 5 32364
76725 5 29677
76773 10 94212
76846 10 94832
76894 10 66191
76905 10 95051
76935 10 19575
76951 10 96274
76996 10 27619
77113 10 97325
77190 10 32600
77197 5 99634
77203 10 89318
77234 5 48631
77235 10 57601
77283 5 40874
77283 10 30140
77288 5 11686
77288 10 21386
77301 5 35151
77330 5 95722
77366 10 37945
77426 5 83616
77544 5 33407
77549 10 72751
77655 5 15352
77677 10 9906
77729 5 38943
77731 10 29867
77754 5 14666
77797 5 98048
77804 5 78800
77807 5 66453
77811 10 46275
77849 5 13392
77886 5 91297
77897 5 15186
77908 5 85818
77911 10 18674
77913 5 39421
77930 5 11640
77931 10 5381
77983 10 25340
77987 10 84530
77994 5 7168
78029 10 65456
78056 5 33973
78093 10 45292
78095 10 7996
78117 10 74938
78162 10 61036
78177 10 40220
78191 10 56280
78195 5 7435
78208 10 51945
78291 10 51973
78292 5 91635
78321 5 92291
78394 10 91391
78419 5 10738
78436 10 7547
78492 5 14983
78522 10 51701
78543 10 23836
78550 10 61739
78570 10 61142
78653 5 45891
78679 5 76821
78704 10 53725
78719 5 81498
78758 5 96004
78770 5 20537
78785 5 53539
78810 10 98957
78881 5 68144
78915 5 52005
78943 5 39613
78953 5 48121
78955 10 3301
78975 5 66418
79017 10 86560
79021 5 43748
79039 10 65289
79148 5 65777
79163 10 5226
79220 10 13877
79266 10 85442
79289 10 86763
79305 5 8809
79306 10 33666
79320 10 5825
79355 5 57869
79408 10 93739
79421 10 62910
79429 10 55533
79443 5 58814
79488 5 95153
79512 5 64348
79524 10 49765
79535 5 16677
79624 5 25855
79674 5 75031
79689 10 275
79866 5 24503
79910 5 68165
79952 5 18304
79979 5 41080
79990 5 6577
80002 5 33791
80004 5 68437
80022 10 54237
80054 5 49997
80058 10 11101
80127 5 37935
80264 5 30497
80285 10 24721
80292 5 34295
80303 5 37339
80432 10 54158
80491 5 64219
80504 10 59820
80508 5 11460
80549 10 49848
80559 10 21043
80667 5 24018
80715 5 20189
80737 5 15100
80762 10 99503
80795 10 84642
80806 5 33487
80830 5 94628
80898 5 99947
80907 10 39071
80918 5 50665
81079 5 31584
81109 10 1456
81117 5 95047
81138 5 50807
81178 5 19588
81226 5 49225
81247 5 99445
81261 10 95077
81277 10 66825
81298 10 53842
81318 10 80571
81325 10 35527
81421 10 48228
81462 10 48219
81511 10 49201
81514 5 90156
81525 5 31952
81571 5 935
81658 5 23720
81664 5 66956
81685 5 35962
81787 5 34889
81796 10 22604
81815 10 29289
81830 5 80664
81842 5 29472
81857 10 31325
81872 5 73265
81906 10 75184
81923 10 65561
82005 5 85380
82017 10 37279
82021 5 41559
82070 10 65108
82173 10 23884
82191 5 91589
82235 5 58867
82238 5 54579
82243 5 13286
82263 5 4345
82384 5 15396
82406 5 62849
82437 10 25088
82471 10 75707
82543 10 41018
82546 5 90776
82625 10 76363
82682 5 5840
82756 10 19534
82761 5 46949
82771 10 20939
82782 10 19249
82789 10 59611
82855 5 44096
82869 5 97509
82969 5 49954
82973 10 33594
82978 5 51739
82988 5 22245
82997 10 23411
83050 5 26006
83084 10 12363
83100 5 19410
83221 10 69157
83262 5 96590
83329 5 58158
83358 10 45755
83433 5 40014
83456 5 33786
83478 5 29231
83502 10 63834
83548 5 49135
83554 10 11151
83582 5 27638
83604 5 62644
83621 5 32794
83651 5 16516
83709 10 85895
83759 10 27916
83782 5 80213
83813 10 96219
83845 5 96120
83863 10 56878
83880 10 65937
83910 10 69210
83915 10 55330
83917 5 87646
83932 10 87679
83950 10 50914
84015 10 74920
84020 10 47762
84030 5 80119
84035 5 38290
84136 10 43692
84169 10 21571
84177 5 14160
84202 10 19258
84233 5 78174
84292 10 54127
84301 5 6405
84341 10 94296
84346 10 20091
84349 5 83403
84379 10 83569
84436 10 99501
84454 5 32970
84495 10 31843
84498 5 42711
84513 5 2690
84521 10 43870
84532 5 50341
84563 10 68774
84580 5 66415
84606 5 60609
84658 10 20872
84670 5 39468
84737 5 71676
84761 5 65745
84762 10 4407
84771 5 21339
84778 5 6245
84779 5 11477
84805 10 91842
84810 5 23377
84830 5 89201
84851 10 88364
84867 5 46
84913 5 72051
84931 10 95785
84934 5 17440
84940 10 74667
84955 10 85178
84989 5 59339
84993 5 91140
85003 10 38950
85009 5 32275
85015 10 61528
85041 5 84171
85055 5 73549
85071 10 77880
85082 10 6650
85130 10 42482
85145 5 69883
85185 10 62960
85224 5 63362
85251 5 39163
85255 10 4240
85327 5 56585
85331 10 21421
85369 10 75400
85379 5 90955
85397 10 79075
85417 10 22565
85451 10 89698
85506 5 97269
85548 5 24807
85581 5 3831
85608 5 2873
85625 5 26253
85630 10 47690
85704 10 38025
85747 10 70538
85761 10 48932
85763 10 50864
85802 10 9883
85866 10 78591
85884 5 88381
85940 5 15362
85969 10 57651
86106 10 49466
86116 10 29017
86128 5 57750
86175 10 37618
86191 5 31374
86195 5 46614
86199 5 90534
86209 10 80961
86221 5 81284
86293 5 40226
86318 5 31015
86349 10 82918
86350 5 79690
86355 5 55110
86428 10 27291
86471 10 15900
86504 5 70961
86518 5 7442
86596 10 62856
86597 5 64571
86640 10 46637
86661 5 19736
86677 5 77774
86734 5 65886
86781 10 39278
86793 10 71075
86803 5 80970
86821 10 67962
86836 10 70257
86864 5 72327
86881 10 35106
86916 10 79047
86994 5 84642
87006 10 67867
87023 5 66332
87024 10 95055
87031 5 30468
87055 10 93981
87082 10 31816
87084 5 75017
87271 5 18397
87288 10 47561
87357 10 19260
87389 10 96285
87433 10 92376
87449 10 89157
87467 10 79573
87517 5 38659
87527 5 57746
87541 5 48863
87570 10 50014
87580 10 24636
87610 10 17692
87650 5 28537
87657 5 1348
87680 10 9362
87715 10 23127
87719 5 88962
87763 5 70465
87765 5 44380
87774 10 69367
87806 5 49168
87810 10 98805
87818 10 68767
87864 5 50706
87872 10 58031
87969 10 51053
88013 5 23369
88022 10 93531
88080 5 26007
88155 10 99705
88184 10 30046
88188 10 28507
88236 5 15017
88323 10 25223
88339 5 36729
88345 5 38558
88385 10 73898
88407 5 80372
88410 10 51717
88422 10 44281
88436 10 64688
88701 5 4948
88747 10 64307
88775 10 42631
88833 10 86622
88843 10 71638
88851 5 73280
88889 5 85020
88892 5 29663
88922 5 37738
88987 10 94700
89017 5 66951
89164 5 77690
89241 10 11294
89251 5 73891
89332 10 48723
89368 10 84656
89400 5 87517
89521 10 60299
89530 10 21062
89551 10 35343
89595 10 58255
89836 5 96669
89885 10 58199
89942 10 8653
89959 5 4794
89960 10 78978
90014 10 60629
90016 5 52253
90017 5 39917
90114 5 21967
90149 10 64468
90152 5 71091
90201 10 4965
90225 10 1559
90263 10 49684
90287 10 68615
90297 10 47580
90326 10 54755
90376 5 32977
90385 5 92874
90391 5 64338
90393 5 62870
90406 5 89901
90409 10 94589
90417 5 96387
90455 10 36537
90477 10 19202
90582 5 32513
90623 10 69100
90648 10 25906
90700 10 45985
90742 5 32093
90761 5 55141
90771 5 2334
90782 5 44695
90805 5 66287
90816 10 28293
90828 5 49965
90876 5 30570
90919 5 58156
90929 10 31647
90962 10 56332
91157 5 5091
91165 10 62012
91264 10 2052
91276 10 78260
91337 10 49086
91385 10 81316
91399 10 361
91563 5 60809
91636 5 16121
91650 5 30696
91670 10 11998
91747 10 47352
91823 10 99192
91861 5 84066
91890 10 73751
91899 5 53526
91911 5 45368
91997 5 34267
92019 10 14017
92034 10 60476
92122 5 49520
92158 10 79704
92206 5 28230
92209 10 89226
92253 5 62641
92279 10 58039
92282 10 91412
92287 10 44896
92288 10 28316
92292 10 8031
92335 10 97005
92380 5 13039
92411 10 86723
92427 5 17429
92438 5 35573
92460 10 94809
92472 5 20856
92508 5 12892
92532 5 43695
92552 10 35467
92603 5 30704
92604 5 48128
92634 5 38763
92676 10 96882
92723 10 58855
92775 10 33572
92776 10 49659
92816 5 58852
92876 10 88126
92892 10 79124
92949 10 15590
93027 5 66920
93101 5 48267
93125 10 16008
93127 10 55102
93143 10 90100
93154 10 78358
93155 5 31602
93173 10 10237
93211 5 29457
93251 10 45475
93311 5 29284
93316 10 97948
93325 5 80320
93341 5 2727
93349 5 10545
93398 5 13513
93411 5 87735
93546 5 35107
93620 10 67112
93670 10 49430
93724 5 6189
93730 10 55481
93746 5 50848
93760 10 90107
93808 10 39586
93819 10 90956
93855 10 46545
93894 5 69640
93968 10 29955
93976 10 96171
94033 10 22362
94040 5 51345
94091 5 33865
94121 10 36675
94268 10 68964
94292 10 65960
94401 5 67878
94456 10 88513
94470 10 94960
94474 5 14326
94551 10 32769
94576 10 4443
94637 5 87311
94641 10 73943
94668 5 319
94694 5 47207
94696 5 90763
94749 10 81073
94757 5 79103
94776 10 60544
94777 5 5608
94799 10 31007
94808 10 42630
94817 10 77680
94829 5 16952
94847 10 81836
94890 5 95153
94907 5 74460
94962 5 48144
94994 5 65284
94997 10 18981
95010 5 65056
95022 10 70604
95105 5 69385
95107 5 85455
95109 5 61414
95109 10 67094
95151 10 72208
95170 10 92745
95269 5 19208
95311 10 37404
95335 5 22738
95405 5 43397
95422 10 90556
95426 5 19612
95442 5 45878
95445 10 73815
95484 5 91313
95500 5 59393
95527 5 31595
95595 5 59411
95608 10 92808
95619 5 94439
95662 10 15885
95672 5 68687
95737 10 41623
95756 10 55592
95850 5 25113
95892 5 78296
95906 5 65702
95924 10 97507
95957 10 62614
96012 5 37675
96055 5 64298
96076 10 57050
96141 10 73648
96145 5 75526
96171 10 84960
96201 5 23671
96208 10 90764
96217 10 58984
96224 10 88662
96264 5 26244
96293 10 30998
96309 10 34982
96310 10 79427
96314 5 38003
96338 10 85432
96514 5 50284
96601 10 18117
96673 10 85217
96734 5 77397
96767 10 40502
96775 10 13447
96811 5 40836
96831 10 38756
96994 10 53820
97080 10 48760
97082 5 34396
97101 5 72278
97154 10 79666
97208 5 4790
97210 10 85460
97365 10 1424
97374 5 81891
97379 5 89992
97486 10 18479
97493 10 32799
97550 10 92509
97551 10 42274
97632 5 24080
97636 10 31423
97712 10 66502
97726 5 14793
97763 5 65484
97809 5 10629
97849 5 23449
97855 5 60123
97858 5 69062
97867 10 77525
97873 5 38706
97897 5 94641
97906 10 23534
97922 5 56648
97937 5 82317
97950 10 32622
97966 10 37140
97973 5 85044
98031 5 91386
98083 5 86919
98098 10 18860
98160 5 4134
98185 5 44690
98193 5 71815
98193 10 66620
98226 10 69021
98279 10 89452
98306 5 17716
98338 5 41489
98346 5 92410
98380 5 63928
98387 10 12212
98412 5 45116
98432 10 18494
98433 10 64593
98448 10 56829
98488 5 72178
98519 5 21078
98531 10 24192
98545 10 46855
98579 10 85995
98613 10 81889
98709 10 26688
98777 10 1574
98805 5 16639
98870 5 42733
98927 5 59765
98935 10 70519
98942 5 56187
98972 10 19428
98984 5 34807
99125 5 22688
99152 10 97891
99238 5 96870
99271 10 57764
99276 5 19218
99346 10 55163
99442 5 92595
99470 10 77447
99538 10 69253
99551 10 94435
99564 10 72178
99590 5 36807
99622 5 56771
99676 5 52031
99700 5 74259
99731 10 38704
99771 5 68042
99846 10 68081
99898 5 23324
99916 5 76605
99931 5 20635
99932 10 16280
99935 5 50932
