3000 10000 48017 71878
59 29350 75279
258 16550 79119
279 2460 32759
302 21410 23576
310 19140 70569
357 960 15371
375 22580 82313
439 26910 85019
471 20170 71511
519 23800 37903
578 25260 50495
597 27580 5203
715 25010 39023
797 10790 11612
856 1430 87716
856 10830 9762
871 25600 1292
873 28840 70595
917 28600 1995
924 11330 48027
933 19350 31757
939 23230 50858
967 1170 99756
984 14230 71839
989 27760 53371
1002 19970 6930
1042 12060 40055
1053 8650 61380
1059 8500 49474
1109 2930 85
1113 1290 41184
1164 21020 72342
1229 23280 15088
1351 18250 27362
1400 13830 86443
1406 17010 32387
1407 25840 85697
1447 20 9301
1500 15790 31691
1535 25130 41658
1552 19090 49358
1655 7080 37980
1812 15440 10964
1830 13380 36705
1842 27240 9933
1881 27910 81695
1884 20300 38161
1886 11970 73240
1898 14410 84267
1971 24570 62773
2023 9620 82003
2042 6710 83528
2051 29140 56028
2153 7590 77822
2210 25490 68212
2345 11860 49435
2419 19320 77609
2440 650 13784
2460 19500 32398
2552 400 8812
2552 20340 22371
2585 12340 10367
2588 27320 77322
2590 27870 27951
2626 25510 95326
2645 21220 92907
2656 24140 75215
2666 28940 52896
2682 27090 5834
2699 580 67916
2764 12030 54751
2782 10600 19753
2792 18550 24732
2798 2540 66839
2807 28710 84399
2868 17720 30207
2896 18670 69270
3027 17900 79390
3037 11770 45651
3132 27980 17877
3144 18950 33768
3151 20970 53497
3172 13190 38102
3198 21310 38131
3226 14750 14211
3229 20530 55626
3231 25110 96620
3270 16610 3992
3348 17170 61701
3352 15210 69416
3489 11590 61829
3549 22220 13842
3549 27050 36448
3569 2970 92717
3576 20280 41585
3577 14650 44201
3676 16580 94703
3846 13900 14600
3854 13430 57808
3866 9130 19935
3872 4350 86675
3879 16720 31619
3894 8130 95337
3932 11580 21161
4084 14640 99463
4140 8710 91350
4154 3880 11727
4177 12680 8933
4199 14380 7537
4216 10060 190
4255 17500 95792
4306 20940 66322
4447 15750 83884
4456 21630 69512
4457 4540 22284
4464 5500 38278
4483 10310 45050
4491 29950 77264
4562 9550 26636
4579 6600 82852
4601 18130 51360
4617 27470 67368
4644 13630 30585
4704 20440 28014
4710 27660 15348
4719 14760 23523
4745 3300 52707
4760 10260 29712
4765 670 94540
4970 8480 59175
5008 6320 38988
5052 300 39180
5067 6370 36700
5089 15380 35193
5100 21330 242
5116 3930 21171
5160 21510 7641
5298 14620 99667
5324 24380 56312
5427 15670 26597
5432 26060 87394
5484 3210 46608
5511 9520 58173
5524 1460 4652
5527 28570 60851
5539 17490 41325
5552 3080 4130
5569 15360 18844
5619 3740 67345
5662 260 34060
5719 13560 65080
5738 14420 472
5773 19770 51673
5785 14690 25373
5830 13730 47448
5883 15420 81017
5913 11900 97007
5951 12330 7003
6002 5030 11852
6049 17060 9475
6078 16830 75789
6150 23100 85522
6158 11200 77250
6160 29970 58088
6174 11740 61026
6178 11540 48345
6195 21200 66332
6222 19920 63945
6224 9670 20024
6229 19100 8771
6231 20110 58235
6241 29040 33315
6243 29680 12831
6244 13690 85932
6280 9230 10915
6338 8360 95622
6381 16040 42796
6456 22990 44201
6490 2380 45928
6502 11410 8879
6502 28630 53869
6525 9310 11364
6557 18690 56909
6562 630 60366
6642 7060 6358
6702 25220 96405
6705 17790 83972
6718 23250 11964
6728 930 81315
6763 10330 80840
6776 28380 73748
6784 11790 16013
6816 24660 56153
6828 6810 98140
6855 20960 21901
6871 1660 58771
6874 17810 64658
6880 10520 50221
6886 22540 52374
6916 25070 59148
6933 1510 40053
7007 5080 56413
7067 14400 4549
7171 13940 52722
7206 14920 24978
7210 23550 40457
7222 14720 14511
7277 21140 8243
7308 14250 10638
7387 27680 73783
7399 4040 8737
7401 17310 35830
7422 22730 59881
7427 25030 98846
7440 14990 77434
7451 3020 54793
7500 24410 14193
7550 14450 88203
7560 6150 76019
7612 22630 15457
7675 20130 77099
7709 27820 57538
7730 10560 17990
7763 25180 40382
7772 3960 77960
7777 21230 48387
7809 6300 29036
7842 4830 4222
7854 24700 75909
7939 12860 54277
7940 3240 57115
7944 27020 88278
7975 8850 44223
8109 26920 21624
8163 4390 79267
8163 22700 952
8211 13030 98855
8286 12820 59759
8321 29400 10032
8339 25170 57637
8361 13090 93485
8366 29870 84154
8432 27710 40600
8485 8630 65216
8548 990 13139
8591 6180 73674
8659 21790 56942
8660 3770 82061
8684 22800 28222
8716 480 17071
8729 760 55613
8746 23500 87140
8750 8620 38585
8862 16520 8779
8885 3190 74256
8906 20250 35784
8982 27960 22427
9021 22170 19043
9027 19080 56854
9037 7980 78466
9073 2290 43620
9160 15960 44066
9204 19490 55245
9325 8930 61316
9327 2410 43013
9328 600 73244
9343 7350 14239
9357 10480 97781
9417 16660 34449
9432 25650 27208
9495 10680 88889
9520 22940 12724
9534 28690 41708
9544 18380 53626
9667 26860 77141
9691 14830 89776
9697 10870 67124
9718 27000 710
9753 19290 98207
9798 2010 84446
9804 11100 80671
9818 22200 29239
9844 18590 29113
9846 29690 35605
9906 820 87575
9908 26070 63614
10019 7160 83073
10074 22160 99124
10105 4340 59314
10112 3180 7299
10141 23080 38041
10145 8720 59705
10238 9730 49895
10262 11350 37338
10271 6470 3177
10284 16390 28174
10288 20380 23355
10358 21270 1847
10377 2560 61799
10392 8460 44535
10420 14020 68311
10429 24310 11098
10434 19980 4218
10444 7890 39948
10465 22140 5406
10476 17610 87849
10484 10290 35690
10488 29780 28207
10512 25980 41225
10535 9140 53210
10539 8780 71210
10600 18300 72954
10611 1730 88674
10638 29470 61102
10645 20200 58496
10665 19450 13370
10690 21390 34539
10694 9450 56903
10706 4450 44665
10762 7420 40583
10776 2060 7947
10776 9900 83529
10873 22960 43342
10925 19220 92506
10932 15690 79378
10939 3140 80699
10970 270 15535
10985 18450 14461
10991 8920 23594
11030 6230 46539
11057 7150 89750
11100 5840 86826
11187 4640 86967
11220 28520 26212
11233 20700 29525
11257 13660 1566
11280 14060 76795
11310 2530 59091
11384 28900 30457
11405 6660 8380
11415 550 63163
11425 11700 90726
11426 25640 94700
11432 10730 52887
11444 18800 25904
11577 750 1610
11582 18610 88896
11590 12650 19892
11602 6800 76179
11678 25930 46499
11746 6270 23346
11754 15290 26603
11769 15840 14117
11796 21820 26224
11876 26650 86779
11911 10500 71137
11957 14540 20150
12141 4960 87117
12146 15170 73539
12224 3250 80996
12334 19070 65819
12373 23220 1497
12415 4840 382
12417 7840 79973
12428 4310 71011
12448 16150 8269
12471 16090 22473
12477 22420 84562
12490 570 60896
12492 10230 63886
12498 21120 21670
12595 7180 63363
12627 23810 68907
12674 28740 64773
12685 14000 23813
12702 1530 32421
12710 27190 11966
12749 17320 46781
12761 3700 41313
12814 11760 26724
12820 26090 36773
12882 17080 91734
12955 1370 83675
12961 12930 34450
12963 6500 79147
12992 10910 94160
12999 19260 96271
13021 11230 470
13090 15180 48583
13121 3780 74217
13129 15270 12016
13160 22590 79823
13162 24530 95810
13191 29190 99590
13225 19780 15539
13273 5470 20696
13308 27270 30494
13319 16820 58721
13327 12730 77816
13329 10660 55776
13340 29530 5395
13357 17280 28445
13362 410 85764
13376 29910 27949
13429 8610 18155
13452 21400 23012
13458 10810 3971
13556 14670 78254
13571 24910 23143
13654 19590 7440
13716 26430 11996
13723 13410 56437
13728 29900 47522
13735 12050 3131
13739 22120 6329
13810 29710 49223
13831 21050 9370
13910 730 7407
13958 29740 63488
13968 120 52020
13973 13130 62089
13980 8870 55468
14113 11470 27260
14120 9980 92231
14191 3450 97639
14262 12240 45524
14271 23130 77657
14279 500 61833
14311 15130 58877
14327 7490 87438
14332 3290 24965
14336 8510 31414
14349 14550 70480
14374 15720 61792
14419 7600 22401
14467 22350 79622
14494 2200 31206
14510 9750 80100
14601 25740 68560
14610 25090 59268
14656 12950 89090
14689 18050 68542
14694 9650 42484
14716 1680 15971
14732 8730 74711
14742 16930 16450
14830 21370 5732
14847 12170 23890
14869 7810 95767
14881 8410 84821
14898 290 33160
14939 16630 41784
14940 1670 27940
14947 26890 76811
14954 6160 83181
15022 10620 25367
15039 8900 36352
15144 28320 84045
15191 25530 78746
15240 5780 96523
15242 26490 50408
15267 28820 81528
15269 8220 12781
15271 23170 97742
15293 4430 58368
15311 11820 92702
15410 7330 86605
15438 6830 32565
15440 27630 78487
15497 14780 18434
15513 12960 23834
15514 29790 2726
15544 28920 52572
15569 19150 53268
15580 28910 49900
15583 24680 98406
15588 25560 44793
15677 5890 32253
15678 29360 16065
15703 1220 86893
15704 5410 49335
15740 8100 52109
15775 7690 11637
15777 9190 85904
15798 13260 17911
15798 23410 30314
15821 5310 83358
15828 26190 26253
15831 10490 60931
15838 4220 12064
15877 810 40418
16012 11560 70235
16074 19400 64582
16084 23360 24903
16142 3460 20703
16202 9000 24095
16220 22030 12458
16295 4820 53816
16343 23690 14307
16363 16380 73299
16390 15000 95320
16420 27920 70065
16430 23790 95679
16474 4330 81002
16488 17770 52114
16660 9260 80341
16660 12430 44872
16696 16300 89771
16777 17370 36119
16786 9630 70710
16868 24230 1261
16908 27360 65827
16941 15570 36662
17021 13670 46416
17123 15850 62387
17154 21540 72637
17182 19510 80016
17191 26440 62992
17210 20460 79860
17485 6900 13779
17504 26750 16598
17636 25420 93612
17638 29370 43998
17642 4660 96542
17665 11270 19836
17697 7900 54317
17733 26640 81331
17734 9610 14894
17767 28330 70526
17786 25940 76499
17824 28560 77745
17829 16940 97378
17892 8390 77370
17894 17300 24164
17896 26840 50181
17902 10070 55075
17918 15740 5720
17962 3560 96521
17995 26470 73679
18095 15490 40747
18100 29700 70793
18164 27560 28579
18197 27450 6455
18200 9320 69772
18222 17250 5481
18248 870 65844
18297 16990 63108
18387 14140 85756
18446 29960 14283
18467 24460 36676
18468 10740 90663
18497 3790 29640
18524 14710 88879
18537 15410 41265
18559 1610 7698
18567 13880 55979
18600 7720 54629
18622 12260 14285
18678 17710 32840
18764 17550 37297
18765 21810 29167
18796 12880 80023
18932 6750 71841
18939 18820 76147
18963 8860 3200
19000 19540 32508
19012 1720 45272
19022 19640 38147
19048 29670 9711
19077 17290 16941
19121 1920 64091
19129 20650 18316
19143 23580 57981
19173 16140 14845
19181 24360 37421
19221 24840 74186
19301 27400 18751
19307 26480 52760
19308 15370 38333
19313 24710 75147
19345 1560 65435
19356 6730 4366
19436 16880 75470
19448 15700 278
19450 27370 91047
19470 5010 85065
19479 3890 58547
19500 6620 99469
19514 6570 14248
19542 12090 38872
19639 1280 57921
19646 29340 47461
19683 17660 38774
19699 11160 34083
19768 25120 82943
19797 4570 69779
19905 6140 50287
19921 24200 43466
19923 21550 15795
19942 29930 34825
19959 6700 8375
20003 8110 65376
20032 4030 95578
20041 19230 52110
20075 27040 83992
20093 22660 18340
20111 19000 94598
20118 17920 89997
20141 21800 69693
20154 29770 79011
20162 140 14371
20167 3390 50044
20178 25190 36432
20220 4050 82461
20411 22330 55974
20414 18080 55839
20433 7470 28264
20509 12440 99849
20510 29720 71754
20613 14510 79038
20620 20830 70039
20646 19340 31454
20695 2600 4792
20695 20180 26676
20747 26360 7408
20752 28750 68298
20804 27140 37537
20846 17890 827
20851 3410 3470
20872 15900 38155
20943 16100 54432
20982 12010 31064
20989 22430 95678
20995 5930 97049
21084 2900 76937
21098 9120 86890
21105 28240 95533
21156 5150 96333
21178 18150 67870
21181 21970 84989
21223 11140 42779
21249 14270 75546
21259 7670 11786
21269 28770 70544
21346 29840 77879
21370 17190 92311
21411 7510 40269
21416 26560 58324
21422 13140 91422
21445 1420 57860
21446 16020 7907
21549 12040 43780
21559 19580 11197
21582 12130 29095
21710 9180 49955
21711 3590 80131
21734 6840 61770
21789 28500 48953
21806 17980 25793
21868 18270 11670
21932 28880 16719
21968 4880 13650
21976 5290 35140
22004 8240 87980
22037 6860 26646
22054 17840 4416
22063 20870 36885
22065 13220 27334
22066 2770 74304
22075 27330 31429
22080 7030 4932
22081 9430 83290
22115 1950 84461
22164 13720 4294
22198 18120 96282
22339 6450 23552
22385 16270 42640
22404 22110 73409
22404 24010 19119
22407 1630 4919
22469 29330 84630
22472 11730 82705
22493 18700 96492
22494 17830 30084
22527 9240 43443
22602 90 48775
22614 17990 69266
22643 4060 39110
22728 16730 89364
22783 23930 9751
22840 1930 35049
22847 8370 53616
22868 21710 22591
22903 14930 3024
22937 6310 60083
22961 9280 24923
22986 19670 65667
22999 16410 3082
23033 7500 71040
23042 14200 49044
23088 8520 68076
23092 10770 17595
23098 2450 44588
23121 7220 3055
23145 24040 83419
23154 17700 51777
23188 4020 87197
23206 1210 34551
23254 7950 2317
23306 16640 44909
23366 18790 69233
23416 7640 68568
23447 12530 84233
23480 9700 31979
23488 12380 92289
23494 28150 30663
23560 9410 75153
23595 9040 5194
23612 9840 89609
23636 880 6770
23680 6950 32944
23685 24610 15955
23687 18040 27341
23763 2860 7113
23774 6720 48211
23894 7940 18110
23929 19190 3071
23949 18890 4222
23952 27460 10846
23961 8330 14954
24001 27810 11810
24008 23630 5128
24012 2490 12824
24014 460 31339
24024 250 2178
24089 29180 25701
24091 2710 42136
24091 10210 80797
24119 26500 58621
24184 6740 52709
24188 13020 85646
24217 24100 98512
24221 5590 33674
24231 11020 25911
24262 660 39742
24277 9570 7542
24380 22770 31163
24406 360 43
24453 27480 1620
24545 14680 45428
24584 28810 56368
24585 18420 69422
24640 17130 19144
24649 2230 81436
24677 4860 45736
24752 6940 94106
24773 2830 53272
24782 21430 50931
24830 9150 7528
24883 23000 2301
24884 13290 79671
24905 11520 71357
24908 28290 49855
24914 27860 59470
24928 27950 62124
24940 18850 23470
24957 1800 89518
24964 24830 70705
25004 27740 70913
25052 29210 36732
25057 5910 22917
25142 16530 46891
25188 17020 74689
25258 4380 70713
25421 11380 4881
25429 13040 76023
25436 9170 62170
25450 110 70791
25474 13440 14777
25499 6070 13328
25506 3600 80535
25526 22900 93647
25619 5970 6217
25640 26730 40064
25668 29240 13790
25691 7240 51073
25715 9380 56367
25823 7260 6846
25843 24370 84969
25853 22810 89903
25866 860 1091
25919 18570 81685
25979 12900 63332
25981 16400 57361
26004 15680 50581
26016 21590 7723
26065 10440 14445
26080 26780 89240
26126 16890 4111
26209 15970 5619
26340 7760 73615
26347 24850 18467
26354 4320 31495
26440 22880 10318
26441 13310 28590
26450 370 89019
26458 330 67976
26498 11150 13494
26544 20800 74697
26551 14490 1931
26572 14030 87617
26585 20900 96574
26598 23030 5876
26618 5820 73893
26624 9390 27789
26639 29800 43133
26645 16900 29297
26736 28800 5064
26750 9100 6247
26750 15600 12958
26781 2250 11292
26781 27220 81445
26864 24280 43660
26880 29620 90948
26963 3070 60311
26995 13550 48019
27029 7570 51729
27105 12290 60872
27219 27230 27903
27245 2150 18104
27265 2480 46719
27329 13920 89207
27425 18880 38076
27443 4930 63392
27470 25830 50311
27552 5530 79067
27596 8310 24674
27615 23780 4730
27654 27060 3566
27726 23900 53809
27798 17540 59353
27881 12120 34981
27942 20770 6200
27957 1810 8833
28027 23770 33182
28028 3670 59217
28034 20560 50294
28096 24300 26060
28111 29100 7241
28115 2240 19141
28142 9060 27661
28160 14370 88430
28208 3230 63908
28298 21460 93434
28304 10950 60605
28421 8170 61332
28459 1180 80598
28470 29610 12993
28490 740 11580
28490 4990 14471
28517 11060 69785
28536 21130 97682
28617 19760 78775
28648 7320 9054
28648 23850 88650
28654 11400 89753
28735 20390 76570
28817 16220 28722
28820 6040 24538
28832 22550 16439
28848 8040 69748
28886 2500 10513
28904 2950 2369
28917 21680 56761
28937 20090 76777
28949 18840 35334
28983 11030 92641
29020 8540 71238
29025 19020 23640
29035 20500 21092
29076 2890 32989
29083 3470 2670
29111 2590 67300
29158 13760 3024
29166 16170 94583
29260 24990 69828
29271 28300 82956
29302 9050 94551
29364 14900 33070
29432 14300 68451
29434 8380 55235
29446 8770 83566
29457 5650 15539
29483 21110 14123
29516 14390 27686
29593 14470 77815
29618 5000 57355
29619 2920 53780
29715 1020 67056
29775 23760 9415
29794 700 87552
29799 8260 62273
29799 25060 92713
29812 1380 35306
29856 9890 74942
29879 15920 60729
29993 7740 7512
30020 21700 4849
30055 4130 61207
30062 5950 38550
30068 16370 74517
30131 11110 58120
30140 20520 52750
30151 10590 87413
30219 1620 32982
30326 1070 16832
30404 10090 65760
30426 28540 44561
30446 22760 21772
30483 13950 98940
30500 3050 42675
30527 2650 96817
30592 20920 75382
30606 10630 12430
30619 26100 87639
30700 21610 17459
30773 3820 46806
30785 11630 41196
30828 4950 21906
30848 16650 68791
30852 23840 71596
30897 12210 97345
30899 18930 51661
30916 15040 36534
30971 4000 90305
30990 12390 67773
31010 5400 3638
31010 14950 98492
31019 2340 748
31020 1640 7930
31073 5800 36952
31082 18290 39018
31244 22380 90900
31339 15450 99358
31363 21620 16594
31386 10850 95428
31391 26270 28264
31399 12630 73979
31446 22680 50051
31518 5900 77038
31524 21530 11814
31528 17750 55580
31555 5330 63648
31558 3040 63069
31564 10530 72623
31573 18510 84916
31617 16070 60537
31621 21980 9840
31652 16740 72799
31708 12280 37818
31732 20850 80075
31743 7480 59144
31761 5050 27309
31828 8890 63772
31844 15530 28145
31848 6080 36273
31897 26410 64229
31905 1740 7241
31915 12720 74467
31937 19330 58283
31951 11890 65329
31991 3760 8616
31997 22060 52517
32013 27530 26749
32036 11090 36848
32053 22840 36354
32060 3200 77044
32104 14170 77370
32158 28440 10413
32167 23540 56158
32177 24970 28273
32220 18770 90925
32223 14130 50038
32254 16790 37082
32272 12360 61528
32274 15220 38175
32342 18010 29173
32359 7050 96512
32375 20040 98036
32395 28720 75352
32468 17850 11263
32473 29300 67475
32483 8000 74236
32495 12220 10481
32526 29890 26158
32535 16290 93804
32581 5660 91910
32647 23440 97984
32804 7860 46595
32846 10710 99369
32853 15030 58017
32879 27800 61474
32900 12420 84878
32910 1940 60791
32934 7360 82485
32972 26450 84406
33038 23610 43175
33065 14430 78719
33122 24740 87216
33204 2000 47269
33237 11120 26744
33245 8400 27461
33287 10010 38477
33297 7870 45067
33355 23060 35118
33364 10930 39580
33384 4510 8148
33473 23600 64764
33527 800 75754
33535 3360 26103
33536 17090 59213
33615 16320 12391
33645 23400 61836
33684 15390 34733
33685 7400 8908
33688 24720 91012
33716 16010 48068
33725 25480 50536
33733 8820 15700
33747 2220 69412
33768 2170 54573
33801 17460 8267
33804 13150 21116
33805 510 68864
33842 1150 65736
33882 21240 68451
33908 11680 95764
33966 19700 40069
33982 13640 95931
34020 23200 1964
34047 28400 39556
34065 14080 8082
34107 21640 10312
34111 10 89598
34161 9070 90909
34161 28460 11295
34186 9160 94338
34297 2190 65992
34299 15010 8869
34388 4790 94548
34401 22710 93903
34470 16130 29447
34475 12490 36883
34483 25540 24934
34489 4270 42407
34562 16260 67218
34574 24120 37231
34616 17240 21604
34787 26320 5117
34820 9500 18368
34872 11530 6826
34875 13520 11423
34889 19680 89254
34894 25020 81676
34897 2040 42566
34919 13170 96304
34945 28990 73247
35061 6290 22078
35101 11960 97364
35198 19710 12960
35203 9580 34901
35212 28050 50954
35236 10900 81191
35257 20150 78326
35285 21100 72513
35293 21580 24561
35300 5170 63927
35389 5240 25633
35484 20590 52592
35489 13980 2382
35509 21320 32941
35520 3520 67503
35551 19600 34557
35554 29860 35718
35558 23530 80978
35583 13960 62470
35587 6400 70291
35615 23520 35189
35620 24420 50231
35621 27570 69180
35723 28100 58814
35729 12810 68167
35764 14190 27377
35781 19180 40313
35805 27640 17213
35857 15870 91706
35859 27850 68218
35875 16000 38988
35876 4440 4833
35899 11850 91607
35904 15190 26434
35929 1540 77607
35943 22530 43911
36005 27210 63233
36027 4210 8369
36051 6540 69081
36056 12510 80131
36082 1860 30251
36101 10020 52858
36107 25440 53913
36113 22820 28926
36189 14350 57568
36259 1790 21023
36273 26970 98717
36285 24730 48719
36296 10880 32723
36302 24340 92886
36362 15070 93497
36369 13740 71276
36374 9290 50087
36445 27650 74527
36447 20070 86473
36463 25400 21116
36526 12470 33307
36534 15940 95176
36641 25920 66447
36761 18970 38935
36789 22470 11524
36799 28260 96491
36814 10160 72318
36829 18160 6005
36855 70 91736
36855 25660 48219
36865 16330 14660
36972 9820 29448
36988 25950 63420
37082 2520 28344
37101 16190 2055
37129 7700 33265
37148 26810 87385
37206 25960 31629
37212 6640 51718
37255 26180 86405
37264 18910 67188
37286 10550 28132
37300 12760 18091
37334 18060 37646
37338 1750 20375
37387 17740 58195
37442 23070 8206
37479 18320 88007
37510 7070 23679
37529 12990 95165
37615 23980 71220
37687 5060 61289
37728 23620 78026
37771 3340 61661
37772 6340 32002
37772 9640 65736
37812 1760 58024
37843 26110 10741
37874 19850 73364
37995 24560 95017
38015 5460 36480
38044 23660 50308
38068 18170 99009
38152 6550 29311
38178 4200 56647
38201 14730 40569
38215 5620 12736
38227 24760 81372
38257 29730 69796
38293 9420 66269
38319 26230 62050
38320 27510 60149
38334 10340 25684
38358 18680 32622
38369 27620 21149
38376 1110 58553
38424 13570 38226
38469 19610 31184
38488 16710 48080
38626 24000 19865
38627 13890 2167
38664 25380 80483
38693 10400 10711
38775 7630 60739
38777 6420 24773
38807 920 43623
38854 10300 21619
38864 12850 52898
38897 4650 33334
38922 5600 80474
38943 16050 53445
38968 16570 29032
39062 18500 37714
39083 16560 85741
39090 18630 37451
39105 28190 40604
39151 29500 23088
39168 19010 78158
39194 21290 84953
39204 13540 23784
39231 4910 82636
39265 610 96680
39309 8210 37870
39309 26520 74487
39311 25880 54329
39334 29070 54303
39335 5130 3163
39350 26080 11857
39412 18470 67927
39470 22360 73302
39481 12250 50156
39542 26680 38443
39554 17420 73677
39611 6630 31209
39630 13470 42073
39649 3430 9959
39650 19720 36956
39670 6760 22815
39671 5020 36799
39677 6060 10059
39707 10270 47093
39724 15350 87868
39774 4900 94576
39838 19130 32150
39855 23110 34291
39932 22870 85764
39957 540 74108
39986 20120 35820
40061 8810 433
40100 11500 55070
40102 20730 92292
40256 22010 31033
40261 9940 15798
40293 20360 92655
40299 1470 43325
40347 6610 44535
40400 150 4677
40432 22370 1437
40459 19630 70475
40460 2120 21380
40499 4530 32009
40505 13990 48377
40570 24150 51398
40689 22240 19973
40692 9740 59964
40738 5270 35436
40787 17800 66034
40794 29290 69031
40802 15100 91400
40802 18200 66030
40867 9910 28262
40957 17880 13978
41121 17120 34534
41261 7200 80767
41272 9960 22468
41280 24620 28190
41314 12350 46546
41317 7230 44081
41341 1980 88840
41342 17360 3076
41351 24180 94287
41411 21190 93055
41420 5300 30688
41489 25080 81369
41525 27160 16477
41558 6120 25049
41590 25410 62311
41637 910 80874
41661 14180 78012
41712 20210 24287
41723 10000 44221
41751 15800 50066
41767 8340 25363
41834 11910 49551
41842 29480 86352
41866 12150 16550
41897 10650 95057
41942 7450 29403
41954 4470 3525
41990 29200 19251
42008 29600 31952
42062 15020 12673
42075 19110 7234
42099 22780 64769
42132 20430 63082
42161 28070 30540
42165 1820 69805
42167 16240 53746
42176 14840 57652
42196 18370 54386
42207 29390 62085
42236 19530 43296
42295 15310 91084
42347 8030 3681
42361 21030 70820
42438 24650 18929
42466 2350 54654
42468 10460 3929
42488 2420 10236
42513 2070 3791
42540 16950 68595
42553 21740 2820
42616 5380 58981
42764 17050 97837
42805 24960 20280
42836 4590 47805
42841 9490 56090
42881 7120 70041
42945 15080 91740
42953 4070 17026
42995 21480 88380
42997 2780 47965
43056 28200 38505
43089 26340 47783
43132 9930 28987
43183 10420 47917
43320 10860 38108
43354 26690 44637
43356 29260 25471
43565 3860 68919
43576 940 24316
43579 13590 26899
43620 14790 21265
43665 3710 64256
43667 10750 52393
43702 28310 21559
43721 9870 49213
43732 22440 46209
43822 24020 88834
43874 25240 92702
43905 23310 85430
43999 13350 47065
44005 18660 55199
44106 19810 41934
44108 24240 48668
44150 3630 74518
44155 16810 93101
44167 27100 74345
44169 11220 397
44179 23460 844
44222 29850 48730
44226 20420 88046
44278 20640 39136
44285 24770 49091
44366 14070 93581
44401 10940 89690
44433 15160 30340
44470 12450 93599
44515 7540 86156
44517 1300 60657
44532 12670 91448
44579 10370 23616
44587 20320 74826
44641 8800 84269
44669 14330 33091
44687 16420 56587
44743 13210 32475
44797 21340 98517
44801 29990 20619
44816 4110 22375
44825 5550 65094
44855 23990 77132
44884 20220 76004
44959 13360 7878
44979 19370 12329
44988 20260 22306
45113 25790 98954
45123 19840 81544
45169 18810 53997
45180 1000 54666
45243 28040 69446
45309 3610 20864
45320 12600 80205
45322 6350 92387
45323 14580 71516
45330 4940 38715
45396 1360 55638
45415 1060 8955
45436 15830 48105
45486 2750 71332
45497 11280 20314
45507 19160 88892
45558 22620 98119
45611 25140 99591
45654 14220 53701
45675 20790 81963
45677 15250 37428
45682 21090 18263
45722 3370 20664
45731 17440 18020
45746 25290 91498
45749 20680 87588
45764 9270 48955
45793 29940 35873
45797 16670 39741
45914 13600 35495
45925 18780 18541
45970 11720 21290
45975 14820 96651
45988 29640 77128
46023 22850 30716
46090 11010 97989
46097 22600 4168
46101 3830 35761
46105 19860 20239
46119 17940 5653
46130 6890 93603
46131 3640 1417
46151 310 72898
46160 8180 63896
46183 26350 3788
46185 21600 62590
46228 27200 98719
46239 28510 57049
46276 22490 91114
46282 9510 82338
46299 25550 32552
46333 4970 73163
46385 8740 16571
46454 19310 75842
46476 4410 57993
46482 8600 70638
46500 23480 93506
46541 12660 14559
46545 1500 57747
46554 20030 69849
46563 11240 96008
46575 3970 52595
46590 3530 24490
46651 25680 73376
46657 9090 13938
46663 4240 91634
46663 22520 11332
46724 6170 64850
46750 24800 36281
46758 25820 56917
46861 20140 76397
46864 29650 80949
46870 2140 85041
46873 9880 12539
46878 24750 119
46900 1100 19250
46916 18030 6567
46922 20000 11406
46995 6250 70813
47060 14590 28305
47131 22150 6457
47248 25160 62759
47249 15510 33769
47320 8430 62592
47325 27300 3944
47329 4780 32554
47346 2130 22959
47346 23340 91190
47397 25470 68947
47434 9020 29054
47475 1130 13967
47511 14500 55169
47590 5980 47436
47616 7520 5770
47623 22050 34798
47650 21660 25265
47735 5940 98933
47736 10360 74072
47740 18330 28018
47775 4100 48728
47811 2800 69488
47883 1710 32916
47937 8190 89307
47962 5360 28133
48010 20540 65254
48049 22970 32270
48077 10720 65384
48147 28860 16382
48165 19050 64964
48188 6980 68426
48192 340 13591
48199 13180 18806
48221 26040 19488
48321 17510 33239
48323 5700 83718
48351 27120 77773
48432 26300 86975
48434 10050 6995
48475 8120 4299
48500 27770 86130
48570 27900 76119
48586 4490 63834
48617 5640 21149
48660 17100 72947
48717 16510 62519
48724 12400 93684
48733 1320 80173
48766 4680 77222
48855 24270 82606
48864 780 8476
48865 17690 89910
48881 2360 25844
48927 11300 12313
48951 11320 47589
48966 900 56977
48984 7960 56474
49060 26900 40571
49069 9540 90245
49077 18490 84401
49143 24980 89250
49154 28980 27702
49230 1690 27641
49244 3400 29900
49265 29020 17801
49359 5610 86963
49425 18140 22134
49444 24670 97584
49460 28480 49614
49531 28090 71137
49538 19820 82959
49542 3500 36816
49569 2870 62974
49579 29310 78818
49590 25340 72781
49601 17400 21660
49626 28220 2347
49639 2690 76215
49686 10180 9901
49723 24070 77357
49828 5730 91710
49836 17780 85632
49849 12500 21831
49945 29270 11704
49986 19430 17698
49990 6520 50747
50120 9590 57553
50129 12000 93690
50139 13300 83688
50158 12700 32171
50176 2680 51010
50278 3380 91946
50305 9560 41641
50321 190 35560
50446 28610 47449
50609 27390 43507
50660 11780 44885
50693 9950 53085
50704 22340 81132
50722 15430 21182
50759 21650 46332
50778 25330 70479
50829 23140 43349
50833 7990 16043
50895 4400 86680
50900 12750 665
50900 23640 16654
50936 28530 66593
50955 19250 41969
51059 18070 8789
51072 20410 11912
51089 10240 44727
51163 22790 40065
51177 11340 33336
51186 10200 13693
51206 28850 96652
51242 23430 95758
51322 4460 95281
51402 21850 31277
51404 13160 38412
51431 3130 39149
51443 10040 23539
51502 3900 37687
51549 24780 53542
51569 25850 91881
51605 1900 85244
51744 5830 89050
51745 28120 59549
51746 19660 50163
51797 9810 97206
51817 22500 60969
51921 11050 86966
51981 26310 23805
51999 2330 89413
52004 14660 4382
52056 16480 50636
52087 19280 70676
52087 20330 79526
52185 26580 31316
52299 5560 63153
52301 11930 34248
52322 26930 64157
52332 29280 83134
52358 24880 89758
52380 15950 39790
52441 12140 34929
52491 15540 82775
52573 11710 65981
52574 22830 85944
52636 6790 84106
52646 26630 1676
52669 13770 23513
52670 7140 13546
52692 3330 59492
52734 27840 61345
52739 10110 59368
52763 1240 44452
52863 18410 73037
52935 26670 26103
52950 11510 15696
52973 24490 16043
52989 5220 90097
53087 26710 42086
53161 1120 82879
53176 17630 84601
53354 1340 3140
53389 17860 42218
53396 29380 71560
53434 15730 66782
53489 24220 41899
53511 17340 52950
53533 23150 57741
53565 23040 92096
53641 18210 38222
53645 28760 18632
53701 27940 72535
53710 25900 87848
53718 29630 19163
53765 17210 78930
53777 16110 55178
53777 26940 71382
53800 24350 57665
53844 7750 29595
53871 14210 23393
53947 3160 11252
53974 29750 63758
53979 18400 41618
54019 11870 93570
54033 13870 24005
54051 10800 94153
54068 10030 74803
54080 15400 51593
54135 24250 34353
54159 17730 39525
54178 28360 16567
54182 22930 53811
54220 27440 36412
54223 7970 88534
54226 1970 4574
54265 13460 66473
54277 14970 26397
54299 15560 61063
54300 28170 75223
54378 11610 59939
54385 13450 42744
54397 7370 67538
54459 23820 38681
54495 27720 51719
54536 20270 35292
54540 23510 35679
54589 12870 17424
54618 6960 52468
54627 5480 61408
54658 5140 41306
54741 970 10147
54745 1840 39844
54754 4980 84504
54758 22920 45042
54797 7580 14768
54821 20820 73242
54833 7560 22286
54835 28550 90946
54867 23160 44660
54875 13510 89059
54907 4740 95406
55046 19730 1937
55116 15300 87655
55134 19880 72680
55231 5850 44341
55241 28350 16155
55305 11950 651
55366 16450 21041
55391 21470 54880
55393 19470 97276
55405 25620 54961
55407 9920 78589
55441 13650 82266
55451 23870 88793
55512 25390 23878
55525 17330 12243
55614 13270 82435
55614 27340 9321
55738 25710 64825
55759 23300 37937
55779 3030 3010
55847 25570 93198
55888 8070 75091
55927 13340 2422
55992 27690 90755
56023 1700 81078
56048 11250 26452
56242 16690 11441
56248 25460 27566
56340 5540 91202
56393 16060 17882
56449 13680 94212
56494 11880 92711
56495 19650 75072
56525 5760 45088
56566 1330 93250
56651 27430 49687
56657 5990 64846
56667 1440 28644
56709 20350 76430
56741 10100 81807
56745 29810 39200
56780 25250 2064
56795 24330 99953
56815 14280 40853
56821 15810 67692
56838 520 6020
56850 27490 34173
56882 530 71929
56919 12910 20216
56920 19560 38295
56947 5260 33510
56954 28470 23654
56968 21910 71151
56993 8280 94910
57045 13910 57208
57063 23880 96043
57086 6560 21886
57116 9370 9366
57121 22070 80079
57405 13070 55017
57414 15110 19773
57511 180 53314
57596 11570 98364
57646 14460 17351
57650 18480 79859
57700 6220 55297
57706 20010 75568
57764 26770 2264
57767 12710 60991
57769 27070 61365
57784 28490 88055
57795 26000 33183
57796 6590 43730
57805 690 14326
57841 15990 66096
57851 10140 82508
57898 8840 46385
57918 26510 40232
57942 26150 15027
57977 10320 51714
57996 6200 62167
58007 430 14583
58044 23190 8434
58050 26210 93977
58113 9600 77399
58121 22090 97739
58164 10150 11344
58183 6260 11647
58193 29980 26479
58194 26130 84389
58224 11990 99596
58251 15230 98234
58262 21990 82227
58282 4750 95873
58320 3980 2072
58332 16980 58043
58339 7430 13614
58346 24290 78152
58359 980 19467
58408 22610 32335
58468 22290 90002
58571 1050 55722
58572 18540 77104
58582 27130 67356
58595 6020 62844
58602 18020 71513
58647 21920 95207
58650 2080 47084
58662 17380 34482
58684 490 92778
58723 1590 80669
58724 27260 86736
58786 13700 9682
58787 10430 97360
58841 24930 57074
58879 8150 51443
58918 27970 55688
58920 23050 60058
58939 4230 66152
59019 22950 55006
59049 13230 96340
59113 2910 3377
59144 710 46820
59155 23860 85275
59206 26550 5848
59208 25450 47913
59214 11190 50068
59223 3010 59587
59289 14310 67708
59332 9360 77860
59343 22320 52268
59343 26220 5400
59386 5690 33758
59388 28950 84006
59390 16160 63853
59496 29430 31894
59499 9660 41169
59506 3840 86598
59536 12480 68158
59551 13930 61758
59552 21300 25233
59606 4150 21667
59618 5370 7089
59645 28700 98122
59676 16970 42209
59701 8580 67403
59703 20720 50120
59716 6880 37770
59738 16460 80073
59810 7650 43713
59851 8450 39548
59878 8300 87547
59901 3120 77530
59926 5440 3959
59976 8250 38764
59984 15880 70093
60011 25610 55219
60031 27730 42986
60069 14850 75412
60111 23910 45947
60132 29230 18809
60148 12110 32720
60182 9720 44741
60244 4720 46543
60246 12370 11544
60256 10890 98955
60286 19550 89669
60294 16760 99799
60342 14320 57879
60352 17040 5634
60354 19620 46158
60377 5790 36254
60411 25890 35604
60472 28650 39172
60493 23670 68781
60547 5100 92598
60579 4170 64086
60597 1550 94632
60632 3870 73210
60661 26030 55638
60706 24820 55191
60732 22670 92370
60745 11180 13764
60771 7380 96601
60806 6100 87335
60833 26980 26850
60893 21520 20257
60938 1780 96966
60949 26790 3691
60991 9440 538
61016 23920 48606
61020 8440 98541
61203 14880 65952
61209 3570 38002
61322 23270 23469
61336 8530 79854
61436 28420 39339
61439 17530 83365
61476 13320 33328
61514 8830 75090
61521 26620 32531
61555 18980 94957
61588 20620 55385
61590 28210 88981
61622 26050 34300
61867 14630 23595
61877 8200 52500
61881 8910 21984
61959 5280 98710
61966 2980 70115
62024 20750 76630
62033 50 13931
62041 4890 80601
62052 26830 51364
62114 12160 85463
62134 11440 32225
62191 16850 87394
62224 18280 85921
62244 8960 62916
62253 10690 9851
62260 5520 40370
62263 27790 90147
62299 8940 73571
62356 6910 87035
62417 4800 82131
62452 9800 28769
62474 16680 66138
62483 6990 1924
62534 22280 5483
62583 24550 94141
62585 10700 98971
62629 26530 8290
62638 3850 95154
62722 21730 74206
62767 14340 50954
62799 28830 48909
62832 20020 5647
62846 12640 4593
62896 14480 72117
62957 12200 80367
62989 4620 96354
62992 1450 51565
62999 7020 7450
63005 1350 93413
63016 2840 38721
63023 16280 69165
63058 1260 91841
63088 420 16890
63104 7790 7114
63124 20480 86271
63125 1160 2809
63148 19270 12563
63162 620 80583
63194 18580 95312
63196 3310 47259
63209 4870 29027
63211 2740 74294
63291 24860 8768
63343 21420 13668
63359 4180 76550
63391 4090 17290
63476 5720 50293
63487 14600 85923
63566 16910 92543
63586 6870 43105
63627 9340 45995
63636 28730 22838
63702 7250 93870
63721 16210 83460
63731 19170 57808
63747 17620 57726
63764 29060 54200
63807 12800 10418
63911 19210 1981
63961 18830 17050
63970 16920 11841
63978 4010 55431
63978 7210 45090
64000 24580 65269
64099 26400 95222
64155 15050 41097
64167 15610 62648
64213 28430 70799
64258 7130 60714
64284 26820 89998
64294 21940 38754
64297 29570 85295
64355 25690 32684
64369 24320 22409
64421 16310 78605
64471 17470 56729
64472 3990 30908
64473 14010 5097
64540 21560 78741
64552 3750 26725
64619 23020 32270
64648 27610 2512
64713 8020 66742
64722 6510 17443
64767 22750 57215
64767 28620 79598
64845 28020 81444
64959 13420 19875
65000 26590 54016
65070 7000 22896
65078 6680 6838
65092 27550 34165
65154 770 5827
65163 21960 6950
65198 17680 27127
65253 3940 95753
65309 18000 9134
65313 5770 74789
65431 4160 70803
65439 11390 92613
65445 2640 73108
65456 27780 13124
65523 18710 83071
65526 28160 50201
65527 10580 60219
65533 28080 3542
65570 25310 61235
65595 1390 68978
65601 11370 30369
65610 8320 86945
65665 18190 48185
65665 26330 88220
65692 2370 36845
65697 22300 78049
65717 23090 93842
65812 21380 85864
65814 8700 83819
65847 27080 33129
65852 18730 88040
65861 20860 79739
65906 2820 97207
65923 16620 67884
65934 18340 49143
65947 4550 2216
65951 390 42734
65958 25200 9250
65970 13390 37390
65970 28130 4876
66010 19440 17323
66033 9530 3814
66111 9110 8532
66155 13080 25409
66158 22570 77956
66164 20490 37052
66177 10350 34136
66206 2630 29224
66209 29880 27683
66318 8590 31283
66332 12830 85981
66339 1410 70417
66415 28970 33670
66450 20470 21137
66473 80 21163
66481 11360 33667
66503 12080 44504
66529 7340 40236
66629 9210 13889
66652 14100 12929
66700 14150 4576
66734 21210 58206
66764 7820 43206
66766 29830 54388
66804 14160 62753
66874 24080 1040
66890 11800 87179
66983 23730 45691
67015 13750 5596
67047 5320 49817
67064 2660 22729
67082 5960 94983
67083 29590 27109
67088 29120 54670
67097 1910 39646
67126 1600 16051
67205 18180 49100
67254 12940 50905
67257 7530 4321
67257 13790 94688
67268 840 88892
67275 3580 74116
67293 14090 82992
67334 15710 74767
67347 23490 1523
67365 7440 37750
67422 13010 86348
67467 14240 57967
67560 15260 65592
67570 26880 92427
67572 16780 76573
67574 15650 4969
67594 19930 96473
67596 20190 94325
67605 28780 96608
67681 17160 17768
67737 17760 85779
67787 25320 90821
67809 28180 18870
67864 7800 45147
67948 14870 11260
67960 28870 39828
67998 29410 51270
68022 20950 15333
68062 16030 5798
68069 29080 70851
68114 11210 56296
68132 18360 83336
68204 5630 39272
68204 25720 28144
68246 3060 76870
68248 1520 67848
68372 6820 73502
68374 1250 93222
68379 12740 88726
68382 7910 60500
68390 24950 42553
68542 13530 44374
68693 9830 68749
68698 4420 55071
68755 7730 27882
68756 2260 2119
68790 13850 63841
68813 11260 95056
68834 19420 5231
68911 19830 29863
68994 16960 30898
69023 10640 27292
69024 22020 7439
69037 790 22963
69054 14110 1321
69107 6090 31835
69124 11940 64928
69225 8490 47227
69250 17410 1593
69266 25350 25277
69283 28230 45232
69296 2620 89374
69311 8950 28520
69362 22270 82348
69368 24170 61207
69399 4480 6938
69430 25800 55389
69466 17590 25906
69489 12690 80620
69500 16340 9407
69648 13710 26540
69659 6380 94872
69660 4760 53323
69750 12840 10372
69768 10760 29486
69771 8560 11195
69841 29420 12564
69874 13330 58552
69893 22080 92895
69966 19120 81117
69967 10220 59083
69998 28000 18411
70017 26140 866
70028 3320 84182
70036 4920 77629
70067 200 91773
70151 26120 48811
70186 8420 14086
70249 19460 80818
70258 22690 86062
70284 30000 9256
70316 17070 60930
70340 26010 9329
70377 21170 42339
70397 7460 97145
70462 24920 75386
70566 20610 55008
70571 29760 27927
70604 210 21788
70627 18110 83479
70654 25000 32049
70675 4770 29571
70685 6480 69736
70705 29110 93199
70746 11430 52802
70777 19910 18563
70782 22910 15850
70783 3110 2324
70786 13780 98596
70811 25150 18857
70823 17230 22751
70837 320 16297
70852 9770 88396
70945 18100 96976
71061 20630 60847
71115 3550 4956
71155 14940 96911
71171 17260 32853
71176 28250 70677
71192 18650 32703
71220 8270 77544
71258 17390 48754
71263 14520 82067
71321 2470 96884
71331 11670 26137
71360 8670 59376
71365 7830 71931
71377 2030 14480
71402 15780 88401
71449 20450 51750
71477 27670 23557
71579 17180 22883
71603 21150 15828
71638 15330 3058
71641 19890 58271
71649 19390 36402
71680 18600 56369
71716 11750 90833
71773 1990 73213
71841 60 7628
71843 26610 96881
71856 29560 52921
71865 12020 50111
71894 7290 27336
71934 11840 34793
71942 10840 73292
71990 2550 63112
72037 17520 1499
72061 23890 89551
72154 16770 56464
72168 22250 96577
72251 12570 34717
72356 12620 65575
72356 25730 39258
72474 18520 83656
72520 13200 564
72625 22740 40230
72643 10470 6018
72701 22560 14727
72737 14740 17721
72751 6130 62806
72837 8140 15079
72837 23830 6301
72845 7850 19718
72898 25100 65579
72908 3660 1124
72914 4850 93343
72917 12190 78484
73053 7550 89887
73187 5190 99428
73233 9220 80187
73303 19950 84699
73307 16590 27503
73322 26850 24656
73349 24940 48399
73365 10920 96769
73386 12970 3164
73389 19990 43296
73411 12780 85836
73471 6460 6940
73471 19900 68244
73472 1400 92893
73480 40 47457
73483 12460 79821
73539 19870 95889
73599 16080 75716
73644 22260 56614
73646 2790 33209
73666 18740 63199
73674 18940 53006
73684 2280 75651
73700 5880 42740
73704 15140 61501
73729 7170 95686
73734 350 46653
73762 2160 40748
73800 7010 13042
73831 2050 41170
73852 5750 27534
73875 21750 64357
73904 26700 49351
73905 11480 2683
73913 16470 15548
73920 14800 49188
73937 2570 35986
73991 27110 30099
74113 28110 91816
74131 28280 43398
74155 6030 28528
74225 3810 52755
74289 25860 39813
74330 24630 7042
74350 10610 6167
74353 23740 45062
74443 27500 46573
74446 17820 59515
74481 23720 18651
74498 9760 3074
74529 23750 71788
74552 23240 99695
74572 7390 13537
74588 14260 98568
74628 14530 63854
74629 7930 53431
74636 20760 37650
74820 26800 67495
74830 24090 75225
74895 16120 48420
74909 5670 28213
74923 15320 23668
74940 8790 88606
74976 18560 79687
74993 25670 50888
75068 11000 63238
75138 8680 40240
75143 1010 49090
75155 1570 31104
75169 15660 96481
75267 4140 14169
75296 13480 39692
75297 27600 81137
75310 1830 26048
75354 2700 53642
75355 21040 14657
75387 11460 58212
75397 19300 43667
75449 130 20614
75468 10450 18939
75535 10250 44439
75547 2090 93299
75575 10120 83423
75592 4080 53088
75727 27990 41853
75728 22410 62096
75746 23120 95088
75801 3490 46962
75801 23680 16855
75802 20400 98615
75808 19410 3682
75871 18920 75426
75889 9470 33658
75926 26950 25117
75933 19360 22276
75936 24450 42637
75956 23330 33999
75957 29220 41927
76002 5420 92397
76059 3220 61174
76083 26170 70955
76190 23210 28173
76197 13240 62581
76326 10570 40397
76344 2390 23727
76440 29580 48804
76470 18640 29839
76506 19240 83326
76622 10780 72693
76650 12610 51839
76672 15930 41323
76714 20880 85073
76716 8470 62073
76719 28340 41545
76727 22650 72482
76773 27420 91982
76775 18870 82436
76778 17910 37106
76836 5230 52188
76854 18240 7429
76866 28270 2060
76983 15620 28267
76986 25780 91455
77089 11170 33295
77120 30 35148
77122 8640 94667
77191 6850 66702
77232 1080 60609
77322 23420 33088
77416 4810 75246
77416 10280 99657
77428 28060 3536
77474 12770 59012
77523 13610 4899
77537 23180 85888
77580 16250 86448
77636 7190 78331
77645 15150 78076
77735 27150 16987
77740 19480 64514
77782 590 37265
77795 25870 19738
77854 17200 21072
77899 21070 45026
77952 1480 37520
77959 17580 70831
77991 21760 94300
77998 220 98275
78151 15470 15718
78203 18230 48681
78209 15500 10946
78223 1870 3596
78242 3170 9049
78255 14810 65910
78274 15240 75764
78286 22000 25171
78339 24400 12554
78429 21080 58198
78437 25590 33642
78442 25700 85865
78504 13250 38037
78522 29490 45348
78540 2990 70827
78551 8990 2194
78571 29540 15628
78577 5870 12762
78605 24260 19707
78646 21670 51258
78685 10670 95973
78685 18760 3514
78712 6430 66778
78719 23970 37565
78766 15860 74317
78766 16440 65077
78813 7270 98593
78834 3620 82794
78876 5680 59292
78876 7610 51163
78939 6360 51817
78965 26370 23077
78975 6440 14399
78976 26740 61889
78992 26570 43569
78997 4520 29315
79002 7620 2680
79006 2730 73535
79061 22860 43247
79063 25580 30895
79078 5510 63750
79087 24510 68447
79218 11290 6656
79226 2810 39356
79227 17480 31317
79229 6330 35919
79256 21720 96427
79261 1850 88450
79276 5180 79548
79312 13000 78288
79418 8060 17048
79465 13490 93274
79513 4500 60319
79514 23260 17327
79514 23390 33244
79534 11040 2246
79559 1030 67958
79561 27250 61967
79570 14910 40653
79599 4580 65843
79611 24520 79539
79615 29440 68605
79638 3090 21747
79644 9300 9451
79649 25810 743
79764 19690 52910
79822 11830 13772
79827 15200 56441
79880 13580 54004
79880 27540 32722
79898 3350 64050
79920 9400 44605
79942 9010 93067
79949 5710 79964
79967 16700 68232
79969 14040 26068
80007 21890 27333
80009 6000 85837
80154 2110 42969
80177 29320 96860
80188 28390 86754
80238 28030 51092
80242 14290 74356
80274 24540 8127
80286 5740 7772
80288 5390 23150
80303 6210 37909
80353 21690 49952
80364 21950 82229
80367 2180 62172
80384 27520 89767
80389 15120 35906
80403 22890 62062
80405 27380 73370
80440 26660 61285
80526 24060 29301
80584 20710 23913
80585 25520 15786
80589 24050 25536
80599 5490 45992
80613 6970 54271
80619 5070 56651
80672 23380 73540
80689 28450 52275
80735 27410 64808
80750 14610 26345
80765 15890 30198
80798 22180 90359
80806 11070 45473
80814 14440 80663
80850 15480 9321
80882 18310 17159
80929 22310 79771
80937 2610 9618
81041 21780 18584
81122 24210 29247
81136 3800 95599
81178 9480 85930
81219 850 33838
81380 470 40673
81415 21250 68446
81468 13860 2810
81522 5860 13208
81555 19380 18276
81568 10820 54230
81628 27700 48152
81652 20510 68243
81653 11490 20053
81766 26960 23215
81783 1200 51981
81785 28580 6448
81808 20310 14000
81811 3920 61936
81846 24870 87853
81855 28410 23985
81901 7780 88701
81920 2940 61490
81945 9710 81245
81976 29660 75611
82041 20570 28229
82059 6690 38097
82062 17150 903
82070 10540 36241
82091 10990 54628
82123 4290 87725
82137 3150 93972
82175 28960 1347
82200 24160 59227
82224 11810 9698
82302 23350 37328
82306 9850 32046
82353 21930 47151
82379 6770 32249
82393 11130 10587
82431 16360 11426
82431 23450 40498
82431 25280 53158
82445 8550 67573
82464 380 45079
82505 100 81563
82522 3280 61649
82527 22450 30459
82528 6490 52756
82561 18220 45087
82640 21880 93875
82645 10980 91060
82695 8570 6129
82792 25360 27915
82865 26240 69779
82899 26720 86095
82911 18090 99645
82943 2880 34186
82980 15090 26728
83050 4690 60064
83071 24430 37822
83103 9200 13814
83104 9990 77981
83119 21900 11584
83120 28790 56386
83186 4260 30665
83315 280 30202
83366 25040 89225
83379 29090 89681
83383 17970 20330
83465 2670 73506
83568 8880 28306
83600 22720 33921
83604 21830 43032
83622 27180 87162
83671 12790 45018
83682 25300 72149
83699 26380 98199
83707 16500 74990
83756 25370 62374
83784 23700 78637
83983 24890 80085
83986 24640 84525
84029 7280 63927
84058 2430 96337
84119 24590 99486
84157 13970 10007
84310 5580 53853
84311 4190 73314
84341 7920 35418
84361 9330 70659
84406 12560 47125
84500 14360 84758
84543 24690 57657
84673 3480 71557
84700 17570 67900
84715 10170 87339
84799 1230 64555
84859 28890 39497
84947 25990 32448
85029 15520 50504
85069 3690 86272
85081 1580 46172
85084 20780 12319
85090 12270 83665
85112 21570 56333
85198 5350 2120
85217 5450 21215
85225 20580 57948
85266 6670 1316
85285 10190 82835
85291 6580 82073
85297 11080 75366
85373 19750 31276
85408 12230 23911
85464 16840 47220
85478 21500 76761
85510 14570 20567
85515 18430 96515
85525 26250 63780
85539 22100 21987
85554 25970 3375
85567 24900 33654
85570 20910 18001
85591 8160 38646
85610 3510 79706
85673 20230 64550
85704 23470 1881
85779 22130 32087
85816 2210 24066
85876 24390 80790
85915 27170 13730
85993 22040 11982
86014 14560 21088
86026 14120 75298
86032 8660 21294
86115 450 21685
86118 28010 79692
86130 2760 85389
86132 12410 60683
86162 26390 11301
86286 18900 77418
86289 17030 97239
86379 26460 76645
86421 12310 45189
86425 4280 66749
86431 24790 5254
86460 18750 10962
86478 18860 84115
86510 15460 60740
86561 9460 47339
86628 4670 78510
86678 19960 27353
86736 9690 11777
86743 11600 96734
86773 9680 87247
86775 1960 79300
86787 3910 79776
86812 25630 90068
86866 8350 17349
86902 2270 73841
86973 24600 3278
86986 18720 20858
87031 22400 50258
87035 7090 9625
87124 15910 51231
87171 8080 67088
87332 8230 29989
87373 6930 79899
87466 23590 91205
87524 2580 55207
87541 28680 8432
87548 20930 54250
87554 10970 91279
87591 1040 66594
87634 6190 91820
87650 19520 61542
87711 24030 25281
87712 13620 13620
87712 27590 56924
87716 20670 69625
87745 4610 727
87752 720 32917
87813 18350 4434
87845 23570 27036
87853 16860 82144
87899 21360 59500
87935 14700 54195
87951 11310 68319
88000 19030 47624
88043 4120 62105
88099 19040 16995
88117 5110 74399
88118 10410 1756
88118 21160 7983
88150 16180 46797
88161 23950 95553
88196 8970 87550
88245 16200 35676
88268 20990 75905
88385 20660 84951
88400 4250 14771
88432 1140 98703
88500 24440 76848
88516 5090 16353
88526 13840 82698
88605 17110 6558
88672 230 55412
88693 21870 21450
88705 29520 17448
88765 4710 44070
88887 4730 29537
88911 7710 37486
89025 27880 44013
89110 12920 24163
89129 9780 17863
89141 16230 34340
89167 6650 10448
89169 18530 4224
89183 21180 71715
89200 13370 80838
89212 5340 64154
89225 28670 49011
89231 13120 76237
89261 23710 7683
89284 1190 1620
89293 14050 37043
89376 15760 27610
89403 29550 77642
89449 5040 87580
89527 6280 88541
89546 21010 20161
89618 17450 53153
89641 11620 19517
89670 5570 37892
89678 19060 90590
89689 24110 62555
89690 20690 9159
89728 21060 74079
89749 27890 8812
89755 12300 816
89794 13810 94574
89808 22980 41402
89820 2100 54413
89828 1770 93744
89846 28930 10901
89903 28370 78673
89937 26260 18241
89988 29450 33165
90008 26280 89114
90020 16750 51139
90073 27350 45315
90082 17930 71878
90103 26540 87247
90134 29160 3281
90146 19790 25878
90173 20060 21318
90194 20240 24634
90217 23290 13659
90230 15280 49762
90235 20050 51276
90252 16540 59081
90264 7310 36470
90327 12550 4010
90355 2020 75185
90362 3650 89776
90417 1090 3095
90417 29000 92172
90561 17670 52800
90568 18440 71239
90578 25750 11477
90645 5810 25995
90645 26200 96846
90679 21440 19558
90684 3540 5535
90796 1310 35462
90804 27280 23649
90903 18260 5448
90907 16600 26742
91006 11920 73222
91016 8760 67399
91078 19940 67343
91080 21450 91420
91105 3680 42153
91186 7040 7266
91261 6110 92783
91421 7300 662
91422 17220 16455
91450 4700 65614
91524 8980 21039
91552 4300 33669
91656 23560 49566
91667 2320 63299
91744 26870 49700
91798 6240 14109
91800 24470 94199
91874 17600 46603
91961 25050 44641
91970 25760 79710
92029 10510 86978
92032 24190 35837
92033 13820 96762
92097 3720 44407
92193 17270 16798
92202 10130 38575
92371 13060 54833
92438 7880 36977
92449 20890 69712
92471 20600 20244
92503 28640 64664
92506 18990 53949
92595 3000 93725
92651 20550 94832
92676 22510 98539
92698 2300 25997
92786 4600 53911
92803 5200 66211
92843 25230 31205
92863 26160 95781
92974 25910 80710
93039 22390 43523
93114 15590 18868
93143 2510 40330
93177 20980 91116
93186 15630 41116
93195 13100 34486
93199 8690 77652
93234 13400 60245
93312 20810 37037
93344 12070 63931
93379 20370 13065
93454 20160 86675
93464 7110 49415
93592 15060 50245
93612 5120 26136
93631 12180 39383
93646 4360 59494
93655 16350 48401
93672 18390 9710
93712 14770 45054
93712 20080 23738
93753 26990 6928
93773 10380 56629
93870 21280 83705
93891 2850 91319
93893 4560 92112
93939 11420 78068
93985 27290 27976
93988 11660 38437
94024 24480 29949
94038 14980 33308
94048 26760 41754
94062 9970 44142
94065 19570 24799
94157 29820 38499
94197 27830 30832
94230 28660 87527
94256 29460 42394
94326 12890 76141
94339 1650 86711
94354 3260 33381
94356 19740 47458
94362 21860 26681
94371 25770 13346
94372 16490 14223
94388 18960 24744
94412 950 91541
94424 2960 75530
94478 5210 95068
94495 22640 16546
94502 20100 58206
94512 10960 79733
94548 22230 83541
94558 15820 46468
94559 29920 75204
94564 7410 9431
94574 3440 34762
94587 890 96229
94633 12100 36672
94805 8050 92870
94806 15640 34554
94814 23010 66966
94867 160 25249
94872 3730 96934
95008 22460 48467
95018 21840 98598
95079 11980 96985
95086 1270 50270
95154 440 72122
95165 10390 92842
95167 24810 86072
95189 7680 94273
95230 17560 68522
95268 8290 36656
95283 5160 10507
95317 22480 69722
95326 560 87196
95438 15980 96282
95450 15340 6095
95456 21770 73084
95497 20840 97095
95512 170 38580
95574 27310 23569
95580 21000 64717
95616 23650 75492
95629 21260 70290
95655 2440 63833
95686 19800 63707
95691 830 2291
95704 17350 46488
95709 6780 13431
95710 18460 47307
95735 25430 44012
95859 17430 18337
95871 17870 9134
95920 12980 31403
96110 9790 5566
96116 11550 71554
96137 2310 535
96148 12580 44391
96165 22210 85920
96185 24500 7805
96210 9080 6685
96224 25270 19727
96352 6410 76117
96405 17140 35087
96432 23940 53188
96468 27930 70978
96499 3100 49781
96573 6050 63477
96598 3950 56887
96607 18620 53719
96665 29510 509
96666 13280 55906
96705 15580 70279
96706 2720 58364
96757 26600 98509
96798 14960 86992
96802 6390 68953
96821 25210 18478
97022 12590 75610
97024 13050 87892
97046 22190 67581
97072 23960 10577
97094 1880 70915
97122 20740 6034
97132 16430 91215
97146 27010 63304
97170 23370 53440
97174 4370 10718
97258 19200 66400
97265 17000 95109
97266 11450 84659
97271 680 87202
97271 25500 64784
97281 15770 97502
97550 29010 69911
97616 11690 14970
97632 15550 73133
97661 240 86646
97735 7100 51777
97802 12320 6722
97832 1890 63902
97858 26420 53780
97868 24130 13921
97926 1490 9583
97934 29250 21779
97944 16870 15038
97944 21350 39121
97960 5920 23341
97960 20290 17410
98023 9250 51190
98069 7660 36577
98163 21490 40126
98297 12540 16420
98343 13800 17131
98424 29170 73499
98433 8090 14255
98450 6530 45184
98458 12520 24810
98472 11640 46607
98563 13500 34922
98564 9860 60404
98638 28140 87391
98696 11650 23422
98698 640 1944
98739 17650 36725
98743 17640 69521
98748 6920 83174
98789 16800 16346
98814 29150 51743
98866 17960 2941
98916 28590 60862
98956 2400 69211
98963 13110 34181
99039 26290 10255
99045 17950 25546
99151 3270 7867
99167 27750 14932
99169 5250 79876
99186 5430 71340
99208 14860 64089
99309 26020 174
99335 29130 43316
99439 7770 66369
99446 14890 35476
99466 29050 40880
99481 8010 75844
99513 6010 30051
99520 27030 90968
99598 4630 42417
99599 9030 89308
99656 29030 70009
99723 8750 25977
99809 9350 56813
99833 3420 94852
99860 10080 89873
99948 23320 87280
