3000 10000 65913 75969
12 12470 85165
34 11275 23970
91 3395 397
106 11735 62606
139 8990 25072
229 12215 453
251 2600 55786
298 3555 18112
300 10995 55068
325 12220 49174
343 1755 29926
369 2205 54218
460 13250 91858
477 9930 75701
506 2690 96742
541 180 12638
583 9590 62886
607 1310 78651
608 12165 20045
616 9570 76615
624 5335 87515
639 12995 89492
645 4370 15193
661 4645 29488
702 7540 56166
724 6985 39136
727 14100 16602
753 2635 65764
783 520 1125
783 745 84460
813 8680 1775
863 14590 60901
896 11940 43965
960 11080 90814
1037 5790 64719
1059 14185 51763
1102 5105 82321
1173 10665 79214
1263 5480 42222
1339 6655 5866
1443 1545 66383
1498 9250 1706
1500 5490 84641
1504 11455 93471
1699 5085 41186
1766 3705 26833
1978 11675 33411
2012 2505 56075
2026 11650 89523
2040 12980 56678
2042 10855 38976
2096 4685 54711
2153 13285 84200
2158 14610 14208
2183 11325 70976
2209 5625 29496
2213 1085 59033
2241 13355 69704
2244 11785 38778
2295 5035 28135
2313 13950 42072
2322 13245 75975
2335 11570 45721
2352 1325 59269
2357 9435 46455
2423 11350 73265
2502 10795 5187
2511 7210 46138
2513 1975 38787
2521 10730 85531
2549 6165 49431
2574 1060 54594
2579 3135 67615
2596 4785 28326
2600 4205 69789
2622 13655 86945
2625 9880 45550
2693 60 73281
2715 7845 19351
2738 9485 25961
2758 7440 78907
2866 5700 46728
2867 14180 46265
2907 1105 67804
2916 20 28044
2948 13885 70627
3003 2560 92145
3008 11690 85472
3054 8100 17285
3059 10380 37443
3061 9320 70245
3109 4725 94053
3110 13315 32194
3141 10170 46054
3155 9460 9674
3259 1300 58639
3285 155 87402
3293 4005 19445
3293 10080 69841
3297 6140 23089
3337 8825 11152
3344 10925 60769
3419 9395 44292
3444 7380 46573
3537 7360 94711
3549 8905 54580
3556 4845 32870
3598 12840 84429
3625 13120 45972
3680 12070 15885
3683 8965 89531
3709 7480 64776
3817 9020 61589
3891 9380 77618
3897 2305 99682
3938 7435 75355
3966 8925 56259
3968 10480 83266
4060 690 35752
4066 9340 85588
4109 1895 58507
4115 8490 7205
4134 13855 38284
4313 7815 44974
4364 5310 75726
4365 4915 10806
4366 5680 34115
4433 11295 26649
4451 13385 74925
4454 2710 80712
4463 1740 58239
4505 11520 69955
4577 7665 9077
4588 14355 45018
4608 7340 2630
4608 13210 32949
4620 12230 78498
4684 9405 45547
4697 8335 6162
4702 4665 61080
4705 660 47839
4783 2820 58516
4805 10540 79296
4809 11950 12092
4829 6850 7326
4852 10660 71769
4887 1095 13145
4895 3560 64832
4932 9420 86574
4951 3950 29756
4969 5365 89884
4997 12800 70507
5043 3965 56551
5071 6325 21947
5078 5225 22429
5090 865 9912
5110 2510 85962
5226 70 13687
5234 2425 53560
5246 9365 30979
5277 3915 41688
5333 6475 77690
5363 11510 95865
5415 8935 86901
5452 205 89671
5493 10425 42707
5510 3575 82341
5521 4135 45136
5607 7695 85384
5644 10745 78644
5711 3775 32488
5718 13685 10269
5760 11390 33781
5767 12045 59520
5792 4430 9650
5822 1555 77461
5835 9000 91712
5871 9180 85425
5878 7070 83004
5914 8435 19243
5919 8195 53898
5928 9850 14016
5983 8470 19824
5985 7995 21043
6081 13965 31724
6098 5895 83305
6106 9305 79039
6137 11525 38004
6141 7895 22075
6216 8635 41374
6249 11820 55666
6311 5785 89724
6324 14575 43711
6327 14755 77652
6333 1340 1662
6343 11245 49160
6345 2765 63657
6345 14425 22258
6350 1955 63686
6355 14445 4776
6376 12595 53959
6389 9525 764
6402 14415 6744
6407 3540 6489
6452 8650 97293
6479 6840 13997
6495 11395 85702
6523 5350 79166
6527 11515 79874
6528 705 57772
6576 14120 25754
6670 385 31489
6704 4950 75025
6842 4840 7740
6881 310 81406
6899 11345 16467
6904 14270 96075
7012 110 21153
7012 14535 45569
7033 12475 66065
7047 5650 316
7099 10975 33099
7160 6875 16297
7167 11840 99299
7184 765 1159
7226 5305 98498
7248 13560 2231
7266 7780 55143
7340 9135 42324
7353 9960 15458
7370 9350 53539
7478 9810 23012
7504 9120 61168
7567 10570 21916
7571 9200 89359
7649 9130 21867
7651 6430 90159
7692 695 48655
7707 6915 24894
7750 10640 80410
7767 6820 38107
7837 7575 53339
7864 2720 11531
7886 13830 48515
7897 11195 16761
7936 13985 95452
8024 8620 38085
8027 5630 43505
8032 3445 23590
8119 7570 12320
8165 14140 91870
8294 14545 1788
8330 3650 28885
8336 1845 87205
8337 2530 33043
8368 14380 5502
8424 11130 57419
8445 11635 3422
8500 1600 22903
8512 9855 53276
8526 12155 86248
8543 12780 93260
8600 2360 5896
8691 13640 85044
8692 5655 93433
8718 6865 11584
8772 14360 46086
8803 1625 56651
8804 3230 37192
8808 3150 51715
8820 7680 69000
8823 10070 99526
8878 11225 5623
8884 7235 34372
8884 13425 23963
8930 5900 10794
8976 3065 64416
9015 1760 86070
9028 6580 21434
9062 2060 78052
9081 3100 58694
9094 8345 51480
9105 8625 1215
9162 1315 65943
9172 12640 29754
9262 12425 632
9309 14705 5482
9312 7890 55001
9377 14660 76959
9453 13470 41002
9579 1195 33431
9585 13710 4083
9598 8050 80693
9677 13170 32713
9787 14315 56227
9858 395 30588
9903 11925 61881
9954 14695 20186
10012 5430 66266
10026 6435 54972
10037 11760 84948
10078 10050 9085
10201 5170 59332
10242 8135 30665
10266 7295 96999
10280 2620 66704
10317 13575 78261
10335 6935 85094
10339 13960 48274
10378 11745 70886
10455 2900 24506
10496 6350 76149
10502 14570 63483
10550 4275 64661
10574 9300 96536
10604 14470 1655
10609 1220 7029
10627 12420 2469
10638 12695 63848
10706 10490 49535
10757 4790 63093
10846 13525 13881
10890 7250 47682
10910 14025 83402
10933 8035 62619
10938 12345 28681
10977 4285 19358
10991 11290 92595
11031 6015 38993
11040 3785 14438
11050 8630 96668
11146 8280 33625
11160 5135 92520
11165 9065 85513
11171 625 24866
11208 10675 35187
11228 1005 32942
11255 12480 25907
11269 5610 89360
11368 12185 11897
11415 13615 30763
11565 9410 87432
11573 9195 38143
11573 9775 78927
11626 6785 34455
11713 3210 44677
11716 9890 52770
11721 8580 79738
11734 6825 53488
11741 9240 25113
11746 4435 45469
11761 12620 55022
11893 8250 10311
11905 12645 7388
12032 11055 58636
12081 14855 83306
12087 13605 3111
12106 5605 58667
12137 3945 94243
12161 2200 6585
12234 6560 14739
12339 210 1178
12344 5020 52613
12344 5235 16742
12350 2700 4388
12368 12020 53166
12378 685 5696
12394 2285 37758
12488 8940 44002
12494 14300 6399
12542 9510 28469
12544 6845 62286
12549 6725 65120
12569 6375 91963
12598 3765 71722
12695 7205 13705
12703 6345 30055
12703 8985 479
12745 3910 46309
12747 6200 40756
12768 2950 44649
12771 10635 78487
12811 9025 23412
12895 2965 72490
12917 11575 84693
12989 4670 32057
13036 12870 58110
13134 8900 14318
13152 9905 15829
13217 6980 17034
13231 12530 91393
13244 10175 49980
13252 2080 64521
13287 5635 43804
13291 3825 64665
13311 6905 90874
13339 4420 47762
13345 340 64451
13357 12835 43093
13376 5320 75171
13394 10530 28956
13417 8705 58720
13481 4625 1773
13539 11905 91760
13559 6800 34242
13627 535 64640
13714 8840 5994
13744 12130 93802
13957 2680 46282
13984 6160 90630
13995 14875 18136
14042 680 51304
14066 8355 5097
14069 3600 78745
14079 5850 26317
14154 365 17382
14156 2355 1785
14218 8310 52224
14242 4400 7825
14374 2325 75554
14376 3360 45003
14397 14735 8030
14434 9550 76949
14470 7445 29704
14477 12460 96439
14508 10200 8065
14517 1500 16377
14581 12450 19974
14642 13700 49295
14747 3410 97633
14785 8055 22589
14807 6775 31072
14819 13875 61998
14896 6940 47257
14910 4550 95389
14927 8670 48616
14948 645 10131
14959 12625 55644
14976 4130 26038
15018 5640 68942
15077 940 12542
15086 8805 56520
15109 1045 5506
15125 7390 62368
15139 10650 37379
15147 1860 82240
15175 3880 34018
15256 12265 66917
15306 7950 59594
15325 14365 88240
15366 5725 67127
15396 945 83743
15434 13130 34240
15473 14500 13660
15500 12360 65002
15503 55 61287
15507 3905 49017
15525 4050 78105
15582 12135 92153
15602 1440 27052
15622 1905 50318
15627 1885 97933
15648 12795 18423
15649 13395 46232
15688 500 37211
15698 3270 42910
15698 8810 12957
15728 9955 6843
15782 9010 20484
15798 6415 99146
15876 3690 47771
15942 14950 7743
15943 1605 60994
15959 9530 50164
16013 8815 86915
16037 7195 81116
16157 3745 57780
16284 2070 36229
16289 1720 55072
16305 2365 67371
16324 4455 24294
16409 5165 33955
16426 830 71280
16446 2850 83623
16476 11400 94656
16484 780 39539
16514 4295 83713
16532 12235 52538
16597 2825 18748
16615 2580 88642
16654 4080 94135
16787 7140 89604
16802 1180 33450
16812 1795 80174
16827 8220 10156
16835 11795 4514
16862 8540 15569
16907 13895 89818
16970 5525 95429
17096 1455 28365
17181 13230 9960
17197 1480 11167
17246 6695 77039
17250 8715 48875
17252 8765 58895
17256 145 46474
17268 3610 65922
17287 7910 85639
17367 4445 39146
17388 5555 82620
17412 12905 1459
17419 5340 98670
17421 8560 67913
17539 5590 61193
17582 13585 33820
17632 11665 41891
17654 13940 87106
17696 10230 59660
17757 13260 75211
17805 12650 76330
17918 7465 28487
17965 8640 88318
18030 480 58019
18078 9895 98224
18217 5875 71702
18228 9035 82976
18264 12725 18133
18289 530 62830
18298 1490 22493
18298 6790 70251
18307 4460 62990
18313 730 77819
18339 4250 81685
18341 370 30212
18359 9640 79132
18465 14680 42807
18469 7730 64792
18470 3855 43690
18488 1980 7737
18493 5530 86979
18514 2495 77693
18560 14985 12416
18636 10830 58578
18667 13000 60905
18680 5745 69845
18693 1430 59138
18786 5775 21757
18802 12050 451
18806 8730 76913
18812 10385 24265
18845 6975 33198
18845 9095 96793
18850 4805 89139
18860 7020 31971
18864 10820 71485
18878 5705 86526
18886 14585 51878
18900 1930 47552
18977 14850 23989
18999 9830 47867
19089 10585 27980
19107 10220 35963
19113 7175 3470
19145 3735 78576
19246 840 90732
19297 1295 60976
19332 11280 7671
19408 1965 86751
19444 11155 79206
19452 1810 2039
19455 2085 71037
19462 11250 16869
19467 14740 45325
19483 490 54050
19496 5245 63976
19541 14310 80999
19545 13770 12524
19595 5210 71784
19610 2855 67221
19630 3875 98535
19632 1700 60167
19654 10455 51918
19666 9330 32979
19685 4815 57565
19697 11980 72691
19708 13460 93714
19709 6000 7730
19725 9470 57969
19729 6440 93941
19730 8850 79440
19767 12430 61176
19784 5080 88446
19786 3515 71769
19907 3870 73500
19939 6035 9496
19962 11085 9628
20009 12315 41186
20021 11410 23808
20089 725 33037
20134 11835 94961
20136 10025 93574
20138 14480 53442
20176 4140 48603
20202 3505 91014
20241 2470 55736
20313 12060 66863
20342 4900 36196
20369 2500 57000
20396 12785 82131
20410 11240 49637
20505 2310 9689
20507 12335 83333
20516 14925 70971
20521 14995 34386
20535 11975 39536
20539 13280 91002
20579 14370 79979
20612 6270 29789
20619 10590 22453
20638 12635 28193
20697 10870 14067
20749 14920 6576
20772 900 76565
20791 11265 41743
20803 10395 20765
20860 11210 7915
20874 5835 18449
20888 8400 41650
20896 8975 52793
20926 10555 30916
20937 10325 53496
20979 1245 76744
21054 7475 43993
21156 8725 23763
21200 3725 86020
21244 10725 42524
21258 13110 7727
21298 12690 90020
21303 6705 14404
21388 700 11303
21554 8415 18774
21558 2075 80807
21585 11095 65658
21588 4210 46280
21623 7905 12378
21660 13410 16818
21758 350 89678
21781 7705 24104
21860 3995 69676
21879 5095 83952
21930 3925 2661
21964 5870 65883
21967 8645 73110
21975 9115 41492
22044 2065 82603
22072 2895 53217
22081 8075 27917
22118 9825 92683
22158 1235 30827
22168 14070 75189
22173 10970 2529
22179 9535 92089
22186 5580 96503
22213 2875 94324
22337 12675 30844
22447 735 13210
22480 2795 64289
22520 7955 15394
22528 11175 15517
22549 14030 95275
22561 14505 16966
22656 9220 75960
22693 10785 39462
22750 14715 49016
22751 11300 55941
22796 10150 71885
22840 9790 62393
22846 6285 97056
22883 105 29478
22895 2340 38570
22948 9090 50709
22960 6355 10932
22992 3455 54251
23078 2345 16502
23098 5575 63403
23115 3325 4670
23122 4770 24647
23157 3080 16640
23208 1680 24307
23213 3405 89550
23219 2490 10345
23271 11540 44241
23295 10465 76677
23315 10470 50808
23444 2400 12234
23517 4540 3455
23522 300 94373
23574 11190 16494
23629 14725 43154
23641 485 30166
23666 4630 69788
23698 5805 34165
23705 12375 94530
23710 8700 66892
23736 8595 97060
23741 8830 10682
23752 12400 72365
23759 2480 66183
23781 1505 38466
23784 3005 6969
23784 12415 28779
23792 5060 37937
23854 10265 74340
23870 4755 27751
23873 9965 45725
23888 2520 27289
23928 4995 93193
23931 3340 87509
23975 7325 74739
23982 1135 22623
24029 8495 52577
24030 2525 17345
24034 13495 12078
24042 1870 63340
24098 7035 45092
24112 2250 56945
24143 5710 72953
24150 5545 47372
24159 14665 28043
24179 9080 71457
24230 8170 52712
24277 13930 53026
24289 5435 67232
24291 2370 42533
24301 6320 59459
24316 9295 18847
24331 6745 87204
24368 12330 75182
24371 13065 10995
24397 13890 51637
24436 12255 25651
24454 8255 70515
24500 14015 67573
24618 980 73517
24679 7280 31832
24737 7830 98699
24753 10990 37424
24792 12325 95758
24795 7810 53399
24829 14075 55590
24838 7970 82000
24877 7090 12092
24896 2610 84615
24909 9680 85481
24958 14905 14554
24965 4590 47344
24987 10130 42905
24991 11805 4931
25033 13450 78548
25076 5540 55354
25163 6665 79285
25163 11045 18601
25166 7690 61528
25181 3015 51776
25200 11755 72154
25234 7010 82351
25259 8305 16516
25286 13200 63811
25323 2020 81780
25328 1285 30485
25426 6605 92488
25487 9610 95717
25511 10600 40340
25527 11990 12209
25531 14960 57368
25540 12710 73749
25603 4290 33436
25623 11485 47278
25628 10690 67788
25678 5840 34431
25689 9050 19154
25727 10290 74400
25901 11725 15029
25908 8200 982
25917 1730 71801
25925 13810 9361
25934 8590 62543
25941 8260 19270
25945 3680 63534
25956 6880 78176
25977 10095 98092
26006 3595 69433
26012 1185 50074
26041 2460 21094
26088 9075 54471
26135 13590 52281
26140 2090 26637
26147 11065 1118
26300 14845 10906
26307 6835 99426
26323 11335 82373
26339 755 10280
26350 7785 43421
26392 305 67295
26442 635 89946
26483 7005 94673
26551 2640 93205
26563 6250 23766
26582 13795 86035
26603 8125 13115
26636 90 872
26653 3920 48602
26687 14495 38940
26721 7100 89511
26742 4125 39772
26768 8010 64918
26839 75 86214
26874 14630 98888
26888 5450 72875
26907 13705 29011
26908 5000 50562
26939 4090 59589
26960 7530 82336
26963 3030 26281
27013 255 2107
27022 1345 95620
27068 10775 46605
27083 14455 42308
27136 13715 98658
27199 8570 56740
27221 4875 65431
27306 330 39344
27306 14975 73519
27390 4940 13227
27441 5940 43229
27442 1865 54471
27450 2570 82831
27528 2180 6323
27541 1570 33576
27549 6295 65490
27556 11320 21379
27624 3125 34432
27662 2550 12075
27712 2350 25841
27717 4180 58821
27844 8365 69077
27874 12575 75298
27910 8060 3578
27983 11465 98435
27985 9615 98093
28001 3055 17201
28060 4330 45796
28071 9560 40926
28084 7965 64382
28094 13075 95976
28094 13420 15640
28184 7375 96560
28202 6555 86245
28250 1035 9066
28289 12940 63339
28292 6195 17742
28300 11040 11240
28341 3810 5189
28374 12805 30075
28428 4315 46204
28432 2135 25878
28446 13235 85957
28466 100 88018
28561 12550 4295
28594 4040 35247
28631 13970 43869
28651 1575 98974
28715 795 17676
28725 9700 97612
28732 8800 99823
28827 8585 94813
28862 8005 17348
28891 2395 35515
28891 6690 82449
28922 2165 10786
28960 1290 64840
28966 5615 95750
28981 450 23965
28981 790 63884
29004 14430 77578
29005 610 7961
29052 8890 19461
29087 3800 1479
29134 5730 80465
29172 4920 97426
29208 4170 13541
29241 9735 51302
29332 9650 66885
29367 870 47314
29420 7580 82418
29432 9985 73571
29493 8605 76953
29612 4010 76931
29684 750 30862
29716 14020 14780
29767 6510 78468
29769 8105 19176
29778 595 79901
29781 1360 90814
29791 9900 60861
29808 8025 39610
29819 8455 77659
29819 9710 65731
29857 6365 73138
29908 6505 90921
30006 9580 31334
30017 7025 93280
30025 3485 72488
30083 7670 81231
30088 9975 62659
30103 6955 6743
30152 12300 34354
30164 14745 43388
30182 6395 72464
30184 14050 96581
30210 10345 29
30221 11960 69140
30236 6245 603
30285 4595 100000
30297 8320 44876
30371 11475 57010
30391 5515 89029
30430 6885 95589
30480 2670 34037
30491 150 12057
30496 160 3858
30533 10895 70901
30534 1020 7714
30561 9875 89257
30591 2055 69128
30641 3930 83877
30679 3180 16953
30744 1435 85190
30772 2840 62463
30799 7870 85125
30864 14605 73976
30913 4715 49701
30938 13320 58040
30991 14000 42883
31017 7765 65073
31021 4175 47386
31150 5390 41207
31161 6730 65207
31177 4000 23619
31252 2405 25509
31298 3285 37184
31331 620 18434
31353 6335 5757
31360 12820 55406
31389 7085 31376
31425 14285 19856
31484 8775 30134
31673 14730 6680
31685 810 39100
31713 13850 51154
31714 14440 56039
31793 14655 88172
31807 13175 76812
31808 13765 1862
31861 1880 19472
31887 13580 35436
31920 13195 49081
31925 6075 81199
31954 7185 83371
31996 9980 16782
32010 8950 41877
32014 14055 48235
32031 5240 52893
32036 6090 2069
32038 4265 1488
32058 3205 78655
32066 14815 55467
32181 835 92328
32200 14760 55887
32339 2255 82911
32345 1665 55193
32405 5825 65667
32474 14780 39342
32506 14435 86520
32534 4185 19655
32590 3490 79621
32652 8145 33199
32654 3720 24905
32666 10035 813
32735 4410 87676
32763 320 25648
32769 7655 1603
32812 12600 90901
32871 245 35188
32880 4200 79350
32894 12175 79888
32897 11220 97073
32908 7395 73539
32926 14580 45078
32982 13165 2665
32984 8020 7162
32990 13405 78009
33037 1190 87666
33066 11180 76323
33100 6305 29520
33121 11895 36797
33289 7405 65937
33295 7125 81933
33306 14145 63103
33340 3980 53963
33349 10 41131
33400 5510 96151
33404 10060 41064
33420 12040 8177
33438 9045 98570
33658 3215 4267
33680 9105 74671
33716 13125 87368
33718 8245 13463
33758 6180 40222
33771 13015 34942
33811 3265 99849
33811 7225 15983
33842 12700 44074
33896 5885 47563
33905 2815 69525
34005 14375 20441
34158 11600 82334
34161 7510 82329
34216 14165 7342
34231 1175 55210
34374 9465 62284
34462 11445 98965
34510 3235 24897
34577 14460 60442
34612 2100 96085
34630 7740 32832
34799 3535 88838
34821 13860 45468
34824 12955 91475
34876 11010 56647
34885 2940 388
34886 4570 56153
34952 13070 49756
34961 3010 60196
34979 995 53544
35091 1540 31679
35125 1595 82119
35154 11855 65310
35178 9185 17306
35202 10510 93402
35203 12205 1582
35219 890 4356
35318 7265 30575
35327 10840 38430
35353 10560 28959
35384 13430 80965
35397 9030 61746
35442 590 47241
35464 12095 78254
35469 12545 80410
35607 6045 74498
35712 7625 47463
35728 1690 96851
35741 10935 47170
35761 6755 35922
35786 8870 89891
35793 11355 67302
35894 2335 79784
35896 10440 43761
35929 770 37870
35946 11770 36903
36052 2130 41666
36053 8695 23382
36101 12845 4190
36111 460 37325
36122 2265 14179
36122 11000 6300
36134 6795 40213
36151 3385 76498
36156 9275 46544
36272 8880 74642
36314 9360 57808
36389 2430 74520
36393 11305 78478
36488 5070 73217
36520 3815 96699
36522 8660 73372
36522 11470 26883
36600 1620 97635
36662 7245 78639
36667 7495 16186
36760 12115 62085
36765 9375 84928
36769 13030 44949
36828 5925 96147
36855 12720 56033
36856 6765 10725
36886 10750 91539
36962 4300 64795
37074 4375 75236
37156 9695 37501
37174 430 90232
37266 420 6636
37275 6830 3300
37283 9910 16321
37336 970 49995
37337 4575 18286
37350 2605 94256
37411 4035 28062
37440 14825 67973
37451 14805 38686
37471 12540 54793
37553 3355 190
37586 2760 89480
37595 2990 37579
37609 13880 43362
37681 2650 30399
37695 3480 81489
37721 14890 73949
37797 10340 80184
37840 13690 15495
37871 3000 68648
37879 5145 93737
37911 9060 94737
38087 12065 624
38088 13455 76015
38136 7980 21361
38221 1630 13938
38264 13845 22688
38267 5405 66916
38269 7080 80566
38279 5690 45443
38300 13745 41629
38338 4760 6462
38420 800 3647
38520 5345 61345
38527 3970 9658
38529 4860 81722
38582 4115 26089
38590 2275 75740
38655 7840 74018
38690 3865 76486
38748 6645 45261
38753 8375 40575
38837 10350 89375
38846 2415 44812
38871 9145 62340
38886 4945 71527
38962 6455 86066
38965 11700 84976
38996 9175 4246
39067 10655 5487
39068 9290 35386
39136 7590 99554
39148 1240 29802
39156 14280 76396
39159 10710 2942
39317 9055 30084
39424 5150 1492
39442 5175 53646
39467 4310 39393
39546 6750 15547
39577 8095 77779
39668 13205 15783
39679 8685 65624
39739 10475 95143
39773 11090 17885
39782 3770 74071
39805 12900 28093
39857 14650 43814
39867 10210 25341
39872 7105 41529
39897 10460 83322
39927 9110 42236
39967 7850 24284
39978 7525 61101
39984 12685 49066
40073 720 58130
40080 3820 98628
40166 5130 80981
40206 13180 80486
40229 875 16162
40236 4965 2478
40256 85 40495
40257 7650 43832
40280 11830 53400
40293 9515 16584
40294 2870 21894
40413 8430 89265
40454 3655 7430
40472 6170 51952
40586 315 62198
40638 7455 25277
40653 3315 83194
40660 11505 11594
40662 8920 74674
40720 6420 45407
40730 11025 27354
40906 13105 72880
40940 9140 68464
40941 1200 49312
40963 8370 49224
40990 6530 429
40997 4235 46480
41034 2740 78590
41039 10110 30096
41075 12310 86798
41078 4060 13481
41086 1385 23017
41104 605 80669
41127 115 3344
41140 12200 88170
41249 10950 69418
41254 3790 90642
41257 1670 40492
41263 14775 24742
41366 10295 83261
41395 1080 29359
41411 7725 81991
41441 45 61529
41449 14595 618
41499 7110 79082
41501 9040 67714
41518 12385 63215
41679 655 33666
41693 14565 95967
41707 7720 33800
41766 4225 39144
41802 13630 83965
41807 12410 83179
41891 415 98746
41891 13160 55303
41972 14130 87637
42033 14820 26390
42036 13350 18301
42040 7500 28441
42059 9480 55808
42083 11810 80272
42134 4745 61318
42147 7535 32074
42147 10620 88118
42156 10280 11971
42161 9785 24189
42211 10805 1058
42263 4935 19165
42333 13740 99179
42335 6115 67058
42372 170 80473
42372 1485 6937
42381 8860 7972
42391 9155 90080
42405 175 16183
42411 3095 38710
42422 7385 9131
42437 12605 72507
42478 7060 67381
42530 140 75374
42537 13915 53025
42602 6925 42695
42630 2590 13869
42655 2835 69402
42728 10770 90029
42731 7930 65467
42803 2755 19175
42807 1275 66276
42823 9165 95102
42823 13155 16873
42828 6685 47999
42829 11720 25627
42929 4485 27245
42941 13805 92176
42956 12610 82509
42959 5025 90369
42967 5110 92927
42976 7675 24258
43045 14190 90531
43123 4500 23569
43137 3835 38400
43242 10835 24275
43249 7545 48233
43254 5280 5156
43271 12910 36776
43364 5455 5652
43431 7600 82220
43458 6340 46119
43469 8550 77983
43480 4340 51635
43484 11120 59895
43521 2450 93355
43553 9285 78266
43568 9390 67439
43576 9705 62425
43612 8090 86981
43653 12180 11382
43663 4075 90621
43783 7075 60683
43789 7460 28832
43835 5055 78631
43836 12005 93637
43839 10205 98130
43889 6005 18980
43890 5765 12012
44005 11660 60155
44026 7305 96624
44073 11380 94884
44125 9125 10093
44165 11885 87791
44222 13675 59216
44252 14540 76353
44262 8230 42158
44282 13750 68091
44387 4930 72291
44392 8515 3188
44421 3250 61042
44429 3805 12812
44441 4230 16102
44442 1030 61370
44549 14785 69317
44586 6050 67903
44658 2240 37591
44673 275 95038
44694 12590 69462
44725 9635 5056
44776 8085 71230
44776 8155 5439
44913 280 22602
44921 9160 73400
44951 5065 80911
45085 7345 29398
45120 5810 34686
45156 640 93670
45167 3295 58311
45167 10010 18443
45214 12125 89957
45218 6570 97729
45226 5995 99817
45241 5975 46494
45366 9670 19610
45406 11920 83719
45521 8015 67976
45579 12490 24916
45615 5585 92090
45651 3900 45904
45691 4765 94862
45704 11315 92005
45713 4850 51656
45747 9940 95955
45759 14625 7800
45846 8330 50908
45860 9655 3304
45877 10845 31798
45901 12520 10097
45937 14305 29513
45973 11260 36071
45983 2125 1652
46007 13330 62768
46065 6330 78493
46097 1280 2939
46141 8300 97280
46220 5500 74283
46288 6150 40940
46340 5285 49886
46357 6535 25395
46362 11670 58143
46363 3620 66105
46398 7595 81112
46400 11560 3015
46407 12915 70539
46411 14490 40061
46414 10735 45120
46450 1475 57223
46475 7255 48299
46515 9945 9875
46544 13150 68505
46566 12250 76522
46623 3890 41932
46643 14620 49131
46658 5325 39984
46663 4680 92665
46680 4650 60141
46721 9230 7739
46725 6290 92718
46783 215 4720
46834 12465 17554
46853 6565 17730
46899 14125 84561
46906 2105 80366
46972 4110 13651
46979 6230 3581
46983 14225 17093
47005 12455 24461
47007 4380 77367
47013 6520 49679
47084 2555 29999
47176 1525 51918
47178 1100 21803
47183 14520 71135
47247 12935 1575
47339 1985 71589
47339 13115 26873
47346 1830 92414
47349 6660 37532
47362 2810 63526
47367 5760 12927
47430 11270 76355
47430 12145 14273
47527 7300 28841
47532 14795 55952
47556 13785 38909
47581 7925 11149
47598 13225 64970
47603 14910 40325
47614 2050 51771
47619 11100 61869
47700 13360 40632
47707 1995 21361
47712 6280 57931
47867 10285 78967
47879 12745 13253
47884 14530 13028
48053 6315 12964
48054 12890 79224
48065 11875 1556
48084 6675 78046
48090 12535 30028
48109 10645 15532
48208 2695 21764
48217 10085 33373
48294 2025 34091
48302 11555 76777
48307 13870 88127
48310 14640 6911
48336 2780 31592
48348 7555 67031
48359 6265 69836
48359 11870 3067
48364 475 57460
48368 2995 39942
48412 8040 87056
48441 4085 26617
48461 14215 81915
48490 6670 96159
48530 11825 31961
48604 6920 49859
48614 14935 89511
48627 8910 65766
48640 3170 37312
48674 12960 65615
48690 11530 74549
48701 4640 67526
48724 65 33670
48746 13135 28300
48750 5400 76320
48847 12380 42732
48855 5375 76674
48970 6540 75249
48975 7605 29669
48999 6205 84099
49013 14090 35989
49021 10625 33998
49022 2300 57536
49123 12515 41947
49186 11790 84049
49190 5845 29926
49254 5155 93015
49259 6260 10757
49285 7415 21878
49307 8960 62465
49348 2905 45558
49424 14115 87766
49435 2435 12040
49481 10880 50220
49566 13340 58132
49689 5005 82550
49759 4955 565
49776 235 87671
49784 3425 18805
49829 8995 90393
49868 10825 80818
49977 13975 84500
49998 8350 23741
50001 4345 45584
50052 4025 65174
50055 7370 98104
50067 5470 19387
50106 14750 46909
50147 5140 80109
50308 6895 79900
50464 10360 15619
50533 12370 58494
50586 11590 20951
50629 7350 30014
50824 12790 98493
50911 9665 24565
50916 8185 40289
50935 8030 35931
50959 1255 71132
51019 12260 77282
51036 8275 26528
51040 13185 82276
51078 4865 96504
51098 9970 61111
51102 13255 6909
51107 9345 99302
51117 4910 83323
51120 6155 11717
51121 11545 83488
51193 2115 51532
51195 11860 9607
51225 12195 36305
51233 14345 74854
51394 3365 6169
51457 3040 46467
51491 6860 37144
51507 7565 70377
51587 2805 92302
51589 8045 32396
51606 10075 98935
51664 11580 71058
51698 7660 94663
51734 8410 58731
51739 2925 1210
51773 13335 7769
51821 1580 34943
51843 13990 18783
51851 5 42774
51941 12500 79054
51965 10335 33595
51976 4320 47464
52023 9745 61344
52032 3955 49807
52098 12975 58101
52105 10215 70973
52180 8385 842
52258 1520 9584
52354 10760 688
52358 4970 87569
52389 3290 85834
52442 8290 75559
52494 2445 69281
52583 4155 6675
52594 11645 45805
52639 5380 7915
52652 13310 30934
52659 12615 34362
52675 4735 70618
52677 10695 49315
52706 3460 40051
52742 13600 32327
52753 2440 67375
52777 470 19576
52828 3345 749
52860 95 90695
52865 550 9040
52874 560 67364
52896 6400 21717
52953 2935 4032
52997 8675 48806
53044 14385 9318
53097 6770 92208
53099 11995 85446
53174 5190 89193
53247 10685 6917
53276 5200 72188
53310 3035 13746
53323 3985 45138
53332 7560 55000
53362 2420 49452
53377 10065 95542
53384 7150 69987
53396 5960 35751
53396 13290 8714
53417 11185 35571
53453 3850 1494
53500 4280 32244
53504 2535 70202
53523 5415 48902
53529 12160 31773
53552 7505 19789
53598 1935 59777
53609 4960 64537
53613 860 27704
53622 13900 65308
53632 4255 65878
53693 13465 90553
53702 12760 55034
53730 4660 88116
53751 14210 49509
53782 4390 52108
53783 2150 55638
53833 1900 41127
53863 10890 80719
53885 2290 39548
53893 14035 19742
53906 7710 51223
53953 2800 64333
53956 13215 28339
54003 2215 90350
54024 14510 19284
54139 11620 78933
54182 8820 78786
54239 1000 24537
54283 13390 82347
54287 4100 42400
54334 3590 12154
54383 10550 89580
54452 8190 24063
54492 335 17300
54537 3685 6090
54542 7470 14077
54562 5830 6355
54578 2315 15180
54639 11680 48329
54654 2515 41348
54676 11685 70867
54719 14330 87091
54796 1425 12017
54797 11780 13737
54811 5425 69894
54913 960 72883
54916 455 82608
54974 4585 61061
55032 10300 52127
55057 5360 96537
55061 675 81071
55083 2045 55588
55084 2260 20707
55142 12485 52841
55168 9600 34397
55191 1370 85073
55211 6910 43739
55214 4475 19331
55243 12170 68221
55297 7315 13667
55310 9845 52855
55318 2735 36367
55327 12240 21881
55375 4795 37379
55410 380 24838
55439 7135 11986
55475 8165 95891
55497 3975 93050
55506 1915 47417
55525 4415 54864
55566 5045 70132
55583 1470 47443
55604 5205 28428
55632 785 93731
55634 3580 34664
55636 1365 41090
55674 12950 60653
55719 9835 31765
55746 9715 19174
55755 14405 49983
55801 12705 2013
55811 9520 61682
55835 13725 77887
55896 8530 78072
55899 4905 78483
55902 3700 39599
55941 920 98618
55969 5740 85596
56021 4615 53964
56044 13505 78514
56050 80 91662
56087 4020 33148
56098 5370 13207
56119 6405 61053
56157 7290 87771
56198 3375 47837
56296 9255 24773
56299 11800 11354
56304 12885 48700
56340 12825 38790
56379 13035 71612
56411 4885 91394
56413 14790 47468
56435 1065 82547
56450 2745 24152
56514 10005 71622
56530 7400 93548
56575 14410 49020
56630 12025 17127
56709 985 25715
56717 4145 4419
56727 3380 37932
56798 3780 36138
56799 5670 39661
56809 1050 99048
56816 12305 64658
56851 6105 69120
56877 1890 4090
56921 10000 72349
56983 7155 45857
57057 14670 93674
57081 11115 905
57083 11640 83685
57127 2030 28963
57128 4975 93051
57162 7275 36246
57174 14325 15369
57301 265 59931
57346 885 99350
57399 1110 40876
57560 3075 9240
57580 4635 19218
57656 2410 14486
57664 13025 9798
57673 7410 76620
57684 6130 5709
57702 1015 96993
57741 6815 54409
57790 8720 90255
57797 7700 86201
57805 9730 87601
57815 260 42531
57840 580 33597
57841 10815 89636
57864 11385 99376
57866 12225 48309
57876 2465 83757
57986 6470 15275
58042 13270 20059
58045 5595 69603
58050 4395 46467
58066 7750 70788
58202 7935 44443
58212 6595 64968
58253 11655 37542
58257 7915 74232
58283 13535 22249
58318 11930 5763
58318 14830 52102
58323 6215 31536
58411 2725 83260
58504 4105 75487
58543 3740 46701
58544 7855 63984
58565 14635 43664
58574 5475 49870
58577 6175 48487
58586 4525 7017
58591 5675 81816
58596 11340 78414
58600 7170 48469
58606 11170 80079
58626 7790 93554
58631 4580 86983
58681 2035 13174
58688 6950 27340
58689 2225 56362
58690 3185 21551
58690 3225 52897
58742 915 68807
58774 6030 70037
58790 7240 26186
58824 11060 87216
58859 11035 38789
58879 5755 21459
58887 505 98772
58894 2595 46580
58950 9565 44726
59016 13380 49953
59047 1405 37775
59047 5265 17375
59080 9005 25786
59120 6055 35334
59132 10430 92594
59153 5120 99147
59163 2630 38649
59176 5385 91131
59248 3260 80813
59298 3630 4469
59334 1375 27815
59335 7130 65633
59380 3960 34689
59401 14940 8726
59429 6930 50547
59443 3145 32975
59451 1250 88096
59496 13755 71496
59510 410 20774
59539 6855 62500
59784 8140 24063
59789 7230 5058
59832 12665 21595
59903 10450 48672
59931 3510 73172
59933 11815 32507
59935 13595 37013
60040 10445 49986
60059 8885 17754
60073 8000 34262
60127 190 47873
60133 11140 81744
60171 4150 4616
60211 13820 35708
60220 1945 59030
60234 5050 26130
60262 8915 90491
60272 12295 23279
60279 815 92729
60290 7820 72929
60331 7000 46554
60378 4690 54558
60388 1840 44523
60402 11075 53684
60431 1775 44030
60441 10370 72737
60444 3275 1654
60449 570 49945
60466 13365 67532
60538 5920 40502
60547 9725 60635
60604 10720 91942
60671 13190 33333
60749 13695 97083
60772 8295 28487
60775 12990 38550
60798 3195 71127
60846 3415 98530
60850 4355 84964
60856 11430 84737
60860 4855 83475
60915 8120 37858
60958 1875 42297
60977 10505 2528
61005 13010 56802
61027 11050 56783
61043 7630 81527
61089 10810 92538
61166 11705 64539
61168 3795 33633
61179 1075 94569
61200 9815 20057
61204 12120 30108
61276 3615 8703
61323 14395 77366
61373 2985 35635
61393 10365 31817
61444 9270 2225
61507 165 52175
61507 11970 99494
61512 8500 8993
61517 12510 91617
61547 10485 17555
61565 7745 78365
61586 1950 59259
61605 4095 65038
61624 1835 40973
61628 2845 43431
61630 5215 71402
61637 11910 54614
61639 5720 21683
61643 9760 76758
61663 12830 80743
61696 3220 40405
61785 12090 41751
61817 11435 72070
61838 8970 68023
61844 8270 94766
61846 14290 61952
61879 11965 22156
61913 12075 93286
61948 14880 12616
61985 4360 90708
62014 10245 1553
62057 12680 61488
62075 850 10549
62085 3155 128
62099 14865 28463
62123 10165 86230
62135 11625 72693
62154 5250 96876
62174 7835 30390
62255 11890 36857
62276 13055 45252
62315 4600 61093
62334 9100 82414
62430 12875 98316
62454 8325 16488
62480 11360 87928
62486 9575 36429
62514 715 84203
62566 4055 8984
62595 3430 75694
62718 13840 55989
62756 11460 22242
62799 4385 8361
62832 10030 3292
62835 5695 14776
62853 9355 86848
62901 6700 83422
62957 7975 69706
62972 12735 74714
63059 10520 75578
63090 8065 56026
63173 4440 13847
63215 10400 65278
63244 8425 87963
63267 7160 83089
63286 5185 13699
63308 6545 17626
63310 1815 1282
63381 6515 88817
63396 6120 59152
63419 7805 43097
63443 8930 84317
63480 2715 67721
63490 5990 77316
63551 2775 67221
63569 6590 76965
63592 10915 66827
63608 495 2003
63609 965 96914
63621 2175 51070
63646 11255 19952
63692 11985 45882
63726 5220 12201
63767 11215 72241
63770 13645 7645
63816 4545 91808
63828 13565 3986
63830 13570 98548
63842 2910 61648
63865 1695 70373
63870 9190 13417
63875 11110 16271
63878 12505 11918
63900 6275 67967
63904 10020 73622
63911 2930 98487
63920 9260 76022
63964 2245 19308
64033 12750 47330
64047 10275 76029
64063 12110 60667
64084 5665 42002
64109 14465 78702
64200 8790 96993
64217 10105 92948
64259 11070 26751
64270 9415 18743
64286 9925 57560
64298 1225 87425
64327 6550 23572
64331 9335 42667
64355 2750 69994
64385 9820 92435
64432 9315 95741
64550 1145 59946
64578 14295 30609
64599 3140 79553
64629 14160 965
64635 13080 94900
64701 14400 39962
64724 4695 7374
64756 13515 87559
64778 185 61880
64800 12365 13702
64835 10500 50295
64873 345 83028
64894 10680 60445
64929 14235 90935
64968 2155 6982
64976 5855 85848
64992 400 10416
65002 9660 9487
65010 1530 60359
65038 6990 31135
65045 650 62129
65050 9555 84292
65200 50 49230
65337 4895 37580
65345 6615 46292
65360 4560 6440
65363 9920 4175
65413 225 50322
65428 8565 83610
65454 14600 107
65481 510 16616
65491 13440 78611
65533 13435 95410
65601 5970 7029
65699 14110 11492
65781 7270 29273
65830 5260 11590
65850 12655 69125
65944 14945 64208
66068 9070 61296
66084 10740 95072
66186 8450 32318
66214 10525 48257
66229 4980 47556
66237 9170 29740
66241 8110 90884
66254 1745 9576
66295 13650 9631
66336 6010 83120
66372 1825 56212
66392 4605 8282
66498 8130 71098
66503 935 26017
66547 525 53642
66580 895 85829
66581 5505 19998
66605 600 62981
66622 12565 13593
66638 7760 13794
66685 7310 76390
66729 1380 97894
66731 8655 5238
66921 13955 99955
66928 6635 68685
66933 6410 8907
66942 12150 10951
66972 13730 41011
66995 6460 95122
66999 8235 38178
67029 10800 98153
67034 13220 8944
67074 8665 5486
67112 7355 65074
67125 4750 63530
67169 7485 86436
67174 6310 52744
67196 1335 45058
67241 3420 37378
67249 4215 86643
67254 8600 28354
67264 8160 21567
67287 12440 24043
67320 6425 81634
67339 11145 84239
67376 13060 93309
67467 3495 20580
67525 9445 7354
67589 4720 90605
67630 5965 95243
67690 1460 78175
67709 5040 67720
67745 5890 29251
67781 14970 40099
67784 2375 49734
67798 5495 17882
67813 12765 48265
67863 2140 105
67894 8945 31644
68003 4655 21011
68005 14390 14427
68084 12660 75741
68155 6390 6199
68167 10135 6534
68258 10155 23613
68350 5300 55698
68403 10670 35259
68491 12015 58712
68504 3990 2394
68525 11450 8918
68534 12320 12613
68580 13780 17552
68592 11310 39932
68636 825 97038
68641 12525 76540
68660 4365 59354
68690 3755 82370
68710 10605 65289
68782 9740 51607
68877 6945 23450
68911 5565 3242
68912 12855 70347
68927 405 23720
69081 14870 84999
69151 6025 37270
69153 9620 54509
69188 14690 91267
69193 12920 12345
69196 5820 56154
69330 11425 1731
69359 1150 61541
69399 12985 42267
69441 1940 9870
69445 9720 21736
69457 6190 86767
69459 8475 21510
69461 2585 36587
69471 5440 88693
69518 3115 83505
69525 7490 91513
69612 8865 53540
69645 14080 98029
69656 12190 47061
69669 14810 33542
69670 4870 81890
69681 14260 45710
69686 3500 10803
69687 6450 89624
69702 12395 21597
69789 12770 68497
69813 2545 78483
69817 2540 31301
69825 5100 20144
69843 9990 35153
69845 12035 61694
69846 13910 7939
69856 4015 80584
69871 7900 19361
69917 3300 98474
69924 3695 2365
69950 2010 5125
69955 7755 86831
69962 13760 18141
70054 10545 91477
70111 13610 66493
70226 11935 95896
70231 12405 58845
70246 1590 56555
70251 6960 49184
70283 10190 36249
70312 2005 4762
70343 5935 42515
70357 14835 15156
70392 425 93323
70400 10415 3269
70429 1155 5155
70437 1115 36618
70454 3660 18137
70516 1160 91645
70523 4565 52208
70548 5780 59906
70553 7880 14133
70581 1800 49446
70590 7260 70073
70619 375 48887
70657 1750 19262
70691 7520 47539
70697 11945 87571
70769 9455 3539
70776 7990 78634
70807 12055 60228
70857 8980 98131
70922 10705 36577
70938 5465 14627
70977 8380 44530
71027 1010 63854
71075 8070 21617
71089 8510 34417
71096 9915 70187
71110 1070 43435
71266 955 44625
71344 8215 2899
71452 13995 51907
71458 1055 89759
71504 9950 77717
71534 7615 33294
71541 10405 90472
71569 925 69432
71577 7940 18446
71605 11285 65200
71686 7885 8375
71717 9545 57381
71752 13555 57273
71764 8395 88299
71785 7515 35055
71860 13825 86596
71885 6360 94209
72008 5270 53244
72022 9750 43000
72030 435 14870
72081 3860 45364
72134 8485 59348
72150 4880 13246
72151 6225 47293
72181 6100 11172
72214 9205 99328
72221 5955 20230
72234 13500 47173
72294 10195 27189
72345 10535 66140
72372 7875 40418
72381 14240 13346
72412 1390 6100
72418 9685 82888
72436 10515 45023
72441 2660 69267
72465 3400 82629
72486 930 24370
72494 14685 73863
72498 2625 88137
72547 9440 27839
72598 565 43346
72603 5985 75257
72654 3335 55998
72713 630 99676
72716 10330 95250
72784 6485 91696
72788 10125 98645
72866 1550 16656
72868 9675 6025
72973 2190 73316
72998 7945 46710
73006 14840 19470
73092 8445 47937
73099 7800 97286
73131 2980 67356
73135 7795 71148
73141 5160 78012
73176 13670 31175
73277 1170 29118
73309 6870 88359
73384 4160 82801
73441 6110 34219
73462 13145 96240
73530 240 16917
73553 9935 56165
73574 14195 42569
73610 4710 21039
73624 10160 26323
73640 9540 97097
73648 10595 49884
73660 11415 96320
73717 12355 90548
73724 615 96515
73736 5290 21620
73834 230 10475
73872 14915 6782
73900 5115 46334
73936 9765 75031
73937 10055 959
74042 2145 38738
74071 14060 55937
74120 2270 30961
74123 3550 60416
74133 11005 34891
74138 8225 3347
74158 11710 39906
74164 3940 99975
74208 3050 20574
74224 14720 94050
74347 12390 3050
74371 8535 71300
74381 13100 50834
74410 4425 94740
74491 555 84032
74500 3635 70949
74534 3530 53941
74611 8770 25863
74622 12290 86648
74634 5410 32468
74706 7065 43270
74724 8895 6786
74734 7920 10436
74754 14980 40660
74757 13980 28346
74783 10145 29834
74817 9475 25400
74818 14965 44360
74875 12715 20226
74914 540 4583
74922 4165 18674
74997 14770 48430
75009 9265 96908
75014 5255 30115
75047 5795 30104
75069 8115 43532
75102 7180 51667
75119 4405 91074
75182 1205 73992
75200 3670 45372
75207 4830 98590
75214 1355 3434
75233 6370 54339
75269 7120 91045
75301 5980 54889
75305 880 32906
75318 7550 5909
75322 10630 17925
75331 195 28530
75335 7145 45129
75335 13945 72744
75430 1305 65207
75558 6185 80883
75633 1025 70148
75661 12730 68463
75808 11150 99174
75810 6480 69344
75852 465 60928
75920 13415 78542
75956 8175 2704
75960 14170 34116
75985 4120 77625
76000 10955 65060
76008 7335 80656
76054 9805 74232
76067 4700 21597
76083 12895 67574
76091 4245 50470
76105 4065 70073
76122 1090 78529
76148 11915 95798
76151 2110 76684
76156 6085 72330
76165 6995 96593
76205 740 99121
76224 4030 84620
76465 7050 59857
76497 3390 23063
76501 1270 83120
76508 9795 252
76518 10240 79779
76536 3060 63254
76565 6720 34587
76606 13815 75613
76613 3120 5668
76666 11405 9503
76700 1515 1073
76706 5660 80809
76763 8150 96210
76861 775 54447
76980 8405 55949
77006 5865 1207
77049 6630 9050
77055 4490 85478
77067 4530 41022
77109 4535 98713
77149 13095 23320
77209 3160 96539
77213 5460 24504
77215 12270 80181
77270 11565 91681
77308 4985 34319
77312 7215 26692
77343 13445 12858
77362 7715 16527
77392 11375 29838
77410 12860 58971
77444 12030 69323
77472 975 26798
77474 6040 55169
77476 7430 49575
77493 14525 58032
77602 2015 80093
77633 6255 86459
77646 8390 89684
77674 4990 5251
77675 9210 20671
77737 13510 94861
77753 8265 83294
77759 12275 44323
77766 4470 3586
77793 10375 10858
77816 1410 92153
77817 12560 55722
77872 7220 43487
77881 14955 12684
77889 3070 422
77891 9085 79713
77927 10410 39203
77985 7165 83633
78098 290 73141
78099 12445 91832
78112 6680 11272
78149 12245 38129
78153 6710 9808
78163 3830 35665
78252 10790 75424
78262 3320 84201
78333 6740 1059
78436 3840 19545
78452 5860 90948
78505 4495 52
78519 1925 29894
78521 13475 71604
78537 1735 23922
78614 11605 34011
78645 1320 13336
78661 10435 26956
78665 10580 25301
78669 250 48639
78696 3020 79433
78708 11610 70800
78728 13775 34561
78785 13920 10238
78815 10755 46167
78901 4515 34206
78942 9015 22862
78959 5800 66419
78976 6095 18220
79033 12740 17340
79117 10875 74186
79139 14340 96896
79172 14265 21510
79200 1660 94295
79203 1770 14364
79273 1140 60035
79376 670 37819
79436 12495 49418
79491 3105 32572
79512 13635 54966
79584 6385 36758
79620 11955 53027
79639 13040 52999
79677 7365 55943
79696 14350 71700
79699 8785 34435
79741 14135 66486
79774 11740 38420
79787 8610 15626
79925 13540 26141
79965 11125 48443
79992 14045 43323
80012 2730 60691
80049 8855 57290
80057 710 12560
80127 4260 97697
80238 3090 48568
80247 11850 56656
80388 325 43015
80463 1790 20168
80527 8555 12713
80553 7645 28461
80559 8845 58524
80579 3935 64143
80584 9595 96730
80646 4195 15579
80656 9425 71986
80661 7285 93479
80668 3640 48842
80693 14450 39094
80883 6900 67883
80892 12570 25904
80919 13265 14034
80941 6220 25411
80950 1785 97619
80977 10930 11976
80992 5420 17273
81023 11750 46476
81061 6585 28872
81062 3845 26990
81087 10700 43844
81091 7115 83831
81114 2915 71747
81182 14005 47989
81192 9495 64459
81201 9500 80507
81209 10310 46413
81238 12815 88245
81269 3675 45759
81272 13375 65799
81297 7585 74007
81317 10885 26429
81452 220 48885
81470 5770 2501
81494 11015 41445
81546 6445 97040
81600 1330 4945
81704 3715 81441
81795 2655 54536
81809 10355 84077
81812 1655 3924
81825 12775 38827
81833 6625 12492
81843 12865 23945
81848 7985 83831
81853 14515 527
81863 7775 28842
81948 10615 21555
82119 3450 64256
82152 10305 42221
82194 10940 86617
82200 1640 20381
82245 4465 10292
82340 14175 6720
82348 6135 80007
82368 1685 51658
82390 9245 7250
82404 3085 52787
82464 1210 85401
82498 8795 21374
82506 11765 9861
82511 6650 76751
82564 10120 98599
82590 1855 40310
82658 14710 64764
82690 10865 95237
82800 7040 70326
82807 12970 51094
82809 10140 66256
82849 1215 66611
82879 4800 99554
82888 910 78412
82903 2975 28497
82903 11880 42716
82911 855 77723
82935 5330 69521
82950 2000 16153
82991 11715 30919
83023 7685 48399
83041 2485 80331
83114 3350 25198
83141 4780 25284
83165 11330 81503
83233 440 39334
83342 2785 51160
83377 13400 16272
83449 10185 20154
83458 2860 20272
83482 11865 39017
83497 8420 83616
83529 13935 76376
83554 905 82380
83580 3760 99965
83650 3585 27330
83657 1675 64393
83772 12350 87970
83829 2210 75544
83837 6780 18431
83892 4190 23370
83923 5930 571
83953 1420 13605
83975 14895 15028
83999 1450 81849
84074 5295 81855
84078 5090 78787
84083 2955 47105
84098 4350 5300
84111 35 71534
84143 10900 81475
84177 7015 68283
84226 4925 56954
84252 7320 98451
84383 8750 67491
84396 9430 52799
84425 4270 90101
84437 12555 80721
84459 10780 45299
84472 3045 74452
84480 120 93834
84494 575 20160
84529 2280 88013
84532 11440 34545
84532 13800 68831
84534 14095 75901
84552 4305 63004
84584 10850 33801
84598 8460 43696
84618 9800 75571
84700 12810 92737
84721 6890 11092
84748 13275 72644
84831 295 2957
84849 30 70501
84855 7190 6233
84867 4555 67386
84875 4520 18778
84892 13485 68003
84918 4820 17673
84958 6760 41314
84974 9325 2163
84985 14155 65602
85010 5950 74502
85065 6065 73637
85134 13660 72315
85268 6715 92189
85389 13665 46379
85463 1645 61473
85481 1765 98121
85497 5125 84802
85540 9645 51306
85553 9690 30156
85555 4620 26663
85562 6620 31408
85621 3475 35950
85668 1805 41273
85678 8740 9701
85694 3750 88763
85844 12010 24872
85862 7330 44670
85891 1910 1472
85910 3730 62977
85953 4775 91968
85988 11165 68255
85994 1710 74393
86007 1495 18466
86067 5230 64311
86075 12285 69337
86078 1560 80586
86147 4505 44995
86183 130 54838
86215 9870 49752
86278 13790 75830
86318 3280 72537
86383 15 20460
86423 4325 676
86427 10180 51901
86515 6300 35024
86559 6805 72742
86583 665 11870
86599 14335 85965
86652 9755 53552
86719 9995 78703
86740 4480 12929
86819 9235 26821
86826 13020 63067
86848 2475 9117
86892 4740 87318
86913 13045 97654
86927 1165 85654
86941 3025 17823
86959 8210 32393
86980 2705 40861
87055 7735 28832
87060 11775 27959
87092 5485 18616
87093 13490 11590
87103 1610 10907
87103 3465 20947
87119 12340 96178
87159 1780 30312
87185 9630 25130
87261 12930 69289
87282 2295 63438
87294 7055 70920
87360 10610 73200
87426 13625 82882
87428 5715 71960
87524 6525 20560
87537 10495 12603
87560 9770 65790
87567 11495 87090
87582 11365 56538
87625 5445 46011
87644 845 5350
87706 40 72769
87721 14085 19847
87723 5570 61424
87745 2320 33001
87747 760 10246
87789 3625 79443
87842 4890 6291
87878 12755 99504
87878 14105 75959
87927 10270 71555
87958 12080 86187
87972 13090 47206
87980 6735 40697
88001 7960 86914
88025 10040 26029
88081 3570 176
88109 6610 94859
88184 7200 712
88221 10985 72187
88225 13520 16893
88248 10100 56256
88256 4450 44405
88259 12850 31878
88285 14990 99135
88304 545 19368
88321 10260 43206
88329 14475 89608
88344 9840 47756
88380 2685 76214
88401 12085 44176
88406 10320 2627
88413 12925 62788
88429 1970 78934
88435 1585 51796
88444 9280 7229
88543 3565 77783
88572 3710 24545
88594 8525 18873
88611 2645 86753
88611 9625 10043
88725 1725 49146
88763 11730 89769
88970 13325 59328
89028 2390 9050
89035 10115 55133
89124 3665 38268
89129 2330 45162
89135 5915 31083
89135 10920 52890
89140 25 24202
89159 13905 71137
89170 5600 2316
89230 6380 89790
89238 11200 16016
89277 5010 75889
89282 14560 45611
89289 9780 54940
89304 12105 33925
89316 445 28098
89316 7045 62149
89329 10960 46146
89338 1715 42919
89342 12280 15049
89361 990 41425
89428 4070 9017
89542 5395 14469
89570 8760 82728
89583 10575 79271
89610 2170 8327
89633 14065 5964
89651 5520 31855
89656 7425 45851
89724 2160 93965
89754 2960 6623
89759 5945 62942
89806 8205 15709
89811 10015 70023
89813 4810 90108
89826 8745 20917
89937 12965 85151
89970 14275 71350
90040 9450 80236
90047 2380 82624
90132 13620 85603
90196 14885 31911
90209 6060 78001
90240 12435 91792
90274 14255 58365
90283 5735 61424
90298 1510 88310
90311 2220 1229
90342 10225 96170
90345 6210 9726
90349 6810 51299
90357 8285 54843
90369 3245 30331
90445 8735 52868
90447 14555 49199
90469 11500 44478
90477 3165 30994
90542 6965 77778
90545 2665 27273
90598 13050 78154
90655 8340 82141
90666 1705 27002
90708 4510 2176
90769 15000 82423
90782 6490 69683
90879 4220 69584
90951 14675 62671
90988 5685 18678
90992 13345 21678
91032 2945 30734
91036 14245 42367
91041 13240 38442
91064 8780 25545
91101 1125 93820
91240 14860 85868
91262 9310 20377
91321 3175 63519
91337 10860 73797
91347 14230 74456
91446 7030 25089
91446 14010 97754
91460 1415 69209
91474 7420 60760
91522 14205 98297
91580 12100 22547
91592 9505 39728
91681 585 66431
91725 10315 51742
91786 14645 28157
91825 2385 38806
91873 13005 89468
91924 13085 81581
92119 360 83052
92170 14040 41399
92225 2615 12828
92272 10765 1711
92278 355 22751
92324 13735 43442
92356 1395 68837
92371 11205 17880
92379 135 33477
92397 5880 81499
92445 5550 65020
92535 1040 48570
92544 3545 28924
92562 6500 2733
92642 8875 12428
92722 1260 29913
92876 1650 87119
92909 8360 30585
92920 9215 2491
92925 2575 45765
92959 11535 9292
92973 11585 34227
92986 2880 12703
93008 6080 45137
93068 13550 46008
93128 13370 83086
93252 2120 5370
93253 11480 1875
93310 13295 89311
93316 9370 44074
93328 5315 6863
93483 13680 57686
93515 11845 93876
93530 7620 77029
93553 6495 16155
93569 14485 35758
93648 6640 58672
93685 13300 59099
93731 10090 57057
93749 5910 57429
93756 13545 12330
93881 8465 779
93896 13925 7834
93921 3435 10646
93937 12670 96947
93977 5620 97031
93993 9385 31697
94031 6235 40869
94070 14700 17707
94075 12585 55087
94117 11230 10717
94135 14550 87717
94164 3305 81751
94182 3885 25296
94232 7770 69512
94235 8520 66255
94237 10910 47781
94243 9150 17166
94344 5815 55239
94344 8440 30339
94349 3130 2787
94422 8180 10884
94438 1615 9681
94506 8955 53088
94514 14900 46475
94529 6020 38610
94601 820 6936
94640 5645 67489
94675 5075 69506
94696 11235 96241
94704 2455 54998
94723 9865 19755
94726 6575 82731
94757 10045 3176
94759 8835 73985
94792 13530 39076
94793 13720 54402
94810 7095 34609
94830 5535 92741
94838 11105 31581
94841 1445 22811
94885 8690 30429
94922 4705 54366
94931 515 41072
94942 3470 566
94994 1850 60618
95033 5015 22189
95078 12000 19105
95085 1400 7663
95097 3200 94326
95119 3895 2311
95172 5560 69634
95212 7825 59555
95240 3190 17079
95259 9400 95644
95299 14250 42863
95300 12140 9736
95373 6070 56677
95382 2830 45516
95382 14930 20811
95429 14615 81775
95453 10980 65977
95478 2195 80728
95496 13140 74462
95511 12945 408
95527 5275 77913
95534 11595 97897
95583 2675 60664
95594 8575 17982
95602 12580 31589
95610 1350 76859
95610 11370 76077
95658 11615 88654
95732 3370 35035
95815 10905 78271
95843 8315 22163
95864 8615 49072
95880 10945 44630
95887 14200 62143
95993 10235 88401
96066 1565 22770
96074 9860 94369
96078 14800 76346
96135 2230 45257
96217 10255 96790
96234 3525 6007
96234 11490 16742
96263 2885 31532
96307 8480 49591
96317 6145 31470
96335 11160 95091
96371 11550 68168
96383 1820 87143
96440 4610 18391
96456 2185 28441
96543 6240 92975
96572 125 56765
96644 5355 41151
96750 13305 16221
96784 8710 31667
96797 4730 69385
96816 11020 77899
96835 3520 92128
96883 3110 56465
96971 2095 20918
97007 14150 11266
97008 5030 1876
97016 2040 47413
97046 8080 88036
97055 2970 82388
97065 200 35662
97147 2790 37374
97221 7860 5874
97281 10565 80603
97297 5180 47758
97304 7865 84391
97403 3440 30460
97403 9225 45198
97421 950 10067
97452 2920 72809
97455 1130 77841
97478 7640 27854
97481 4825 83247
97504 9605 68348
97615 5750 71413
97632 8240 85756
97667 2865 55025
97730 14220 64544
97740 3240 96097
97744 1230 59409
97786 2235 41591
97796 2770 37440
97871 11030 12606
97876 3330 45239
97904 1635 88160
97917 7635 49847
97918 1120 96128
97930 805 72709
97936 14765 74021
97943 13865 63962
97972 14420 82837
98010 1920 12383
98056 285 41143
98152 6600 86384
98157 8505 95414
98295 2565 33709
98309 7450 94002
98317 1265 78374
98397 6970 43226
98410 11630 80573
98427 12630 33756
98498 10965 29937
98547 1535 74785
98595 1990 23070
98643 4045 70804
98648 13835 80652
98691 3255 16142
98708 8755 64772
98775 10420 201
98801 11420 40344
98818 3310 18358
98835 11135 14727
98854 4335 9087
98913 6125 57130
98971 14320 8984
99032 13480 15711
99076 1960 47076
99113 1465 48575
99126 10250 91331
99134 270 72721
99217 390 44603
99264 9585 85031
99310 4835 98808
99316 4675 21461
99428 4240 99064
99432 11695 19632
99448 10390 60090
99482 9490 62785
99483 5905 79231
99523 3605 39480
99539 12210 4586
99621 3645 31041
99624 9885 53644
99746 12880 96611
99829 6465 93591
99888 5195 26552
99896 7610 52798
99917 10715 77791
99941 2890 61715
99958 11900 92147
99963 8545 23981
