3000 10000 7857 81323
43 3770 62248
77 3520 89851
122 9880 27768
150 12110 68721
153 5090 87631
185 10290 18583
199 11240 63546
202 8430 34252
264 9150 65798
297 9120 4851
302 9630 50540
322 9490 33468
329 1040 43471
385 3960 93143
388 1550 37875
395 11480 27143
440 1360 36213
448 7230 51314
449 12420 84253
451 11640 20131
453 9830 76592
472 2190 95680
477 900 7724
504 5570 47171
542 11930 47088
548 5080 68341
589 14900 80016
614 11650 1437
618 12960 47669
742 1280 76155
746 8230 93354
758 5350 21021
782 13690 58670
862 9240 28749
884 4500 17447
956 2380 84454
994 10920 40974
1064 6470 6028
1071 4020 17143
1078 10120 55909
1090 3200 78488
1096 3690 61205
1101 10750 84472
1116 3960 60592
1130 4860 65967
1133 11590 67339
1143 4230 25942
1234 3090 66591
1235 1810 95807
1293 7790 4850
1294 11970 58780
1310 10090 92019
1433 10590 51763
1522 9100 1073
1540 2260 51656
1580 14720 49243
1587 9280 99836
1600 11430 43588
1609 3490 11309
1646 6870 26295
1653 11040 25377
1688 5470 19026
1702 12440 22371
1719 14320 20654
1737 9000 45304
1789 7920 41245
1813 6320 45515
1862 1870 3840
1863 13180 36819
1883 10090 98220
1929 4750 18878
1945 7200 47561
2106 6820 11971
2107 5060 95819
2128 4070 26685
2129 5210 50942
2218 1620 22788
2233 6770 41892
2234 3880 20852
2272 13000 93620
2347 11250 9437
2364 7020 48392
2371 9910 28945
2372 12390 58697
2404 1320 93585
2448 3600 63655
2452 4690 3511
2502 3060 67766
2516 12060 86171
2564 12350 60934
2651 7400 71918
2686 8650 93363
2784 3140 30944
2802 10390 51326
2802 11500 81920
2874 10860 57368
2894 2000 38490
2904 4250 38088
2929 1210 11796
2948 3080 53155
2958 12220 41207
2964 10100 36058
2986 8950 76073
2998 8100 12262
3016 10600 54576
3057 8080 53499
3097 10890 3220
3104 14810 8312
3111 590 85243
3167 14960 40684
3170 3460 78490
3185 3180 9052
3197 2370 67251
3304 10440 14007
3305 12070 28804
3359 11750 73029
3394 13030 34389
3418 3360 58511
3452 2160 49469
3477 12670 71779
3488 7710 81956
3492 2410 4357
3610 4390 22209
3638 5400 11862
3674 13210 83414
3720 14870 81556
3742 6130 62351
3807 2780 60470
3938 2650 29550
3969 3690 95049
4028 1980 18438
4071 10910 78098
4110 3620 83170
4112 2970 16316
4150 2940 32598
4165 8450 36228
4283 9710 21587
4292 8010 56885
4338 2370 23804
4360 9340 24974
4398 2150 88390
4430 9940 4643
4497 2840 2121
4505 10790 40570
4508 680 37973
4554 1060 39082
4569 3400 46654
4574 12340 60417
4590 1090 43049
4671 13170 15045
4701 5590 32240
4766 2350 88079
4777 14620 53072
4790 11110 38754
4799 11630 40911
4821 2230 57819
4860 11460 73862
4863 12270 47517
4887 10740 32867
4946 6210 24004
5001 4180 73166
5036 9060 62674
5047 1880 13368
5076 200 29893
5084 9720 5882
5173 9310 40250
5174 12860 65422
5175 1020 47970
5270 1400 62593
5342 12050 7288
5354 5020 65037
5376 8880 4138
5480 4100 46727
5484 6410 82235
5486 200 25758
5543 10190 50313
5563 6810 76459
5619 9460 35352
5651 8250 92417
5653 3670 73433
5669 13850 25390
5701 260 81343
5702 11470 33403
5730 13900 45343
5739 13180 78429
5743 5050 76971
5757 10430 32958
5762 4300 60123
5914 9990 13888
5962 4950 32652
6072 2740 96265
6091 2760 65473
6112 14660 368
6136 7640 63322
6186 14150 79929
6189 4700 86966
6202 1160 50338
6277 6540 1758
6324 10580 47322
6337 6630 44352
6341 2380 69366
6360 8150 43700
6398 6350 89856
6447 13660 67813
6487 6260 65546
6508 4930 32499
6536 8730 14229
6630 10210 73409
6665 3140 4617
6673 1290 65956
6697 7060 94025
6697 7180 29848
6782 310 71831
6782 3580 75542
6811 11930 32524
6869 4600 88433
6873 11320 85127
6894 10500 51646
6931 350 19935
6947 10 36585
6957 1740 46895
6967 4260 81958
7040 12140 45881
7072 7890 13296
7080 7210 22929
7089 9070 50317
7127 11450 6641
7165 6270 49742
7169 7560 46858
7178 13830 13431
7350 11050 91029
7355 7540 46453
7384 13870 21756
7386 8270 67654
7408 7890 64167
7463 1880 6762
7521 5040 92936
7538 14090 93186
7581 4180 91324
7596 2590 70532
7689 5310 39319
7706 3260 56968
7817 6540 39862
7882 7220 7197
7891 890 31775
7971 5750 92886
7972 8680 84771
7990 6860 51098
8044 9960 70723
8054 12710 12947
8112 6680 63079
8158 13240 95194
8190 12120 73805
8319 4080 34103
8372 8090 71016
8438 2300 37796
8440 10060 35289
8449 7530 62677
8487 12410 30464
8490 9800 23814
8578 10510 41075
8602 11800 41306
8606 6730 70686
8640 11850 44975
8646 8940 87166
8647 8820 22949
8681 13920 48201
8733 9180 22033
8744 6380 76582
8752 1120 98400
8752 10530 22019
8873 1350 50851
8939 10180 80589
8949 11380 94496
8959 14470 14855
8976 6700 23310
9023 14060 23145
9158 10980 54249
9194 9170 33515
9223 480 34394
9278 10300 54940
9292 8320 43597
9307 2180 82847
9437 2420 60621
9512 13910 68053
9526 90 76014
9624 10660 63870
9634 8270 34563
9635 5360 44630
9680 14520 31582
9730 2110 62552
9737 8500 38085
9763 9550 86952
9771 7010 61734
9777 12660 11738
9814 12940 43332
9841 4400 41676
9855 6500 99731
9867 2460 45821
9879 13220 75173
9880 10410 73759
9887 10800 91289
9899 6640 51471
9950 6420 88909
10013 7490 59517
10026 5570 48001
10033 4760 60217
10046 9430 8149
10066 11620 48782
10104 2210 15833
10110 4750 61550
10144 4930 95294
10145 2970 66040
10224 10860 26183
10271 14260 49859
10276 14700 53654
10335 6520 11759
10343 14020 23314
10361 5870 63554
10377 1410 97444
10381 240 32342
10381 7100 88092
10382 1720 49212
10410 13320 75896
10455 8160 8254
10487 8010 14159
10506 14580 32761
10508 2510 8170
10577 14170 42050
10643 8740 19234
10669 10670 53529
10670 12360 30694
10681 3930 8935
10739 5260 46765
10743 3570 865
10752 7050 32100
10799 4450 1468
10813 5660 17306
10843 10810 76699
10865 6040 40013
10880 9650 20327
11041 14940 24836
11095 9900 62378
11128 6400 91214
11193 1990 53853
11202 7250 97449
11238 4140 35257
11255 720 31871
11266 14450 94128
11309 6160 55281
11324 4840 35592
11335 2870 69148
11341 2830 28304
11352 8890 84194
11369 13750 95663
11425 5390 87547
11450 3000 31010
11554 990 88327
11554 2900 51531
11614 8160 34185
11725 12830 1358
11727 14000 79424
11770 3550 63917
11803 3890 84098
11811 14650 89079
11826 8340 64884
11851 3050 13262
11904 2810 40820
11914 6300 15612
12049 980 67282
12095 650 78582
12128 13080 56444
12150 2000 93669
12180 10340 24635
12184 12600 99025
12250 6250 84019
12270 4350 5895
12285 5450 64720
12303 1970 85219
12313 7660 4930
12327 2230 85132
12437 1650 4002
12437 2430 38704
12438 10940 87179
12457 8240 7192
12496 4570 43081
12514 750 73803
12522 10380 99846
12529 7010 48010
12548 13560 28608
12637 9350 13159
12678 1840 57772
12704 3270 46443
12717 7300 6862
12720 3940 32019
12744 13390 72608
12815 1050 24013
12855 11090 3546
12888 13740 71210
12889 7860 93339
13023 13290 70394
13054 520 5900
13175 5360 70571
13206 2060 30133
13228 4040 61374
13265 14210 36625
13268 9660 65944
13288 3310 72556
13294 1890 33815
13334 7930 37183
13397 4200 80438
13403 1520 47812
13432 6330 31731
13438 4630 34802
13456 40 62496
13476 470 82484
13569 5600 96049
13693 1520 75603
13704 13510 31322
13749 220 45047
13757 8030 1134
13758 4900 80971
13769 12750 44954
13839 690 34234
13893 10500 35947
13966 11850 86618
13975 70 78563
14022 7050 33785
14107 3640 78658
14108 10700 54504
14150 50 34082
14171 13770 55394
14180 8440 12094
14206 11550 43328
14283 10280 63134
14353 11760 69863
14355 9730 1970
14363 5560 73775
14383 5940 74904
14434 9890 26177
14439 4870 47399
14467 13570 90919
14482 4790 54504
14535 10640 8050
14545 11470 90704
14606 14390 54900
14718 8480 60344
14801 13650 60892
14885 8390 40614
14911 4440 74738
14928 3560 80897
15051 7420 34111
15184 14430 91636
15234 12970 18910
15248 2140 57577
15310 3650 49447
15320 10050 38916
15367 12900 7493
15417 7550 7138
15471 8710 66611
15581 190 88473
15611 10610 50313
15643 12850 15586
15746 4660 74944
15750 12200 15087
15783 9830 16293
15885 7900 80524
15934 9930 18795
15977 10880 26223
15987 13780 40077
16000 730 61394
16023 5580 77222
16067 13260 32067
16083 14340 86993
16101 1260 81976
16118 9370 4802
16159 480 8756
16192 9300 59522
16212 13010 76823
16226 6060 83813
16226 14330 76624
16237 11770 90970
16281 2170 89182
16300 10000 90300
16303 620 85706
16331 3360 92003
16343 14010 97865
16388 2740 83499
16393 320 13544
16400 13300 36743
16412 10460 71645
16423 11300 43482
16442 8580 61823
16489 12690 12176
16506 5460 46982
16516 9500 1890
16603 12300 71683
16608 630 5347
16610 1930 46304
16633 3220 24086
16648 3480 32333
16656 14810 72227
16673 600 66429
16678 3480 74484
16682 120 94219
16699 450 54845
16811 6630 56479
16845 8990 12492
16878 8660 76941
16931 7950 81914
16959 3920 24640
16963 130 40516
17044 5500 28546
17094 1660 32467
17187 13320 12778
17220 1980 95057
17283 14750 31361
17307 3340 59191
17316 1510 92773
17335 2270 97981
17342 6340 22646
17406 5770 37622
17420 5880 24236
17536 13220 21888
17566 6680 40733
17588 9610 59506
17618 5070 24141
17645 3540 83071
17677 12480 37248
17688 7610 53208
17696 6250 64787
17804 9600 87379
17840 6360 97017
17908 930 52976
17913 1800 73574
18103 14030 87734
18210 7170 57952
18221 6520 41321
18248 7390 67590
18278 11060 533
18280 5640 58035
18302 12050 69735
18468 9930 60766
18474 9960 37294
18474 11140 42003
18482 640 75871
18491 8370 92223
18497 2930 47102
18500 3870 12057
18567 13640 5502
18575 8190 52178
18586 1540 55492
18598 5460 66062
18671 3500 60506
18671 11990 87534
18693 1370 52887
18769 3230 67147
18780 7040 32376
18819 12380 10774
18830 780 95491
18863 9790 8641
18994 13060 46885
18997 12230 31426
19017 5200 92980
19062 4780 93117
19076 11310 44038
19128 11920 81984
19158 10990 91388
19171 10360 49994
19182 10520 30839
19214 5470 75286
19248 6440 57202
19255 7170 74415
19258 9260 30602
19302 8460 73622
19314 8070 64719
19344 8980 37433
19415 12550 95782
19432 8610 62360
19466 440 15719
19466 1300 95855
19476 8560 1474
19505 4160 15967
19521 14660 89223
19688 6060 52511
19702 2850 97933
19712 9380 1006
19719 12000 46273
19749 2780 45621
19833 8130 47554
19913 3370 63936
19957 11120 41438
19996 7110 80732
20002 9740 24333
20022 5090 20745
20026 670 55526
20132 9390 31004
20163 14240 13552
20207 10400 23501
20271 1190 51808
20327 610 11577
20357 1590 22633
20372 2580 68851
20382 14690 52110
20441 12030 605
20509 9670 37598
20527 8030 59761
20535 7280 86024
20546 8060 74647
20563 11590 43768
20662 10610 65687
20677 4620 43435
20688 5140 33689
20725 5480 9013
20817 3570 21129
20898 8670 36934
20910 7020 24693
20998 1970 75866
21001 6720 16042
21057 10040 62311
21089 7500 80739
21096 12690 26400
21254 1650 37736
21266 960 1933
21292 2620 60960
21430 11960 17459
21489 11550 86823
21563 7980 55607
21607 9920 39707
21634 4680 32442
21682 2390 15731
21709 10510 41220
21756 8800 90953
21770 10020 27778
21819 12810 50986
21856 4390 58892
21867 8570 60816
21904 1610 85922
21918 1750 16073
21926 14350 75061
21930 930 40733
21946 12630 58127
21966 9920 37845
21982 1400 64452
21988 14640 32441
22021 9450 10173
22026 12230 96611
22037 5850 91098
22048 4810 4815
22056 3810 44734
22057 12580 53295
22070 1930 99552
22083 2070 53294
22166 10730 11553
22186 390 41541
22247 3740 40847
22258 13860 92091
22264 3630 2441
22320 5210 59254
22355 2100 31264
22405 2960 98387
22425 13500 4774
22451 5960 28329
22560 6750 43296
22583 4540 67971
22644 12640 57239
22715 2050 42610
22780 5550 11632
22810 6450 43108
22877 2290 26910
22911 9060 7472
22914 580 55930
22927 12580 43963
23035 10200 94014
23097 14620 94005
23169 8920 44788
23175 3680 74199
23179 11460 81423
23186 14540 62804
23222 14590 91173
23264 3240 24479
23274 11340 89700
23321 6660 76085
23387 3250 35264
23414 2150 88540
23425 12250 14960
23432 14040 75898
23568 6510 37500
23583 6700 5996
23584 11710 81
23620 10870 97998
23635 7450 33882
23667 13170 58248
23819 2820 38326
23820 10060 78317
23858 11610 94077
23863 7070 40791
23876 820 58759
23895 7410 57892
23970 1180 25899
23971 6870 23339
24000 11150 83739
24049 7600 47444
24086 4530 62387
24117 6670 70898
24153 5330 71719
24167 3070 16625
24173 14410 42442
24205 13630 56451
24240 12660 37674
24257 4380 69464
24329 11530 86310
24339 12130 82089
24394 14530 42932
24409 14880 35687
24416 8900 23927
24485 2280 63664
24495 3290 14518
24537 1380 30485
24626 4500 72766
24688 5340 32328
24695 12790 39100
24737 7210 92882
24920 12910 5706
24974 12400 72307
24989 13790 39386
24996 1810 35323
25016 12140 11994
25041 1900 87525
25060 14950 19040
25116 3670 24409
25165 2980 79215
25305 3100 6133
25313 1150 49039
25350 6910 84262
25388 14460 46689
25391 10320 2322
25422 7930 3611
25496 14280 64891
25592 12060 56091
25615 9340 93583
25665 12560 47286
25672 6220 16153
25675 3970 4400
25678 4010 82643
25798 13890 83110
25828 2680 65648
25932 9850 95380
26010 2260 74209
26019 9320 93921
26026 9100 54967
26034 13470 43832
26041 8620 4754
26096 10270 10976
26111 6240 89293
26122 2600 57438
26135 6920 5966
26189 140 2217
26215 3790 67987
26224 7140 73224
26280 3100 5750
26287 6970 19419
26291 6850 723
26348 6200 83437
26411 11830 56903
26416 6290 88413
26513 12570 43655
26540 2500 32620
26593 6820 89552
26645 9720 10958
26701 1790 91959
26710 8220 59406
26718 3020 42686
26752 7150 27697
26754 6390 55234
26818 12500 81123
26859 3520 55095
26923 14760 54800
26937 14290 26400
26945 12820 78385
26949 2340 81998
26954 5380 89987
26993 14360 31304
27003 390 69505
27013 5040 14192
27025 7850 96797
27037 13550 42708
27050 14910 91664
27072 7900 91866
27176 8520 30253
27209 9010 76434
27230 11900 44179
27294 6290 39545
27321 5830 87034
27326 1000 53301
27388 5920 75989
27510 11210 24885
27517 1740 54151
27567 4380 75528
27603 1500 97241
27603 9510 25812
27628 11290 46859
27678 3530 37068
27696 7470 79762
27747 1020 95320
27747 12780 68840
27784 920 57151
27792 11050 62014
27816 12980 45312
27851 13390 66655
27864 14600 80236
27936 220 10563
27943 6670 93276
27954 4170 78294
27968 14000 52035
27984 11540 20610
27997 13550 43248
28010 8400 43506
28024 12310 54570
28026 10220 52460
28062 13960 44752
28088 11440 77325
28115 5190 86541
28165 6310 84905
28234 13140 13853
28288 4920 63459
28316 6570 7300
28386 14110 61982
28428 3720 84141
28467 4590 13705
28471 8820 24445
28533 5530 35266
28534 7810 68680
28567 3220 16255
28569 9320 40686
28574 14250 47082
28575 5990 81505
28696 11740 89218
28726 4000 90481
28774 8530 20369
28831 12170 96271
28835 13030 95781
28852 13620 4880
28983 13250 6721
29086 9110 24467
29092 9820 62296
29101 13120 17018
29157 5860 27184
29236 13520 58476
29440 1150 98754
29487 3310 27754
29492 110 81756
29695 2830 64487
29698 8200 31830
29714 4490 61381
29777 70 94485
29800 1550 28576
29968 5920 93778
30110 13090 95373
30255 5630 80579
30265 5760 86360
30276 11390 55992
30281 6390 93220
30289 14440 23361
30314 10210 42101
30368 12180 30319
30389 10630 30775
30394 7680 43324
30411 9980 74792
30414 4330 55209
30438 4210 3075
30496 13160 1289
30523 2880 42905
30530 14680 71766
30535 4970 17445
30540 13070 74739
30577 9680 33009
30586 12400 22072
30617 3410 53891
30629 6890 49595
30637 2480 16066
30713 1270 2959
30775 4220 80268
30798 8860 73978
30811 10310 13171
30843 2030 32128
30855 7950 88099
30878 11170 79594
30901 5650 47461
30937 9600 69831
30993 250 47863
31011 3800 79456
31112 3910 54119
31154 7080 11839
31172 1500 88822
31250 10540 2570
31281 1440 48975
31326 7380 17984
31431 8570 31875
31442 10260 28014
31477 1680 6731
31480 1730 88923
31488 6650 94099
31489 2570 6287
31520 9110 70922
31527 9850 6602
31599 11450 8675
31633 840 2702
31654 11030 23269
31683 8390 86113
31687 13430 69758
31690 5540 85386
31738 5630 73489
31740 7690 98655
31792 7560 68340
31882 9860 8766
31893 7760 6735
31962 12590 9856
32001 3590 73496
32008 13130 75611
32018 5350 80619
32045 2460 98660
32052 860 49207
32070 500 18709
32078 3560 43094
32104 4270 27235
32114 14290 65027
32151 3600 5552
32153 3640 84029
32163 9360 52868
32220 3930 97788
32238 3850 14218
32240 4050 40444
32338 40 89141
32344 7630 536
32361 1560 6795
32439 10730 866
32505 7840 49927
32508 3250 49939
32530 670 35832
32530 11320 28814
32541 11540 53565
32560 13650 66200
32583 5280 14118
32598 8310 3917
32639 2220 25295
32649 12460 64369
32652 6500 71487
32672 1720 11248
32689 2630 14964
32701 5950 20360
32889 8830 65813
32933 3510 35534
32984 2350 83845
32989 6490 76480
33007 13410 41398
33148 8220 84492
33209 4770 98168
33227 7620 21106
33227 8430 90729
33232 1390 24269
33281 5300 58444
33289 12470 68851
33351 1300 49628
33412 1490 49244
33448 13730 21178
33488 13250 35679
33547 2010 76292
33562 9780 79190
33572 2200 38811
33581 4370 23047
33605 11660 62664
33670 3440 51114
33693 3540 66830
33826 210 7136
33839 12010 56334
33877 20 24598
33892 13760 12940
33929 8850 26211
33982 3490 15233
34084 8940 78316
34095 7590 95471
34168 4100 48153
34226 4880 34214
34229 12310 83831
34329 1360 73812
34344 360 80462
34354 8060 42781
34377 7760 38819
34420 1120 29836
34422 8150 12482
34496 3270 75425
34499 11480 10693
34501 6070 81253
34533 7650 88548
34538 5790 39486
34549 7320 36653
34576 920 20372
34612 2790 66277
34627 10600 89528
34682 12720 68372
34692 270 66912
34699 4960 98743
34725 11110 8021
34762 13540 33791
34776 9530 8636
34848 11140 62430
34864 3820 63837
34881 4340 42409
34886 1140 43694
34921 13600 86651
34930 14430 75641
34945 14820 94589
34952 11600 47798
34959 14020 55137
34979 13720 76597
35073 9970 59965
35090 6110 44079
35102 14050 45875
35146 8470 94726
35170 7080 86922
35209 3530 42471
35312 10300 17208
35409 13800 66648
35446 3260 48884
35476 11970 60151
35515 9730 54133
35516 14950 31740
35563 9030 24549
35569 4030 41103
35575 1590 92486
35611 14610 67545
35618 12130 19145
35621 7780 61804
35638 11940 82943
35640 9050 29696
35694 11010 27998
35695 2920 30127
35707 5330 72529
35709 12240 65139
35714 1710 68941
35741 14350 31408
35746 810 46674
35760 10350 64307
35797 940 35646
35878 1250 83606
35976 3700 41320
35997 2400 73611
36005 9570 63789
36042 13540 16016
36049 9330 90216
36126 13610 93036
36136 3010 33949
36212 10690 33577
36319 6000 17449
36321 1100 82352
36325 13620 3618
36330 12950 84820
36345 4240 87067
36417 6970 65682
36424 740 52073
36434 4360 22513
36442 9800 65454
36458 510 25739
36522 7140 48579
36534 10550 54504
36670 8260 73206
36716 7190 81274
36756 13980 9469
36763 8250 98869
36818 9910 72565
36874 1770 43801
36931 14750 35354
36941 14910 69556
36957 5800 60799
37036 9400 54863
37048 4850 18022
37057 11530 22924
37097 1160 89315
37100 6940 51471
37112 2580 33437
37131 13310 99982
37160 280 79066
37168 14790 93766
37209 5900 72572
37236 10220 85509
37265 5970 29096
37276 14070 75269
37306 3800 2589
37384 380 69772
37384 6920 27616
37431 1760 52613
37447 1030 39262
37452 1580 62893
37468 8930 49661
37484 11070 9424
37488 9950 90802
37509 9220 2313
37512 14680 52965
37522 3550 39906
37530 3240 16995
37568 1450 58813
37584 3730 12788
37606 9690 92097
37633 880 58201
37648 6120 92155
37863 3950 58990
37879 13110 51540
37880 4560 22318
37885 6990 63085
37901 10200 9963
37903 3840 4347
37970 9010 87078
37980 5590 63449
38020 6280 83731
38157 1640 95406
38187 13360 85036
38239 2040 58895
38243 2720 89261
38332 12280 32035
38348 13460 45353
38422 1950 35714
38435 6330 39511
38491 3120 26788
38633 4610 45160
38661 550 42825
38681 940 82798
38693 8760 62078
38720 14890 74047
38860 2870 96483
38903 13710 67606
38919 10130 63475
38925 4730 82432
38935 14840 94677
38945 230 34928
38954 8410 21102
38968 6000 91319
38976 5930 39114
38990 740 15534
38992 4250 2482
39004 5610 46475
39026 4290 83513
39031 2560 42536
39114 11840 12627
39117 2940 31150
39132 4300 61965
39133 4640 63142
39133 8510 86495
39159 11280 87430
39182 11620 5182
39233 5140 10
39250 10080 32971
39267 2320 69987
39305 5600 54115
39383 11720 14469
39430 770 62309
39462 12650 42367
39464 4080 86642
39466 2800 19218
39540 8210 25932
39541 11750 53684
39553 7940 35245
39572 3710 10319
39664 4620 63092
39688 790 67725
39706 13480 55895
39709 10150 92999
39724 4150 69540
39739 13360 92956
39820 1830 59301
39850 5690 50264
39852 380 71468
39871 4890 6794
39897 1230 68245
39916 12330 96632
39998 8110 75937
40042 10270 40726
40072 14360 16541
40078 400 88881
40116 9700 40564
40126 6740 1351
40131 9760 64425
40140 9280 84818
40152 160 91678
40188 1860 14445
40251 7250 93557
40251 10310 67476
40382 6020 60395
40405 13770 48529
40409 1420 95990
40442 11900 39007
40460 4550 2151
40468 6300 78772
40480 5820 50861
40517 2470 77512
40535 6740 91349
40563 14120 34819
40608 9860 56512
40613 4110 7008
40660 11330 88612
40700 12930 6756
40729 14080 59413
40758 10570 28331
40840 11580 43882
40905 12260 8009
40927 430 91432
40972 10150 14721
40983 11950 87419
41025 1710 37140
41054 5060 50237
41068 10240 47932
41082 5810 84772
41108 13790 4780
41110 11690 41434
41132 2240 86872
41179 4040 73523
41203 2040 8080
41266 5170 11515
41277 8280 25921
41294 1770 75416
41335 340 60249
41374 5030 64787
41390 12720 70272
41396 10070 62493
41406 7910 54451
41419 4260 21525
41604 460 53686
41615 13850 7860
41628 140 22204
41636 2340 40218
41652 7320 6640
41659 4840 15213
41687 1570 78295
41696 10330 6923
41698 10900 13128
41716 1530 49966
41719 2360 5779
41721 9210 10683
41743 5440 82558
41779 11810 71169
41781 7390 70333
41802 8140 57929
41825 7030 67007
41939 4280 42590
41950 12900 78956
41954 5780 96394
42064 9080 57862
42067 6720 28283
42103 6950 38343
42104 4310 5103
42144 12280 64284
42173 4870 63973
42247 11390 33256
42298 13070 47382
42393 580 59770
42415 1240 95771
42425 2490 3327
42463 12740 98844
42471 2050 80543
42686 5620 65816
42779 2660 43410
42825 11810 32203
42882 13610 10815
42883 10870 63383
42928 6150 73534
42993 7460 76089
43003 14510 93915
43014 7570 76754
43093 3130 35740
43095 6220 18749
43152 530 61961
43170 8970 12543
43215 2950 28017
43225 11230 94080
43284 6610 29863
43292 12770 42129
43293 11700 25879
43363 9490 72301
43458 12550 80980
43461 1330 38540
43484 2680 24072
43485 540 76445
43508 1470 8585
43520 10440 11554
43529 8800 8381
43548 10760 49864
43568 5830 50665
43589 8290 59945
43624 5220 67182
43699 14190 89074
43750 2270 84762
43798 2510 19229
43836 9750 67579
43880 3840 35748
43882 11690 50362
43884 13760 11260
43905 6460 32773
43939 5320 78129
43967 9870 33843
44013 80 99692
44038 12750 25492
44072 12790 44856
44090 14200 47253
44102 11420 10932
44118 12990 43628
44120 10450 17397
44217 12840 79928
44246 4400 63041
44250 12780 40872
44263 12090 40448
44264 3450 90945
44312 5150 40384
44312 6320 68059
44322 10140 23903
44332 1130 61340
44393 5070 32103
44403 13480 3989
44487 8750 66529
44569 3330 83935
44622 12020 29271
44658 8040 22175
44697 14770 1124
44725 10360 53577
44849 10520 879
44850 6430 25432
44861 11700 52747
44886 8560 83729
44913 10820 72073
44945 5970 32652
45022 13420 9241
45025 8870 64001
45026 12080 84001
45038 7580 44166
45058 11560 948
45120 6560 9618
45151 4890 98301
45239 9700 55408
45426 11280 48291
45484 210 89763
45532 3280 2858
45537 10700 662
45570 3230 83751
45632 10470 51176
45688 14410 31989
45704 5270 13082
45930 1600 64443
45937 6530 23422
45941 1410 12162
45953 11350 43130
45979 8720 28274
46090 970 32282
46160 5190 86224
46205 12360 11220
46225 14380 44277
46239 4720 77565
46302 8950 72408
46322 13020 41217
46403 13020 74983
46409 2980 75387
46476 5050 88204
46504 2890 89519
46508 11340 66807
46614 8380 74271
46631 5010 64942
46683 10110 27911
46687 6860 60929
46710 3580 45681
46849 11570 60102
46851 5400 53348
46855 8450 50774
46860 1940 35236
46865 420 64541
46877 14110 98619
46884 1680 45911
46967 1660 28890
46977 8230 8282
46995 14120 50496
46997 13580 47123
46999 5620 23172
47001 2520 72894
47018 300 40677
47116 3660 99446
47163 2690 53326
47208 3760 73155
47274 11000 84994
47299 4130 42081
47352 1450 77824
47374 14500 98594
47412 14440 61522
47427 10560 70211
47448 11640 37672
47520 3150 97346
47537 14990 49074
47557 8890 94724
47628 4830 76529
47628 10010 74325
47671 20 2793
47728 13810 36962
47747 3450 42942
47766 3990 61088
47805 9550 51298
47816 5740 41471
47819 3460 30119
47966 5850 13450
48067 2700 64082
48082 6010 75549
48147 8780 87379
48158 8690 13453
48160 5990 65658
48256 10290 52490
48257 4780 87318
48359 14590 78939
48360 7520 73628
48385 14260 54300
48397 3700 22155
48446 14780 25938
48484 10260 98191
48503 130 69794
48526 6770 94771
48526 12930 2951
48580 3980 78167
48615 14830 40446
48616 9780 57930
48622 1040 83915
48677 6120 48946
48693 1690 73060
48726 2080 49793
48748 870 92779
48754 7540 94821
48800 8590 57102
48821 6560 81524
48825 13380 74147
48836 8810 38166
48858 970 61482
48865 5170 28535
48902 8510 90874
48958 10900 44071
48995 6790 20046
49029 11400 52193
49035 13990 72993
49053 7040 49456
49141 1110 91453
49174 9400 83594
49190 6600 15992
49195 7800 30133
49199 11170 14370
49216 7690 6889
49217 1750 60018
49224 13660 80180
49270 1340 9107
49276 13050 76527
49277 6480 81455
49315 10050 92798
49371 9270 11901
49376 420 49375
49381 11710 8697
49423 4940 4098
49453 6350 90985
49488 7840 79568
49506 6550 77927
49529 4860 80479
49552 4990 79528
49572 8630 94181
49638 9890 27747
49666 7730 36431
49737 6340 62310
49787 4800 88206
49790 11250 84007
49794 6530 25469
49801 4270 80018
49860 6180 93724
49861 14520 14839
49875 9560 78866
49890 8470 62779
49933 6090 84523
49960 12530 4754
49971 8410 1638
50026 13400 61502
50043 7300 65034
50108 13880 53262
50167 2610 27279
50269 7820 52361
50337 6600 36927
50392 10660 77324
50397 1850 81240
50423 5740 79744
50485 12830 70535
50527 11820 31506
50548 14570 36479
50550 13050 44909
50594 5450 63356
50611 11310 82626
50669 3430 54972
50733 1850 4281
50769 2810 49816
50849 4410 55608
50900 11890 60340
50911 12740 98445
50930 7200 16751
50950 13690 5986
50981 490 11360
51012 5670 20853
51067 14600 48782
51105 10790 91655
51106 4510 6718
51119 9040 68606
51176 3770 87730
51199 4170 79494
51218 11720 32078
51238 6910 35942
51241 2120 72793
51250 6830 90781
51259 510 38233
51334 10120 67453
51399 14220 77561
51411 610 13840
51437 14760 4052
51444 7800 28702
51461 320 23021
51581 12530 42253
51603 5530 2205
51604 8720 54559
51633 11680 90430
51662 9020 58444
51722 13940 75485
51796 2080 34694
51820 12120 31212
51881 12030 15093
51886 5820 10761
51930 9370 85808
51933 3870 81295
51964 2920 38058
51972 1110 32392
52046 5380 20094
52061 7920 82235
52064 12820 98242
52070 2500 15406
52136 7790 89581
52148 7480 1677
52177 680 12173
52203 5720 84758
52234 13380 92213
52260 7850 11711
52298 2450 9052
52315 12430 63955
52365 7870 5379
52427 1000 82045
52494 4650 54660
52507 11740 50835
52514 9140 34551
52602 4140 78924
52634 11940 90575
52734 2410 64050
52775 8640 58955
52794 6590 79675
52814 240 26066
52829 660 58156
52856 10540 30177
52879 5760 7282
52882 5670 50280
52979 700 40673
52989 6930 92955
53016 6280 78526
53028 7280 30521
53075 1570 19177
53080 7380 72725
53099 4020 82418
53116 6210 3382
53129 9230 51104
53153 10770 78038
53183 8600 19494
53209 10850 1307
53226 14850 21324
53234 5610 26056
53247 100 58281
53255 4970 46502
53260 9230 16866
53263 12450 65656
53280 6620 11366
53306 5420 87657
53307 3340 85665
53353 5890 37377
53367 6260 83689
53517 3030 91446
53518 10620 90869
53585 10630 77115
53589 11410 75212
53604 4460 14912
53616 7370 85057
53626 4060 79631
53633 1080 15434
53653 10890 24337
53722 11200 49521
53740 9500 15906
53834 6190 90329
53840 11960 57242
53854 9120 85394
53854 10450 12842
53876 9410 57809
53888 7940 53898
53891 9880 98716
53905 9750 41341
53922 11290 49388
53940 13960 83872
53951 10740 81100
54083 7740 4546
54124 14180 39122
54125 4610 56527
54158 13890 62464
54187 410 37095
54259 7600 47749
54260 800 34561
54277 6140 842
54332 8530 89571
54391 12800 86344
54431 14010 77974
54448 1070 96463
54458 8370 19032
54517 3860 36402
54556 4370 36521
54561 6780 31290
54627 14630 5791
54676 7780 59669
54734 12260 82334
54741 4640 43221
54800 530 26101
54802 9090 31634
54834 9410 77012
54905 2590 85864
54906 5030 41988
54971 12150 37757
54997 1010 89333
55084 5500 42908
55108 6110 58440
55116 860 7749
55116 8490 52816
55188 13230 76963
55250 10710 56486
55271 8210 53741
55326 8170 39321
55402 7350 36673
55411 14470 36970
55423 5200 63166
55445 15000 53316
55476 14650 64277
55527 6020 1095
55606 9290 92759
55610 3170 50702
55636 6100 2294
55726 13190 83534
55742 7730 45090
55759 13340 51826
55807 13630 98793
55849 1790 256
55877 7710 31491
55907 10460 19377
55910 14070 96865
55983 11980 57348
55984 820 58913
56019 180 99440
56020 1800 75436
56050 1990 95445
56051 7960 26752
56187 6180 35035
56227 110 60812
56237 14570 5578
56283 11800 20627
56315 10240 36490
56327 8040 65653
56414 11080 23247
56481 5310 19228
56483 12490 95537
56499 6140 97370
56537 2860 66623
56628 10820 62936
56631 9520 2630
56633 11020 72907
56650 9610 31102
56721 14860 8638
56822 5840 86125
56831 4160 44376
56834 10280 66460
56845 3380 87500
56909 8930 32602
56911 12680 56574
56968 6150 10479
57005 6510 1589
57031 5420 73834
57063 5910 37417
57087 9130 65237
57110 8180 51840
57114 4460 26956
57184 12670 71854
57192 8960 38989
57211 3620 70150
57236 14300 57194
57237 770 58292
57332 3190 70691
57343 13970 37478
57350 12460 30330
57359 6170 75006
57403 13200 76901
57438 4220 45765
57506 12510 14581
57526 3110 87884
57562 13450 97737
57665 9190 91752
57670 7450 82011
57677 6930 58138
57691 720 81440
57834 1290 93443
57863 8690 19106
57948 3750 17749
57960 150 29560
57985 12810 22519
58067 11560 12321
58079 8630 77330
58083 12290 63696
58084 12390 34026
58198 5490 74558
58210 9760 296
58217 6990 50260
58222 13820 11865
58241 14060 59920
58242 7430 97716
58275 9640 56802
58288 5790 53182
58331 14560 2153
58343 120 33259
58384 5910 72584
58459 10480 25707
58475 1460 64746
58479 6830 61601
58533 13680 17346
58601 2670 24120
58606 10680 47315
58620 260 69423
58626 14540 54892
58678 2430 32066
58682 7340 53565
58685 10590 53849
58721 14970 69742
58755 9900 46979
58773 13590 6959
58780 11200 42044
58796 13720 77808
58840 3000 97090
58869 8180 34486
58949 12870 11249
58971 7700 67048
58975 9130 87616
58988 3110 83338
58992 6160 41735
59029 4720 58940
59050 6840 85755
59056 14900 64753
59064 8120 59147
59087 11160 38927
59126 14320 54221
59137 7400 54916
59143 8910 47567
59156 11180 40067
59175 14280 96462
59216 5520 49325
59234 4320 42610
59266 3500 19474
59328 11010 61601
59360 10080 97984
59391 14550 31983
59410 10400 15167
59416 13330 36335
59465 14170 68856
59584 11380 14121
59586 14930 50559
59597 3410 19181
59629 12430 83092
59713 1600 42858
59784 830 83930
59791 11570 41861
59841 9290 82511
59927 5430 412
59929 3420 34958
59952 7290 86905
59975 11780 43294
60055 12420 86547
60076 10750 19168
60088 2020 5142
60111 2200 94071
60228 11580 71689
60240 50 11387
60291 850 66569
60296 13440 95374
60307 6800 5658
60310 10380 95796
60363 6400 3300
60376 14380 98448
60413 3510 67592
60418 310 35689
60509 2530 7592
60540 5770 98860
60578 11190 45803
60591 1700 77471
60632 490 46852
60645 11770 69402
60672 8070 86005
60756 13370 34537
60782 12100 6360
60821 13530 83138
60839 2910 19886
60908 11780 98753
60962 3630 56194
61015 13520 92372
61029 4980 88182
61059 5430 6912
61075 100 13577
61081 30 67613
61132 5860 84401
61187 8050 59210
61190 13830 27844
61201 11820 54338
61203 900 40081
61294 2750 14819
61306 7360 20529
61324 10190 98951
61385 14800 83848
61389 2670 40842
61427 11260 2565
61485 2310 2459
61596 11420 41884
61680 6040 92902
61690 7160 75697
61705 7610 97995
61813 12450 8153
61848 8290 3288
61850 1780 44777
61854 1100 42480
61894 5890 36682
61906 8550 20973
61966 10640 88587
62007 7530 74557
62064 2090 62459
62068 14190 24476
62161 4150 89198
62305 1530 51004
62351 5240 32369
62357 4540 43586
62378 9050 40454
62411 2160 46005
62416 13420 9376
62422 6960 72831
62438 700 92359
62467 12640 93682
62482 7270 90824
62487 9980 4067
62519 9790 72091
62545 4450 65262
62548 10350 6899
62559 12880 98299
62604 710 60126
62636 8540 10962
62655 1310 4310
62693 14710 52675
62702 630 17924
62790 4200 93139
62808 13860 85175
62811 2860 17118
62898 5940 17345
62967 9070 66264
62994 10 36484
63010 8760 79417
63016 9200 67972
63105 2130 66049
63137 12410 97904
63153 4950 27784
63323 10840 42412
63337 12730 76079
63344 1390 64387
63408 2710 51698
63434 5390 5495
63479 12090 6294
63480 8970 35375
63486 10690 47847
63523 11360 40691
63549 30 9635
63616 11180 91259
63651 12330 48436
63689 12340 27756
63721 7090 84223
63724 12630 45263
63734 3470 15809
63824 840 19070
63840 2060 113
63885 1620 47611
63910 6810 7215
63931 4710 16650
63943 1490 21948
63947 12990 12156
64041 1670 98591
64048 14240 10218
64049 5510 72078
64053 14930 26619
64085 190 47168
64124 1430 77557
64152 9810 24466
64178 4590 28156
64248 13260 829
64255 4680 33339
64257 10980 95908
64275 10970 44394
64279 830 70253
64363 1840 75769
64416 9530 47492
64420 5550 24038
64435 13670 88507
64446 8790 98767
64513 10430 66166
64577 3320 56476
64689 2280 4503
64699 10370 98783
64700 11730 88391
64730 14500 28524
64735 14490 94902
64736 2560 96416
64750 7420 22485
64792 14790 14583
64838 10930 42113
64871 14820 26149
64921 2290 66790
64932 6550 76285
64986 8700 97224
65018 8310 4613
65078 910 71371
65079 620 61381
65090 7370 25576
65096 7650 27585
65121 14730 40585
65138 14740 54239
65216 3880 73379
65287 4560 37271
65389 7270 58311
65427 11980 96979
65490 13980 97753
65538 14310 12264
65573 2140 9604
65617 880 170
65660 4340 87845
65670 3750 87184
65710 1540 53753
65733 14140 96617
65757 14530 8919
65772 13490 64002
65783 760 38504
65784 9200 42348
65819 9460 26106
65948 9820 5374
65957 2130 60537
66038 7510 46230
66041 780 42047
66120 8550 36275
66120 14830 3428
66130 1890 69634
66134 5640 71973
66135 10910 49653
66159 7990 24294
66177 3400 87178
66252 3940 1638
66356 14160 55852
66437 2330 55224
66452 7670 29878
66464 2620 85681
66472 80 50627
66477 5410 66211
66499 11520 31456
66529 4240 25064
66566 13210 65953
66587 4700 22774
66652 13970 71318
66669 2990 2454
66700 5150 17964
66740 3390 22277
66750 3070 49052
66754 9150 98763
66769 12770 33437
66778 8920 73514
66801 2520 75435
66816 1480 72080
66854 11790 66210
66860 6190 29005
66860 10570 82103
66896 5780 15601
66941 7180 94231
66943 14880 95502
66975 6050 84717
66978 2330 93690
66989 6480 28962
66995 14610 38558
66999 7470 32856
67013 4820 2341
67067 2240 81847
67096 2530 74491
67099 9470 49314
67203 5280 81307
67214 10950 75563
67235 7830 9097
67262 1380 83612
67315 2570 61397
67321 1820 94326
67352 1090 66790
67361 2030 41161
67366 9630 23354
67459 4740 5437
67459 14370 1328
67463 8830 33423
67479 13450 81469
67485 6490 57910
67488 1320 20508
67526 14580 72029
67688 4710 2300
67807 1130 2926
67849 4760 38833
68077 11610 31094
68117 12270 16956
68129 4190 73550
68137 1470 23681
68212 4580 86777
68268 12710 7812
68304 8610 45547
68337 2100 58261
68356 14740 3267
68381 14970 51314
68484 8000 91962
68561 9770 11955
68582 4900 26599
68583 13670 4444
68597 2770 11539
68615 6650 35330
68639 10990 82828
68699 5730 17759
68757 8660 9394
68760 13040 81709
68776 160 92217
68836 4960 62319
68836 6270 44510
68860 5840 74121
68860 8710 48991
68861 60 64813
68862 12150 43962
68876 12920 12366
68883 8910 65150
68883 9480 56978
68921 560 96166
68928 8480 13521
68973 8730 40624
68985 14300 33008
69054 4490 85321
69061 5290 63845
69080 9540 96442
69110 14780 8707
69124 2880 99323
69147 14920 56429
69170 1240 99071
69337 9650 16880
69340 7570 70901
69367 950 54735
69392 13150 12670
69420 8350 10098
69435 9000 33551
69469 8050 54352
69479 8420 2128
69506 6900 5763
69514 790 98073
69562 10800 91000
69570 6780 84943
69609 9030 685
69637 9080 2599
69647 180 56252
69664 5700 26063
69701 6790 55379
69712 270 62922
69728 5410 7122
69789 4230 26488
69825 12950 69519
69856 1370 86307
69857 5160 88281
69876 6980 56788
69952 14050 40068
70110 2790 96540
70111 6890 23647
70113 4440 94481
70127 590 53168
70175 12880 32106
70206 13780 99481
70227 10420 41756
70244 10650 48292
70245 2360 95634
70259 9390 79243
70264 5000 83910
70291 9510 3003
70309 8700 57560
70324 7830 95208
70365 12510 57942
70438 13190 63988
70497 13910 87632
70499 4980 85149
70545 4090 81726
70602 4330 82116
70653 6310 47393
70713 7110 40951
70748 9970 49602
70818 11130 35237
70892 1910 96789
70996 2760 46562
70998 10940 93498
71067 1630 42924
71067 8190 51061
71076 11000 5888
71086 11630 45819
71108 14480 65941
71123 8680 27993
71152 7880 96929
71242 7640 13510
71248 15000 70386
71354 2770 47971
71519 1900 25060
71520 430 47574
71533 7310 63064
71542 9440 71856
71576 8670 61907
71606 1330 8295
71658 8400 13282
71668 10000 85241
71739 4130 1048
71743 8740 90665
71833 13090 76206
71937 8350 91829
71939 13130 56382
71957 6880 92917
71978 4730 11402
71979 13290 77737
71984 5960 93339
72010 2010 88506
72074 7980 44336
72097 4070 81163
72131 12980 63016
72136 3900 17200
72154 150 24727
72202 13270 54179
72206 12160 77923
72223 12590 40426
72226 1780 77562
72249 10160 72350
72325 7750 35976
72326 4520 21951
72336 10670 90861
72350 8600 16642
72384 9090 37030
72387 2320 7992
72392 3190 49842
72404 8420 31524
72450 12940 20261
72460 11500 15818
72482 7120 54618
72508 6880 6590
72518 5680 51939
72529 11400 43217
72569 11100 48226
72607 1860 28763
72683 14040 68335
72690 8860 22911
72692 13580 12789
72722 2750 45325
72740 14870 22726
72752 12070 55491
72792 13870 21500
72804 5510 71188
72815 2640 75459
72837 4940 59894
72912 5490 74581
72971 1870 21251
72972 14840 35973
73040 10130 28423
73109 960 41109
73155 8650 40453
73188 8170 94380
73275 5250 49446
73280 3390 81981
73410 12840 15890
73411 6080 5381
73422 4830 34611
73426 6410 62304
73456 9360 99286
73493 11870 86606
73499 14710 87151
73567 14560 81909
73573 14630 61771
73598 3810 63049
73654 1940 97082
73656 4920 74613
73683 2420 90375
73694 14310 46204
73712 1270 37972
73762 250 65656
73823 7070 34785
73860 2890 73646
73891 6570 47739
73952 14130 67147
74103 570 45247
74156 10010 5890
74179 7340 51531
74217 13640 1756
74267 2390 68907
74272 8100 91305
74289 14850 40016
74355 8330 54139
74505 11220 40160
74520 14030 44221
74533 170 28085
74603 12920 12567
74641 3120 8652
74708 10720 96036
74764 7330 45280
74823 2690 18944
74834 1670 83363
74870 8330 46742
74913 4320 68121
74916 4430 37267
74956 4580 98713
74968 8460 4792
75024 14330 29633
75034 6710 7206
75052 7720 71867
75147 11370 9985
75150 1230 64348
75210 7410 23401
75235 10110 87730
75237 14640 36953
75282 13410 88558
75405 3080 32917
75457 13350 43614
75461 5230 71751
75504 6730 26489
75505 4510 70026
75554 3320 59128
75563 7350 78535
75572 4290 59232
75590 2730 1469
75591 14980 40550
75620 8590 62723
75621 1280 34123
75637 10070 61461
75682 6950 63708
75706 7190 50283
75707 7240 55297
75716 12480 43872
75718 10850 15852
75811 5980 72789
75880 13400 56753
75942 11070 11275
76023 11120 87642
76033 10250 91753
76035 9420 37022
76036 3030 31794
76036 8980 51648
76057 14150 80602
76189 10710 86707
76225 2820 71513
76282 13330 22097
76287 8200 12838
76340 2440 43146
76380 7260 24046
76384 13280 65480
76398 7000 25136
76465 11270 41035
76494 4010 61844
76512 9160 14670
76589 14700 96496
76610 4050 94557
76634 2540 25219
76645 8580 66110
76786 11260 44805
76802 12040 29596
76823 2990 92648
76872 2850 83005
76891 13950 19614
76981 3970 28004
76987 2170 67407
76987 4820 83441
76996 13700 18579
77037 440 98919
77043 14180 10156
77055 8840 26733
77118 14550 98540
77132 890 71166
77135 7150 66249
77136 8300 68731
77151 2020 51281
77156 570 75822
77163 12100 89384
77214 9310 48925
77237 2900 24502
77249 5710 27163
77252 4410 97025
77266 14670 15105
77278 9170 10319
77318 12850 73092
77332 9260 62354
77333 2300 17967
77360 4430 68979
77376 1170 54592
77479 1200 2499
77479 6850 20749
77718 7580 40589
77771 2930 10087
77819 3890 76259
77821 5340 4645
77837 870 73786
77959 14890 59506
77984 5710 1848
78034 7620 35216
78086 8360 59590
78115 11220 27456
78121 3900 82893
78135 11150 51681
78145 6030 73880
78209 13740 17243
78215 9710 58454
78260 11080 31266
78299 6640 35032
78300 9350 54586
78341 6230 84475
78356 9690 46985
78393 13600 94812
78394 6130 70591
78412 3350 76355
78469 650 32672
78522 13680 52157
78526 10880 60245
78547 4740 38200
78557 7430 56262
78626 2490 59557
78647 10930 74907
78692 2640 44167
78718 11840 78133
78769 8490 12830
78796 2700 37247
78995 7360 86090
79032 8120 35343
79052 11910 35981
79091 2550 22618
79235 3950 57390
79269 11920 7297
79310 12970 72948
79312 8340 47336
79317 6440 21732
79361 11490 11309
79365 9040 59229
79376 13930 18807
79390 350 96394
79390 9220 17630
79399 7490 73688
79439 5250 98939
79487 9640 68316
79571 4670 27037
79572 5130 63796
79605 3160 35850
79655 910 55573
79685 10040 26762
79699 10490 41001
79705 11440 72418
79767 12520 71700
79781 4990 66730
79810 14730 38420
79840 5110 30156
79874 2540 23229
79890 6580 31776
79901 3720 88492
79908 4030 20271
79960 9590 82247
79986 560 45135
80064 12540 47040
80081 4090 48202
80135 7160 16384
80194 2730 97886
80255 6100 29903
80308 11520 88174
80405 11270 11670
80412 10410 83089
80493 7960 17156
80519 3300 78613
80519 6960 40450
80612 12210 66376
80626 2720 51297
80632 8110 93396
80648 10920 25788
80672 3040 44469
80697 11020 58346
80702 3590 87403
80748 2110 92845
80771 11230 86277
80870 13930 88827
80880 1170 84181
80989 12000 87871
81017 7100 31958
81024 6840 4703
81042 1140 25215
81053 3430 70160
81066 850 74647
81112 14420 82419
81120 11910 52374
81204 1950 65850
81245 90 46049
81261 7290 63006
81373 3280 96816
81427 3980 98975
81460 13950 77263
81511 12160 5359
81524 1260 62434
81577 6760 78299
81599 3150 61745
81619 730 6132
81656 10680 40280
81671 14940 46132
81692 11160 86924
81740 1340 23195
81797 640 96853
81819 520 81405
81819 9560 75563
81848 6750 61708
81867 5180 41022
81870 540 79289
81873 1190 37438
81903 3710 22154
81914 13270 4944
81935 1580 10297
81992 4420 69255
82036 13370 67938
82095 6940 57654
82147 8640 85491
82166 5720 10965
82209 4420 11844
82232 13530 24675
82255 11490 100000
82271 4650 25722
82311 14450 83894
82313 3010 57610
82408 2800 8940
82438 3760 100000
82455 12440 84574
82596 3780 56416
82637 11950 77203
82658 14200 22236
82714 3990 67081
82738 8520 61642
82801 3830 36394
82814 5120 9182
82873 13150 45744
82896 4790 88765
83009 9590 98439
83088 5810 51563
83110 10370 55455
83138 12210 97730
83146 13110 83206
83198 460 84501
83263 2440 20166
83289 7550 92908
83299 11330 96254
83310 3210 72268
83333 13140 80562
83343 12890 14762
83400 2250 87974
83434 11600 36338
83438 12320 34810
83448 7480 67930
83460 3210 80082
83466 9240 16568
83488 7910 55520
83492 13470 44283
83519 5750 68693
83528 9580 90025
83587 12220 93549
83666 3910 64793
83691 3780 92104
83700 13820 23777
83719 12190 9745
83765 10760 75821
83767 9740 48341
83773 11510 98580
83801 9840 7008
83847 2220 56707
83965 13200 62346
83980 11430 89464
83996 470 45042
84000 7510 31022
84017 14670 96785
84032 11760 71507
84036 9570 46289
84078 13430 30377
84109 7130 84566
84123 12540 85017
84175 5870 5855
84176 6030 90124
84186 10960 91283
84213 1180 64940
84292 5690 1555
84352 5180 12791
84380 8000 78393
84393 13560 96368
84439 10650 56757
84449 11350 55949
84459 60 38445
84463 13750 56439
84482 14720 20083
84491 3680 65042
84515 10470 45591
84558 10230 41429
84564 2550 70875
84600 13310 69773
84605 13000 74443
84615 1030 57430
84616 12080 55667
84689 8810 72505
84730 6070 47433
84747 9020 73475
84818 12760 28384
84858 6900 41887
84886 14100 77970
84913 6240 34303
84974 12240 75131
85081 4120 72667
85174 9250 7753
85196 1510 18194
85228 1220 85945
85256 4910 66774
85293 11510 62009
85339 9620 63269
85366 6200 18145
85383 12370 93399
85383 13490 61561
85492 5260 18542
85534 11990 20867
85544 14130 348
85623 1960 12714
85718 11030 46018
85729 800 25603
85731 7240 87151
85759 5220 17611
85763 6690 90135
85776 9140 95902
85822 1960 29886
85860 170 6968
85940 13160 31372
85948 8770 38044
86006 5020 74498
86064 13340 5530
86105 4770 29098
86136 330 22357
86197 3790 14742
86199 4880 81325
86275 7820 34654
86355 7030 76357
86390 4470 40378
86425 4550 51960
86426 3380 30682
86462 750 15794
86484 12600 99901
86490 12680 29666
86493 2630 21683
86553 11240 81053
86660 11830 38880
86704 11100 5463
86709 4350 28879
86722 360 23742
86742 7060 69640
86763 12110 38292
86877 290 16394
86886 5950 17546
87006 2090 71228
87006 14960 6225
87036 14230 32104
87047 710 98795
87089 6170 31032
87104 8960 64379
87130 3090 67789
87156 8790 90983
87211 330 95887
87240 13900 27925
87249 3170 88537
87253 13240 50768
87322 2660 89223
87362 6620 10445
87440 14920 89225
87486 12250 53306
87547 13810 77973
87548 11890 74219
87571 4470 30529
87575 8440 81952
87583 8840 45196
87586 12520 99715
87597 3830 25837
87615 13510 95098
87677 10330 75444
87688 12870 19302
87743 12860 40968
87751 2070 61901
87773 4520 67578
87792 11190 83965
87818 5480 68802
87849 12560 50823
87877 5900 79179
87906 3610 64036
87932 10340 95033
87939 4000 33683
87944 2120 24470
87971 6610 46846
87978 14420 19922
87999 9580 28529
88063 13840 97514
88072 7680 91168
88143 4190 18672
88175 10620 98756
88196 6230 22131
88235 1640 16254
88257 4850 2077
88296 12370 4460
88306 4690 14198
88344 14160 89440
88361 8380 84723
88377 340 60581
88378 5540 12324
88436 3730 66934
88464 11790 19763
88480 8240 20929
88546 11670 1885
88584 10810 38860
88591 2910 18823
88592 5560 93116
88651 10170 65511
88660 12190 68934
88710 1690 40749
88850 13300 86519
88859 14980 30568
88860 9660 93123
88867 4570 17057
88892 13040 70392
88926 5080 4735
88926 11680 8625
88953 7990 55275
88960 4060 65909
89051 9480 52426
89053 8260 71347
89131 11090 82750
89156 11870 89570
89215 9300 84272
89223 7500 91617
89232 5120 63681
89245 1910 35364
89255 14510 67776
89289 660 75484
89294 11860 19184
89316 12910 42196
89371 1420 74320
89447 4360 27686
89500 6050 6056
89511 8020 62681
89544 6660 39210
89547 10780 60736
89552 11860 35715
89556 1350 35621
89610 810 49081
89729 9270 38718
89733 6010 41216
89751 14250 55737
89769 5880 70528
89780 12610 49097
89847 10770 23863
89871 4660 84510
89946 5660 30937
89946 9540 38398
90054 1760 95187
90062 9950 19295
90089 14140 72268
90090 2710 20101
90093 10030 74698
90173 290 13870
90199 3920 20747
90200 11040 93921
90205 12800 84054
90210 12200 7796
90227 3130 92188
90227 13500 82945
90234 12570 17934
90243 5370 31023
90300 10780 50280
90331 14990 23375
90344 5700 46304
90363 7770 24584
90368 13060 7714
90465 10950 97367
90553 6690 65290
90571 13230 93703
90609 7230 87624
90653 280 74306
90664 8780 33734
90706 11880 63599
90753 4810 38636
90776 6760 41067
90804 12010 39766
90849 2450 60776
90851 7330 96157
90854 13730 82427
90906 5440 96524
90928 5290 24983
90933 7460 80687
90951 10960 7126
91008 7860 8544
91008 13990 87828
91016 12170 77040
91133 5010 76339
91168 7750 93773
91216 3160 19158
91218 14220 92612
91239 5320 56995
91260 1920 56881
91265 1820 93175
91345 2400 5199
91358 10390 40728
91414 3290 70860
91420 3200 95818
91431 13590 54558
91441 3860 59281
91442 7770 90062
91490 11370 48603
91555 6580 27556
91755 13880 71880
91860 12620 12952
91861 8320 58351
91872 9330 32902
91916 550 29968
91959 4800 87473
91985 3610 75815
91987 12470 68651
92009 7720 65376
92010 3420 39553
92012 1440 75181
92053 8280 34017
92060 2480 97777
92077 12180 12458
92089 4120 25663
92090 5680 14727
92113 7880 66561
92114 12290 11405
92130 5270 54821
92130 7670 65154
92161 12890 49678
92176 2950 24215
92257 4480 60884
92310 2840 24022
92317 5160 89204
92332 12610 48752
92362 14860 73992
92390 10180 65198
92392 10160 38962
92473 3300 56325
92473 4110 33675
92508 1080 63809
92525 9670 70147
92581 14480 36648
92608 1060 19868
92726 6460 32892
92726 9160 96020
92770 600 68306
92792 2600 31863
92793 12960 93937
92904 5980 49766
92925 10030 70839
92942 5100 72766
92957 13350 15646
92983 9680 67099
93006 9840 48292
93049 14270 41346
93138 450 15510
93189 8770 89539
93212 2650 27833
93242 6470 77744
93267 500 18555
93327 6710 5292
93354 7000 67794
93366 3050 47804
93477 14390 92718
93485 400 38312
93513 6090 53577
93518 7970 95201
93525 11210 9970
93527 8500 12510
93566 10840 89087
93573 14340 30737
93579 14400 98157
93583 4310 11406
93608 7590 79561
93617 230 54094
93664 10230 18011
93666 7310 34680
93678 6080 52407
93682 14080 95142
93695 6420 92121
93699 13440 68141
93802 3040 58707
93836 8360 61480
93844 8140 805
93915 990 13147
93916 7870 37428
93937 1430 89710
93944 6800 81167
93966 1050 17495
93999 3060 54516
94051 5230 28054
94159 10830 70264
94161 13920 12933
94242 13010 50435
94261 8620 8249
94282 8750 78858
94395 12700 78529
94445 4600 25482
94460 3180 78416
94481 6430 64249
94494 10580 39001
94569 8990 19037
94591 11300 98468
94684 12620 2714
94743 5520 733
94798 11130 1983
94838 9470 76777
94883 12760 23286
94890 13570 95181
94899 1480 70292
94943 4530 1261
94968 1560 56551
94998 8080 66526
95004 13840 23153
95017 6370 77083
95053 1200 22805
95088 2310 99947
95110 14800 3451
95127 9180 37827
95140 11360 81801
95191 3470 85287
95297 9520 86628
95321 13940 11433
95340 12040 9470
95342 1210 91132
95393 12490 94208
95408 9450 60512
95454 11880 72667
95458 9420 63391
95506 6360 40837
95552 13100 12054
95590 8850 98089
95599 760 26039
95640 7260 13776
95652 300 65666
95655 7090 14148
95754 10490 22654
95760 13710 35843
95769 5240 16871
95793 7220 47769
95827 5800 73272
95922 10140 36531
95950 8900 64676
96072 6980 94452
96087 7130 17708
96092 12500 3866
96098 1250 43343
96105 8880 27
96166 2960 34017
96166 12320 81718
96169 10550 34220
96203 14100 25265
96221 5130 8802
96254 9250 81133
96320 13280 48352
96348 9190 85372
96407 11410 59616
96463 13800 79228
96519 8870 28347
96528 1310 11862
96531 8540 97851
96619 3850 30816
96628 3330 81106
96672 10720 60613
96688 10530 63463
96696 1730 53890
96714 13460 58152
96726 7660 62976
96753 10100 52662
96775 11650 92080
96793 5580 214
96858 2190 78482
96860 3020 72579
96866 6590 82933
96899 370 41061
96906 11730 70213
97030 4210 33528
97091 7520 74341
97156 12650 15903
97199 370 45656
97226 1700 38205
97235 14090 2676
97240 12300 93614
97245 11060 12075
97251 14490 45523
97270 1610 89556
97327 2180 40130
97417 1630 28421
97462 13100 7450
97465 2610 4174
97533 3350 95056
97575 8090 53320
97593 9810 64353
97601 10560 72950
97658 3660 17133
97689 5650 30010
97695 13120 94254
97784 3650 77665
97839 7700 27970
97882 14270 64908
97904 1010 98974
97929 4280 13875
97929 11660 91586
97937 9210 48125
97939 10250 79860
97945 12020 66577
97959 12350 15020
97989 12700 91701
98000 3820 21130
98078 4630 3483
98082 10020 95998
98090 14210 23841
98092 7440 62904
98217 9990 87224
98243 690 3403
98329 7810 76220
98337 6380 41579
98350 10320 79085
98360 3370 30427
98368 6450 45175
98406 5730 67080
98420 3440 61814
98431 10420 64093
98449 14230 83306
98464 13700 93741
98474 5100 86131
98497 14400 84144
98509 950 56247
98525 14460 23954
98528 5000 36474
98530 7440 19451
98549 4910 42731
98554 11670 110
98555 12730 13780
98605 410 22983
98620 1460 16306
98727 980 25153
98728 7120 30935
98882 1830 88104
98917 5110 53686
98981 9770 65912
99026 7630 39846
99098 5300 89495
99131 7970 59572
99134 2250 13182
99171 8130 54305
99198 12380 83552
99199 4670 12895
99202 9380 95314
99213 9940 39478
99217 7740 57018
99252 2470 45477
99278 8300 36812
99288 10170 21993
99320 10970 81140
99330 5930 26520
99340 5370 45233
99356 14770 20607
99371 9870 56843
99421 13080 22718
99456 1070 84641
99503 1220 18010
99535 9430 21649
99597 14690 36576
99661 2210 67200
99710 9620 29773
99727 14370 40799
99737 8020 23031
99761 9440 86803
99780 1920 76707
99825 6370 1030
99838 10480 14991
99901 10830 35960
99920 3740 70464
99995 4480 17268
