3000 10000 13840 57121
68 2400 89034
90 5675 97496
137 1630 63023
167 1835 97346
171 1700 86585
180 6520 51135
299 5560 75065
352 4960 14676
366 4935 34377
449 4485 41967
468 1295 57361
514 3220 40029
535 1245 65211
566 1865 63669
589 6225 93748
628 1565 40206
654 2730 91992
660 3360 55597
681 7355 21353
739 6520 46305
772 290 77937
804 6295 40740
829 4105 68463
846 1435 26759
847 900 48774
866 4640 53591
915 5770 20208
928 3665 1697
946 2220 86049
959 4210 19165
963 2295 84499
986 4755 71685
1005 2170 46914
1156 535 36769
1230 3775 71839
1245 5255 82105
1249 5455 38611
1263 2525 67124
1359 1220 55547
1367 6850 79607
1377 2500 74502
1450 6205 79618
1477 3195 48231
1506 5945 56256
1548 2900 31912
1593 235 14560
1626 825 61179
1660 1420 68824
1661 2985 30360
1680 4025 14110
1688 2375 99673
1713 3030 20672
1715 5645 47729
1788 4455 12834
1798 5615 56408
1905 3290 70891
1944 6830 47960
1953 5795 86230
2005 3755 91091
2025 365 65986
2043 5740 85132
2049 1210 7030
2072 2815 12665
2094 3340 10665
2122 5820 4682
2142 2690 46113
2205 4410 58418
2262 2300 85896
2280 345 16442
2297 6935 86930
2381 6055 39149
2413 4155 83318
2457 280 81683
2551 1240 99023
2575 4260 96903
2770 1365 24815
2786 1950 94126
2826 4645 96485
2849 2420 71286
2963 2135 29951
2967 2780 94060
3025 4860 58480
3037 3170 87342
3039 1015 55698
3061 565 27760
3101 4405 84088
3184 7485 54675
3210 6785 6839
3225 5075 62894
3232 1195 38973
3242 4190 73353
3267 1000 56675
3278 335 44189
3286 1850 61687
3370 2620 73205
3375 7385 37586
3403 950 76662
3411 6275 82179
3428 390 32916
3431 2250 58406
3473 3140 71418
3494 5800 78783
3567 3200 1883
3572 2840 70837
3574 7175 72355
3577 2955 55866
3595 4560 1656
3620 5345 99926
3772 5965 93698
3779 3035 65412
3780 1235 60010
3829 605 45252
3864 2390 66899
3870 6455 35076
3912 2980 51163
3926 70 13014
3944 2785 15846
3960 6485 80093
4029 4390 97559
4048 1555 93115
4064 1375 47445
4068 5590 91405
4082 3375 95755
4086 6640 41356
4111 3210 1078
4125 3315 87081
4179 5695 60197
4186 7470 55157
4224 3250 17295
4320 2790 48614
4325 3330 68595
4420 4485 47762
4520 1475 29337
4556 5705 41325
4569 7085 54934
4597 6595 74891
4618 4325 14883
4651 6045 31130
4674 7480 99491
4682 1700 35304
4732 7380 72167
4738 1260 3354
4771 145 31127
4785 6780 3173
4826 910 52521
4829 4670 61293
4984 1335 37163
5023 1695 72216
5050 805 45388
5122 6745 2007
5135 360 13373
5153 3185 3423
5229 6175 3010
5234 5025 37109
5237 3365 64765
5279 4755 90995
5296 3460 41231
5321 5925 61645
5413 1605 89838
5485 5915 28358
5501 2805 87536
5531 50 59577
5539 195 70244
5597 6005 55008
5647 740 50339
5700 840 94337
5727 3455 10584
5772 1090 71963
5774 3155 98836
5860 3740 86740
5885 7365 76517
5919 1295 93403
5924 4005 85524
5943 2860 78670
5947 7155 8551
5974 1560 7557
6031 6070 50856
6034 6460 1977
6039 1020 35738
6053 6510 58767
6100 4500 23608
6127 1325 99101
6179 6105 10053
6241 4555 96092
6284 4825 50167
6329 3690 31085
6365 5040 50740
6431 2590 35054
6446 2240 37843
6513 2590 63358
6563 2140 37807
6610 4165 59840
6631 2440 85805
6633 4695 92180
6636 1990 11664
6651 945 47520
6682 3770 1568
6687 2495 3689
6728 330 36093
6744 5035 1576
6796 375 94727
6818 6835 26672
6842 930 72193
6843 5230 26363
6844 6360 15437
6858 7035 68309
6863 125 73845
6874 4135 90304
6875 3560 38792
6929 4540 8679
6981 6495 52690
7044 5905 22796
7058 3895 53856
7103 2740 46229
7178 710 77879
7197 2565 25214
7221 6035 72825
7280 7440 5653
7319 2560 17350
7336 6655 87220
7340 5450 75860
7363 4195 55699
7406 7150 11814
7521 465 34284
7534 3810 78827
7535 3020 6445
7540 4890 19574
7553 2455 17135
7564 5055 10742
7617 5640 31624
7623 2175 63699
7626 3025 2364
7676 1905 129
7689 3200 23660
7816 5160 74580
7821 7165 69823
7831 4700 88049
7891 5890 84527
7916 390 84603
7926 7305 28898
7991 6350 76020
8041 4955 15884
8084 310 37659
8168 6070 98759
8177 1520 22919
8210 6505 68736
8235 5030 90505
8254 2235 58359
8271 1480 17728
8291 1770 62516
8358 6915 55220
8383 4055 77318
8448 3755 67710
8503 1235 66924
8519 4155 60933
8537 550 76566
8595 5705 55822
8602 7135 89885
8604 7395 75876
8640 5310 99143
8672 6725 754
8709 895 76751
8723 5390 3539
8756 1495 26821
8757 5840 35203
8766 4855 37380
8786 7450 32881
8819 430 53738
8836 4435 40565
8850 545 55791
8944 3660 73499
8953 3795 90753
9011 6325 30663
9015 1270 66349
9048 5115 57090
9049 1185 5383
9125 3915 84129
9127 4390 48672
9127 7095 3931
9133 3750 30943
9167 3390 37076
9204 1255 82447
9213 4760 6251
9224 6825 58413
9247 5295 44037
9259 5920 25017
9264 4805 70731
9271 400 42512
9274 3940 55138
9279 1110 4852
9336 6235 79838
9344 5980 54774
9397 7050 20540
9427 5840 90784
9492 510 81889
9494 2510 82803
9500 4780 31043
9525 1665 68050
9642 5830 73328
9724 935 60304
9755 3230 78688
9773 3730 43201
9781 3345 2756
9899 4140 68369
9902 960 19869
9926 4060 6112
9942 4440 27697
9952 910 91388
9963 6250 7620
10042 4810 68779
10099 3345 21353
10104 6830 71065
10133 2495 25831
10150 150 86852
10152 1680 64988
10198 6305 87634
10213 3260 6430
10374 395 30375
10494 4095 97208
10510 4845 23338
10523 2680 34719
10558 3130 92768
10593 5770 88222
10597 2725 21847
10682 3590 51180
10706 3385 42159
10716 5050 92112
10722 4945 94228
10782 3465 59043
10822 2305 65133
10831 4915 25625
10864 7300 52256
10885 1360 95193
10974 6190 51838
10989 6925 15024
11005 7290 82802
11079 320 17853
11128 3980 88263
11128 5060 17575
11128 5975 95427
11133 4395 66871
11133 6600 14592
11152 4090 95463
11182 3645 65547
11232 5660 24785
11282 2635 21762
11372 5385 11040
11402 620 83184
11435 2355 69207
11452 2990 13757
11515 680 9881
11537 5390 37115
11538 1800 68148
11579 615 7846
11656 995 16267
11656 2325 47447
11680 2895 29152
11699 1890 61950
11755 5950 68986
11785 2195 98230
11800 3935 49594
11867 3845 78618
11924 595 66378
11937 7190 29323
11950 3190 61469
11990 2870 75625
11997 5320 66227
12005 5320 39203
12087 7010 40929
12088 2205 19420
12112 2690 6039
12122 2485 43813
12148 250 58645
12189 1220 5834
12203 3215 4479
12208 3350 46418
12239 7140 18922
12252 3900 15555
12262 1505 1714
12361 1660 13977
12375 6425 72342
12397 1410 28128
12398 2580 78137
12442 5740 83210
12449 215 64396
12461 4935 76330
12464 7425 63272
12491 5200 36220
12502 3400 39776
12508 535 90161
12524 540 42954
12648 3800 32566
12665 4925 84607
12671 580 63366
12759 310 53826
12791 4835 75313
12813 5000 70835
12846 7080 70973
12860 2120 12521
12900 4750 59901
12904 6805 55433
12939 1230 74566
12944 2190 5318
12967 3785 23004
12976 1100 65328
12977 1500 21216
12998 4805 39067
13002 3280 23995
13031 1015 16910
13044 95 26106
13044 4980 3800
13099 6955 38060
13109 6540 32276
13125 6795 56154
13171 1535 39731
13192 3635 99862
13199 2885 16200
13203 4470 27366
13239 5970 73216
13299 2005 61825
13337 3085 39159
13381 4250 79628
13388 4545 89802
13439 1000 11477
13444 3840 75634
13533 1810 5493
13577 2320 44144
13735 1160 93913
13744 2180 99787
13785 6605 3499
13860 6330 70491
13875 2395 1689
13877 4270 28487
13939 3965 53269
13965 1050 1908
13978 4740 57684
14011 2275 23277
14012 1225 47293
14036 5785 29586
14049 2680 48071
14088 6915 28914
14103 4360 75213
14129 4010 86585
14132 3300 49847
14151 1035 93797
14205 6320 40153
14212 6780 89835
14214 1305 94197
14225 6305 74279
14248 3350 35544
14256 3305 25295
14261 6090 90857
14263 3625 62005
14280 1945 99207
14295 3095 12991
14397 6230 64989
14422 6360 75280
14428 655 87907
14487 5420 42060
14495 5755 89914
14502 320 23373
14562 1460 36431
14638 15 8064
14643 6140 30474
14733 4490 44683
14743 6650 69579
14757 3050 64798
14766 4375 41536
14792 1735 86953
14837 3725 43975
14845 2800 72680
14894 1720 80525
14933 2525 50035
15094 3740 60140
15133 3965 9850
15181 2825 97910
15229 6580 63244
15231 325 53206
15278 2235 4535
15279 4790 79108
15298 2405 49554
15337 4740 10973
15382 2310 14696
15389 3580 94184
15394 3920 73031
15431 1905 41635
15461 515 59204
15508 5730 57850
15520 1610 31771
15566 2350 94228
15661 6850 90009
15751 6165 24827
15789 2745 52935
15953 6030 75882
15960 4990 80103
15974 5715 12350
16016 4030 25223
16033 2190 79235
16052 1405 84707
16052 5895 40740
16087 3425 6315
16134 6060 76937
16136 6150 44203
16175 1890 14344
16204 2070 94917
16251 6465 12733
16257 3545 62915
16293 6645 52885
16337 7020 96550
16377 6130 64749
16416 4355 52307
16466 3985 57804
16473 4730 87828
16504 4505 59508
16507 6385 55828
16546 4075 57684
16572 3370 56130
16590 3860 34708
16627 4245 16582
16746 1885 44661
16749 455 65281
16759 7125 30398
16760 1115 39524
16838 4325 12588
16903 7335 3003
17024 270 7567
17045 2520 94000
17136 6995 80308
17204 1765 29418
17208 10 14223
17232 1185 16062
17272 5595 96294
17298 5300 56969
17300 2285 7567
17305 7100 78102
17360 3245 84769
17414 210 83000
17419 3620 64292
17431 575 22508
17443 4650 31604
17461 4820 24528
17465 3465 33194
17577 495 67553
17579 55 91024
17672 1070 78154
17679 1005 68050
17684 2770 68928
17699 4670 34428
17720 4165 55955
17743 3455 10010
17856 2655 98778
17860 4240 8524
17874 5955 59427
17881 1150 36481
17890 4625 49109
17893 4820 93084
17902 995 89972
17926 5375 49912
18059 3695 64338
18066 865 3978
18067 5530 71525
18081 4860 75236
18097 2250 92190
18194 155 27079
18205 2105 60009
18221 1910 77982
18254 1540 87324
18306 6885 38175
18384 6440 32802
18390 2115 4766
18443 3400 34505
18446 1355 7525
18571 5010 57661
18631 6590 23476
18704 5610 42396
18722 5085 33161
18731 420 12677
18737 6470 52680
18764 7020 28917
18797 5690 7483
18860 7010 88209
18920 6880 98971
18956 4745 56357
18985 5715 22854
19013 1805 21318
19020 2825 82217
19072 115 13088
19090 2555 21650
19175 6445 66353
19194 2380 34125
19326 6625 97774
19331 6310 19978
19360 1345 15384
19392 5495 46610
19398 4845 99433
19480 4580 85785
19499 765 72482
19519 1445 13971
19524 2325 79249
19538 5200 31182
19578 4230 79912
19645 980 16154
19690 2370 18688
19779 495 75904
19783 7475 34543
19848 6755 73347
19863 2940 86580
19908 450 56760
19952 3815 66295
20030 1380 48123
20036 3150 27465
20053 1445 40914
20115 810 87794
20155 5335 77072
20250 6960 53659
20291 4035 88861
20298 6355 51273
20323 7490 64719
20365 3815 92709
20378 7410 25934
20400 2660 80823
20514 90 87612
20544 2675 57559
20653 4850 72510
20656 5890 31751
20670 6535 67754
20677 6710 9386
20736 5205 35024
20770 7250 76583
20805 6380 80783
20838 705 27689
20843 4055 72128
20847 290 92925
20883 6565 30325
20943 6740 56702
20960 5550 78363
21031 2925 45650
21068 475 22710
21096 245 777
21152 6855 53137
21156 4160 48989
21206 4770 2557
21217 5585 47564
21225 400 67307
21255 1955 85914
21296 2345 34626
21312 4795 91732
21340 5095 76185
21344 7460 73646
21358 1270 48462
21366 7455 24511
21413 5670 26400
21424 4900 72830
21429 7030 80345
21480 575 80853
21500 2225 91483
21511 6825 48426
21562 6685 80959
21566 6525 2405
21598 2655 42394
21606 7165 79323
21656 3505 10450
21684 570 91569
21697 4765 78055
21748 5015 68497
21785 860 60872
21791 3785 97870
21846 4525 552
21914 490 42733
21920 790 90448
22077 4035 16070
22085 45 90872
22156 6085 55327
22165 750 55633
22193 6675 14302
22260 2280 8203
22307 6115 33062
22316 5775 52197
22414 4535 66566
22434 2850 20337
22450 6245 69637
22459 5845 68004
22472 4160 78899
22568 7040 22146
22631 2650 53410
22725 5340 67897
22727 7365 96625
22747 1190 6371
22749 6845 49453
22763 4185 64308
22817 5120 55390
22838 7225 35697
22858 4710 25378
22974 5370 29179
23094 4200 85977
23144 1795 7858
23163 5990 77540
23200 285 92403
23250 745 31147
23255 5065 58847
23257 1045 78368
23323 5210 47202
23340 2740 87088
23378 4300 31497
23426 3185 1750
23469 1530 79604
23495 6220 73033
23512 2015 60247
23550 800 56889
23599 4465 13351
23606 830 78866
23693 2875 92935
23699 4120 85324
23715 5020 71402
23796 4995 47942
23810 5525 97677
23846 6095 37560
23886 2365 66463
23915 6110 82418
23918 350 2944
23920 2315 83596
23966 1885 85858
24007 2755 89228
24017 2185 85947
24023 3495 58541
24049 2280 96056
24050 6280 47100
24054 295 65512
24094 3130 85726
24104 6875 78566
24107 1840 83734
24122 6320 57603
24160 5020 49348
24265 660 54805
24276 275 88653
24414 1230 58784
24414 2035 62531
24481 780 43150
24488 1570 94707
24512 2435 93374
24542 3555 62393
24583 3685 30134
24602 5130 87718
24641 225 62369
24644 765 78747
24714 170 69412
24747 6865 95846
24757 5155 66010
24778 420 32883
24845 1725 10651
24852 2940 21742
24874 7300 25552
24882 6765 3666
24980 4500 84863
25015 2445 60757
25032 670 52300
25088 2820 33444
25089 1815 81482
25148 1880 88393
25151 5700 68611
25156 7025 35750
25163 770 25507
25180 1400 74697
25187 360 16315
25192 1245 15867
25200 1665 36154
25351 5400 63102
25383 1060 25436
25443 7480 99717
25470 4910 94962
25631 2645 94536
25642 560 79988
25684 3915 37152
25721 2205 98874
25786 1925 53170
25820 2290 46971
25822 6675 31210
25830 3270 30527
25859 1870 1762
25883 1095 20335
25930 2600 68550
25946 4795 72732
25949 4995 22667
25981 5905 13322
25986 5240 61542
25999 2305 13412
26045 560 11257
26124 2165 67591
26160 145 71087
26174 3560 62101
26247 7310 95522
26253 4490 66427
26266 730 43573
26277 4330 88614
26313 600 31417
26335 890 80505
26359 7030 79284
26406 3765 37223
26423 6335 58893
26427 480 81183
26439 7375 5427
26447 2130 36913
26473 725 86997
26511 5170 75508
26525 1100 33865
26539 35 54946
26574 5235 32124
26591 2425 15128
26628 4520 93919
26644 1200 6378
26683 820 91366
26695 3405 51442
26710 7000 12285
26791 1040 1139
26877 5300 41790
26900 1490 27373
26973 4305 76168
26997 5565 7193
27001 940 35381
27013 5910 53210
27019 4835 79524
27056 810 88900
27061 5805 23827
27072 5605 69075
27158 6590 15955
27202 4800 97848
27240 2470 14087
27271 1085 53941
27301 4815 69984
27339 610 50407
27353 5410 40664
27380 5075 53535
27429 2545 55291
27441 5820 94718
27472 4565 60173
27528 6060 92759
27541 7140 80294
27739 880 98514
27767 380 53565
27776 4020 1829
27833 3205 83589
27874 7370 32052
27883 5755 91309
27902 700 74936
27958 3745 56699
27976 4885 4372
27997 5570 71391
28028 6840 73969
28031 545 22310
28156 6200 3696
28177 3595 30787
28257 2045 62593
28269 215 7220
28293 4555 66139
28300 6185 72883
28307 2780 73990
28335 4980 25747
28349 6690 39660
28351 6505 4790
28387 2930 55228
28401 1960 29399
28401 6420 73563
28427 4575 7004
28435 2700 96098
28440 4365 5761
28507 7405 86213
28545 2125 88663
28583 6255 6276
28668 4265 8609
28732 4470 64457
28850 1780 24020
28864 7155 73694
28881 5565 45932
28898 2910 3286
28928 1565 59322
28950 4050 34181
28996 680 71457
29040 720 89609
29066 6550 46577
29094 2060 84255
29170 4875 87233
29210 2100 9313
29250 1600 61047
29276 4405 1600
29306 7440 690
29401 3435 11422
29404 5235 52835
29439 430 66794
29444 2345 83681
29512 1265 12746
29552 3955 7583
29562 6900 98716
29614 6985 52778
29616 7075 10118
29650 2090 5753
29699 7400 34159
29710 3875 75097
29795 410 15247
29811 4515 14316
29902 5265 11344
29944 7405 76771
29994 3005 76924
30026 6530 48034
30041 1745 63523
30060 7445 62345
30068 5675 98650
30086 1760 16699
30108 3430 255
30113 555 12234
30141 285 46179
30180 3255 60441
30188 7275 31670
30216 300 43497
30245 6425 37299
30248 5810 19549
30254 2705 57080
30259 4095 44745
30259 5340 80992
30286 770 76858
30298 2105 3831
30321 4620 90280
30347 5250 91308
30399 4000 10711
30463 3100 40163
30482 6680 12036
30511 6285 31541
30546 7065 95766
30552 5900 34468
30554 2460 22254
30567 615 64049
30608 3595 51751
30615 4300 26562
30652 6985 28661
30689 205 94470
30787 4640 3378
30813 2755 9688
30821 5350 44962
30898 7500 8012
30910 1515 76120
30999 5625 5890
31022 7270 89439
31029 2150 36615
31126 6740 27969
31159 6630 48796
31196 4725 34027
31279 955 47513
31287 800 18371
31316 7235 76
31365 3285 10867
31402 4225 71080
31406 5845 38481
31448 1320 43050
31455 1575 48879
31478 5920 55512
31491 2070 69481
31502 985 10073
31503 3240 75078
31513 4515 51452
31597 6255 50305
31609 980 64324
31649 2530 72691
31798 3610 94555
31810 4595 75967
31902 4265 48330
31936 7485 33061
31973 160 35662
31979 4690 64201
31998 2290 56731
32015 6095 85010
32018 2155 38065
32018 6700 44798
32037 4615 90400
32043 2030 12036
32088 6580 66705
32110 1010 27691
32193 3905 54135
32231 1140 61582
32256 7185 88108
32257 1945 19380
32277 4230 25450
32290 6500 270
32306 3105 98129
32319 6000 72202
32384 5995 67439
32463 4720 62929
32594 490 39577
32611 7330 82094
32700 4765 11614
32701 240 79354
32767 5050 18546
32815 3550 19661
32825 7230 71643
32931 175 39605
32952 5685 77372
33079 4220 19735
33132 4725 25628
33139 3925 10410
33207 5040 84528
33255 5420 18298
33290 3170 74607
33422 1205 56865
33499 1290 1053
33513 2075 35047
33532 4570 77476
33559 6620 30418
33563 3015 24658
33672 695 48321
33717 1370 85252
33767 3410 53490
33866 4180 67729
33868 2245 55614
33934 3870 76796
33961 435 70919
34013 2015 12139
34030 3325 57914
34067 5475 22736
34082 7430 86088
34107 3120 584
34120 2890 75790
34177 1845 70224
34201 975 38135
34245 50 15793
34267 2660 60609
34333 3625 47428
34351 5885 97498
34356 105 20566
34407 5540 3647
34409 2145 77140
34423 1740 44771
34430 5990 64295
34459 5525 79324
34471 3710 16550
34476 5725 73163
34478 3975 18615
34501 3080 90896
34660 1985 17845
34773 5580 36865
34883 4425 68480
34887 1180 38374
34900 6170 8692
34903 1330 2814
34943 2385 39706
34969 6610 94389
35017 3635 73624
35019 3360 42768
35069 4770 65117
35092 5945 86787
35141 1675 36398
35153 445 2103
35172 1020 55040
35200 2155 21499
35222 4215 42518
35285 5955 20077
35365 4065 58325
35406 3475 38523
35436 4785 28010
35444 6575 34224
35464 6715 9954
35486 4550 26737
35521 3805 76651
35527 7240 35838
35549 6560 33561
35564 2615 56599
35599 2095 2169
35729 5220 43351
35824 690 18142
35839 6615 83368
35885 1800 24108
35969 1895 72841
35987 5960 41072
35998 2715 16056
36029 555 58473
36033 10 87263
36080 7230 25860
36133 6140 95970
36135 7005 4401
36196 5150 74071
36212 4135 91773
36271 5175 99802
36314 6600 70347
36382 2080 38601
36512 4895 23963
36535 2735 9677
36555 5870 19615
36593 1055 63972
36597 3415 98061
36663 4965 27897
36751 3680 11673
36804 5535 35356
36808 3510 10688
36826 595 41700
36827 7130 69526
36903 6560 94133
36930 340 73546
36933 515 34004
36983 4105 27826
37021 1390 3677
37041 355 7258
37049 5080 49157
37107 6905 63508
37215 6040 66272
37234 1475 34111
37257 5380 45172
37279 6545 15035
37300 5425 46210
37341 3820 68461
37357 7170 82879
37441 510 85990
37453 7450 13345
37499 1525 24070
37521 1995 63155
37552 7470 3901
37566 6835 13451
37586 210 17853
37598 2905 38047
37610 1670 28559
37647 2970 22712
37669 1400 65386
37670 6770 57591
37765 1025 87250
37775 4800 84479
37784 7400 34597
37796 565 28375
37807 7060 30491
37835 3735 18849
37836 2790 84379
37865 2355 33066
37936 1955 909
37993 1455 43123
38063 3205 96984
38064 5520 22363
38079 2300 47118
38113 6840 33259
38245 3485 69700
38247 2695 47225
38255 3090 50393
38264 3160 23586
38302 5 76445
38306 2075 7381
38314 1170 17116
38328 1640 78498
38343 6180 73616
38344 3970 31475
38370 4445 48743
38378 1585 75662
38404 3970 38212
38453 5825 69309
38519 3850 74509
38537 3125 29113
38577 4090 4812
38672 6125 54858
38681 3850 84749
38709 2090 69908
38879 1710 61655
38882 20 77934
38898 5780 84246
38926 640 2379
38962 5415 76865
38983 3945 2783
39009 2510 85560
39186 3860 61157
39202 2390 37747
39300 2350 947
39302 1070 72217
39335 2295 61763
39401 1960 67752
39424 5160 9969
39636 4285 45099
39721 1035 48467
39744 1810 4630
39822 7370 25352
39844 3155 52181
39897 2475 61904
39936 6120 12460
39945 3355 55795
39973 4875 45122
40001 5440 26001
40004 705 97813
40100 2230 2807
40143 1675 41163
40177 2475 61334
40278 5940 29878
40339 1730 50312
40385 3395 91165
40414 6450 98931
40450 5125 61824
40527 3115 95621
40541 3715 22653
40580 6220 38759
40585 6790 59236
40585 7180 26216
40621 4635 56086
40623 3390 47561
40633 775 26236
40647 4945 97222
40665 4535 67286
40711 5230 24978
40742 7150 97616
40753 4520 8525
40783 2710 37250
40798 3235 87623
40834 4865 23203
40838 3110 24890
40869 3565 27826
40906 6620 5186
40951 5080 8406
40953 795 29992
40974 4330 87553
40994 6400 91981
41108 2340 23870
41273 425 11425
41312 1160 62468
41343 1030 64349
41366 2950 4480
41489 20 85822
41542 1495 1974
41557 2365 48271
41601 4655 93141
41625 5620 83669
41641 30 45247
41660 2670 43817
41671 1785 17555
41676 6040 75109
41697 5445 36869
41741 1880 13165
41785 1660 75771
41821 4580 56311
41841 3650 59701
41896 5030 41356
41943 5540 15742
41953 60 98922
41976 5155 7826
42054 255 16202
42128 6650 48878
42182 4290 48794
42183 4745 9952
42238 2400 16081
42279 3375 43894
42281 4130 66806
42312 2465 82137
42323 260 98751
42367 3180 66475
42374 3010 32373
42430 1920 8020
42437 30 51169
42456 4385 91083
42514 1225 71717
42514 2530 75231
42515 165 55099
42553 5930 78749
42565 7110 21532
42574 4170 56531
42604 3140 20137
42641 3480 89247
42720 2330 34006
42745 3910 60953
42767 745 76764
42818 6635 59243
42825 4085 37877
42868 2995 17817
42915 7215 99056
42916 2620 70345
43019 1625 28714
43030 5630 62805
43032 2380 72714
43038 6690 1735
43063 5435 25621
43099 4415 77770
43109 3070 17332
43129 6890 44749
43230 1110 5614
43256 2890 43030
43268 6145 21584
43279 4375 11424
43304 6295 18065
43331 6110 97335
43353 440 76098
43425 2485 17000
43446 4815 33461
43471 3450 59121
43474 2040 16664
43510 6680 56136
43525 4370 14784
43538 6890 47600
43563 4560 90319
43578 1915 16128
43601 3515 75440
43606 1835 28307
43718 2810 24452
43731 5750 83862
43752 5290 48760
43774 1395 85392
43778 6215 10188
43801 190 30096
43897 6515 37545
43902 1715 71698
43914 1935 37947
43999 865 34130
44023 5325 58906
44060 3525 85736
44065 85 98228
44093 3760 33578
44095 1420 54246
44101 2405 87690
44127 3490 12143
44153 245 89932
44214 4680 71709
44327 3590 61032
44412 3015 42387
44448 180 22105
44473 735 50778
44509 7205 51059
44566 3565 95965
44596 1385 31763
44600 250 33712
44618 5405 95783
44648 5965 74713
44655 685 32381
44662 5145 52100
44676 3100 65050
44678 5220 47259
44693 6745 57998
44729 2415 41109
44747 7360 6738
44788 4010 96614
44832 1610 50366
44850 1875 6060
44897 6705 12598
44918 6120 70608
44921 4315 62012
44923 6265 77291
44947 5090 87542
45036 5210 24164
45055 4510 57332
45106 5850 67638
45160 3705 48456
45183 3370 16130
45227 1510 50237
45351 4235 75598
45356 5810 89218
45401 6230 11848
45414 3440 7284
45425 3720 6969
45433 5440 84223
45451 7105 76855
45454 4400 47797
45457 1315 63975
45469 3675 63729
45488 4195 77627
45586 2315 37042
45650 1655 738
45664 2840 21767
45687 2220 66411
45770 685 17370
45809 7420 7921
45840 4760 67397
45847 395 69915
45868 5395 4298
45873 640 23238
45903 4665 86819
45914 455 3518
45915 2055 20698
45916 5515 34237
45938 6275 2490
45940 835 75267
45958 7085 41569
45978 7295 38391
46009 7335 53217
46136 7120 84627
46157 1635 11343
46168 675 10023
46246 4480 74680
46301 4240 95706
46321 3705 98542
46322 2340 70807
46342 5195 2185
46376 1310 82158
46393 5460 40887
46396 7460 83510
46417 950 13888
46422 3945 32805
46438 1280 45456
46543 4710 14735
46561 6665 57995
46565 5795 30369
46601 1335 51791
46645 6770 59207
46838 3920 62556
46851 1350 4701
46961 4255 45336
46998 3660 11844
47047 5490 43050
47052 870 91965
47071 6065 23885
47084 7390 94866
47093 7200 23226
47137 975 17181
47267 5055 64916
47301 3175 93578
47325 7265 6202
47328 6290 51040
47358 2515 12673
47361 2820 84186
47406 435 30716
47451 5765 14504
47499 4310 57462
47538 900 21301
47565 7420 30088
47606 3440 78460
47676 2735 57254
47680 2625 73567
47695 2135 5937
47896 1865 44003
47930 2245 72493
48021 1480 14204
48069 3470 74874
48090 1920 19160
48123 5385 15735
48176 2310 96234
48218 100 4691
48239 930 82281
48239 2570 91205
48267 4715 69935
48294 1200 19664
48340 6420 53675
48429 5375 64106
48438 6945 42899
48445 4475 83228
48539 715 27887
48620 1650 42857
48621 3765 72074
48637 6820 53589
48656 7245 47420
48666 4175 30865
48678 1165 12762
48716 1025 18765
48737 625 78907
48772 3090 24670
48823 6535 2345
48955 2560 7804
49039 1685 44021
49064 6315 50754
49111 3960 44317
49169 3580 44433
49177 4295 34734
49217 7220 82984
49274 1425 69814
49277 4730 82663
49298 815 71119
49325 6015 34976
49373 6540 16667
49399 6790 81087
49408 5605 23089
49429 7175 37528
49496 1780 45210
49499 6025 79265
49505 6410 85147
49530 3805 34593
49555 7445 25884
49568 2665 11495
49591 4780 15521
49609 5720 15390
49632 1255 15520
49681 2920 90567
49714 1745 83056
49728 3735 88787
49817 6100 65578
49819 610 39774
49839 6090 14276
49842 4225 66310
49865 6210 26861
49877 2045 28111
49919 5480 27030
49998 4955 31360
50004 4115 19194
50010 6490 12238
50013 3980 53993
50034 5575 68919
50046 4415 24701
50089 7265 97400
50114 2810 42157
50145 4435 4698
50173 675 66716
50292 4840 77198
50343 7245 98441
50430 3750 39921
50458 6190 867
50468 2585 22390
50539 2805 21328
50608 2420 66225
50623 6725 74396
50625 7025 75031
50632 4970 58484
50744 5630 16963
50764 3790 53208
50769 2490 38084
50783 1095 33734
50803 5815 81793
50809 7250 49701
50844 4020 91544
50860 4380 74547
50897 4985 78300
50908 300 58075
50945 1465 6818
50946 1770 92627
50968 5330 22241
50994 1360 37209
51091 5925 73406
51167 3700 49483
51332 1415 51195
51356 5790 78539
51375 260 91005
51402 3225 75366
51463 2040 13607
51469 4600 41727
51499 6250 83638
51563 5875 68690
51609 1210 35517
51638 4655 61141
51638 7415 87458
51701 6435 24320
51735 220 34735
51746 3905 88405
51758 6760 79053
51796 1995 6448
51829 1595 9127
51853 120 68571
51854 7310 96628
51868 3795 87587
51896 795 558
51961 5490 97649
52190 120 85436
52215 2910 35871
52258 6455 34902
52296 1320 60574
52331 6900 2386
52356 1585 34555
52367 6970 23225
52454 5550 94921
52486 2140 82340
52492 2360 37258
52507 2065 34162
52537 7205 29031
52571 1980 18641
52638 125 68993
52638 5600 31741
52678 6050 30702
52755 2285 2894
52782 295 33462
52821 5710 65831
52825 6470 78601
52844 6215 28532
52852 6530 38481
52943 5005 60221
52949 3110 65497
52978 2720 21248
52997 2750 36991
52998 2995 49831
52998 3405 57746
53013 140 19051
53092 2635 54327
53107 3780 79152
53151 2265 2446
53175 1545 82088
53179 1195 16038
53183 5455 93537
53190 1250 85204
53500 7340 33248
53520 5115 23730
53539 1630 95499
53562 5880 58059
53563 6735 12839
53628 4675 36156
53767 5695 35380
53792 5610 82543
53807 2960 76794
53885 2100 77988
53918 6795 71840
53942 255 62711
53969 2065 56822
53980 3900 73265
54070 5295 16812
54094 3485 66185
54162 4775 91681
54193 2260 38153
54237 6995 6956
54263 6075 62368
54268 45 111
54323 6385 37073
54435 1830 98533
54449 4890 44491
54462 1130 34772
54487 1940 90481
54535 2130 25240
54562 955 38556
54597 4250 47652
54646 6340 16126
54687 220 40753
54714 3550 64461
54720 2210 28163
54742 5500 69892
54779 5620 81782
54829 3365 73038
54830 1425 25575
54855 2270 48373
54901 5900 60120
54930 7045 56613
54949 1685 84471
54950 2550 21674
55087 5860 82572
55098 885 44671
55131 3820 65511
55229 130 31803
55298 5825 88413
55307 1910 59468
55307 4275 16295
55335 6670 20830
55352 4735 12374
55428 6880 91969
55456 3010 78270
55506 1340 21568
55515 70 48899
55581 6990 46762
55604 140 12554
55610 6435 40569
55692 4185 48490
55694 265 34238
55711 1140 3583
55736 7105 88803
55752 7390 39830
55775 5345 43674
55786 2465 90917
55795 6100 51622
55839 3570 69934
55845 2880 55360
55855 7215 68166
55919 1985 38285
55955 3475 99106
55967 3255 45925
56033 6525 56578
56038 5460 65467
56052 3950 91174
56072 1385 2824
56161 3135 97657
56180 4965 50599
56232 3855 33275
56310 3075 56596
56343 3790 71
56361 3270 96369
56386 3630 29442
56431 2585 74891
56458 7255 72375
56492 5680 23449
56543 1510 10103
56569 2685 2893
56629 2765 1036
56697 2200 20942
56710 4880 33870
56725 1105 89711
56735 6265 65538
56745 3300 53568
56796 450 20129
56868 1135 14250
56870 7015 4379
56875 5660 40602
56888 6810 58470
56913 2835 62211
56918 5105 52008
56957 165 80334
56977 6005 72121
57014 4645 3193
57023 1415 58560
57023 6460 10757
57054 4115 25218
57111 2610 5577
57148 6285 72252
57158 440 36440
57167 530 12449
57175 6920 58415
57214 6895 62782
57220 5025 88112
57220 5650 76883
57231 1545 20148
57360 4350 48935
57368 6180 68801
57390 3990 21883
57420 5100 8165
57466 2035 9553
57478 3830 6764
57529 6015 65288
57535 4870 21088
57556 3725 41071
57559 4065 62819
57586 4885 35294
57588 5510 40141
57728 2515 27996
57734 6245 29267
57818 1670 11181
57821 2200 89981
57829 3535 25694
57856 7320 1675
57864 7350 41164
57881 890 85702
57881 7135 77212
57883 2000 25335
57955 1150 73530
57992 6640 33974
57994 3470 42759
58026 1430 22416
58073 5195 5357
58088 4675 46089
58158 845 72411
58205 7260 22483
58236 700 84263
58251 4235 34893
58264 570 25190
58293 2545 40812
58310 730 78729
58401 3695 53408
58530 3240 85091
58578 6865 2978
58591 2555 22819
58672 6115 8235
58676 4605 62724
58719 6050 22505
58766 7285 11713
58772 2540 36671
58774 5485 78405
58791 1380 20883
58796 3840 24058
58809 315 20106
58835 1645 15656
58895 7345 60505
59054 2450 71893
59132 3180 28359
59277 6750 27134
59339 5575 61480
59355 1350 35741
59375 4590 42651
59416 5035 85043
59494 2160 57890
59560 2210 12685
59570 2500 99664
59574 175 91377
59604 1635 36768
59700 150 82783
59705 1075 56716
59725 2720 60553
59732 1790 88210
59795 7375 31338
59841 2265 82026
59963 3825 8103
59966 4320 21230
59970 1535 26267
60022 90 85432
60027 5145 98847
60053 6585 74025
60083 5860 25127
60119 6935 43694
60129 4680 78364
60135 6815 81895
60233 5735 21236
60242 3060 58330
60311 7065 7689
60373 4830 12127
60390 6945 77806
60391 790 42954
60402 7045 67018
60475 6075 46298
60503 6205 99612
60517 2855 19085
60568 665 51938
60573 3960 59617
60585 780 12420
60610 4920 34092
60611 135 81581
60619 5430 91937
60658 3450 52282
60660 2125 96404
60681 4960 78156
60686 6335 78587
60766 6125 21997
60785 935 44701
60786 645 75129
60795 5280 57841
60835 95 84371
60937 60 52259
60952 2700 41035
60982 1505 64629
60990 5105 33273
61021 3810 31637
61086 7280 78582
61147 6955 25804
61191 2745 99749
61268 5625 56360
61277 1175 58784
61286 5500 79029
61302 4940 29152
61331 3445 86289
61397 1215 85734
61434 2855 41788
61438 750 88999
61447 1705 12833
61486 845 62830
61497 4635 44179
61558 5400 73579
61578 480 70407
61799 5465 16
61843 5885 14298
61873 1375 86505
61910 5590 59521
61946 500 45290
61969 200 22562
61970 4840 80315
61991 5095 63730
62201 5045 38596
62250 6415 52755
62269 5415 169
62283 6055 82749
62353 500 79024
62359 7050 2531
62378 1170 21281
62426 945 85225
62478 3640 32384
62498 6845 20110
62551 4110 88876
62551 7190 9237
62567 6885 89513
62573 1330 77605
62596 4170 6171
62602 5760 19908
62672 550 26298
62691 5790 38010
62823 3540 41030
62874 1135 41946
62914 6570 34891
62934 5360 80237
62939 2430 39587
62963 470 93387
62983 4340 22926
62993 1340 58754
63024 5130 34589
63032 4585 99478
63092 1455 20594
63181 3295 82415
63195 3730 18094
63200 3425 75344
63276 4975 54065
63303 5615 19053
63355 1820 22213
63355 5355 30802
63383 2975 6391
63573 6950 52065
63578 1575 53850
63680 3235 41928
63683 4950 46055
63683 6820 11400
63733 2320 53738
63747 725 54748
63765 5205 62008
63775 2605 9208
63801 7340 86666
63839 7290 58216
63840 3460 12887
63842 415 73642
63877 1260 54866
63886 3410 69174
63918 2600 31596
63976 1155 2072
64080 635 85448
64118 585 71679
64124 740 12187
64167 3600 92103
64173 2335 82579
64189 5265 39848
64194 3435 58393
64243 3585 6598
64284 1075 73192
64334 5950 60083
64345 2260 66366
64373 4220 60921
64480 3095 88027
64500 4685 82143
64529 2145 66854
64554 6195 86138
64589 4920 99830
64628 7320 18186
64638 6860 29311
64654 1120 13944
64660 3160 75087
64670 6020 49740
64718 3835 78532
64784 4715 9851
64900 6905 61781
64907 1990 48893
64924 7195 8613
64934 350 9997
65056 3210 5087
65093 2710 54106
65109 960 99296
65123 1285 57513
65251 4705 73824
65271 4865 91120
65364 3525 79010
65364 4145 50480
65421 3220 20086
65447 105 81061
65561 670 57026
65630 6870 56298
65741 3670 41919
65791 4075 9079
65801 4030 89781
65806 4100 65307
65826 2785 44805
65843 2865 60640
65851 4205 98623
65888 6800 39600
65920 1125 96465
65924 355 50188
65965 3630 26788
65994 4695 45618
66047 1830 67756
66058 6170 14444
66069 5010 51068
66090 6810 86616
66107 4700 32422
66209 3930 3074
66247 5505 20394
66354 1155 87024
66385 5430 33933
66387 3265 82462
66474 6930 41147
66543 1590 5384
66547 4385 27072
66565 3030 17769
66618 1600 23699
66641 2630 5546
66656 620 11777
66668 80 81977
66815 5850 22754
66831 5360 66175
66859 2605 71931
66863 330 22095
66882 1060 52571
66927 850 22573
66934 4420 18469
67071 1410 15809
67098 1515 73913
67099 1040 66559
67113 3045 28940
67125 2000 86700
67149 540 46114
67169 4345 30437
67178 5555 45363
67201 6325 58737
67245 7475 63698
67381 720 5573
67424 2580 13276
67440 4940 13373
67501 1215 19224
67509 4480 63737
67521 4905 53527
67553 2920 2635
67587 4215 59828
67607 230 71878
67733 180 34249
67749 1930 71180
67774 3445 71995
67782 465 99449
67804 1645 51458
67899 6555 95283
67947 6135 31265
68132 785 47485
68159 3000 98540
68205 4355 7952
68261 3115 19355
68272 270 47011
68280 4565 69018
68290 7055 61888
68298 3355 36822
68315 2330 71335
68360 2110 97180
68393 2640 28177
68408 6450 39465
68443 6705 61266
68447 4345 47759
68448 7425 37679
68461 6080 58337
68529 6490 60867
68534 5290 62204
68540 2885 79056
68586 85 1868
68588 1440 18517
68591 525 38044
68596 4370 79403
68630 2570 46777
68633 3830 52760
68655 6025 16403
68671 3530 87644
68678 3165 39071
68739 5535 17418
68775 7295 14547
68781 1325 28839
68786 3675 31691
68790 2695 23149
68808 4040 52447
68814 3520 7272
68822 1775 57447
68825 3380 9339
68872 375 46340
68873 1970 60392
68949 5875 1876
68958 2185 47932
68984 1795 63960
69011 1750 11182
69030 3845 88079
69057 1755 21889
69071 4400 20995
69120 2865 52658
69128 2195 86171
69156 2165 47433
69162 7325 98983
69169 7380 50230
69186 2520 28972
69193 5065 68207
69209 1290 85171
69212 5250 77081
69225 2480 17246
69287 1145 36447
69307 7130 28587
69424 5165 36380
69430 4950 75241
69449 2535 90868
69484 4430 42290
69517 6500 48839
69543 4870 86514
69549 3930 69062
69563 4690 3681
69616 5190 99183
69674 5665 16166
69724 6390 71646
69790 5175 95880
69798 4000 754
69804 7235 74452
69840 5310 10521
69846 2575 27379
69849 3060 15991
69856 2030 61467
69896 3720 37743
69920 650 42133
69964 2435 69251
69986 5835 98479
69992 6105 26051
70017 2020 60549
70024 2490 216
70059 5510 37534
70077 835 39624
70101 5555 66882
70108 4125 11172
70112 4825 72237
70164 4005 94201
70170 6370 19721
70213 190 3779
70215 1875 7625
70217 4290 15742
70288 905 84454
70297 3540 68961
70307 3640 24783
70361 1915 97040
70366 5305 99111
70410 2505 50934
70418 7465 70161
70426 755 49683
70474 7315 33701
70499 225 71751
70554 3940 66813
70574 4420 77732
70634 4050 64421
70641 2760 73858
70706 4530 3077
70776 7385 23987
70820 5730 41361
70825 5880 29457
70899 3990 37777
70967 6635 42637
70986 6575 23640
70989 5915 32262
71013 6035 39849
71031 7110 8834
71068 4610 60837
71107 905 57729
71156 1395 78805
71166 7500 98675
71181 5180 93282
71182 5830 64015
71202 1300 95714
71221 3825 86075
71281 275 63397
71297 4550 52396
71347 6555 2370
71370 5475 49615
71420 2060 65394
71438 5365 71078
71450 415 20215
71466 3275 80735
71491 405 37405
71491 7395 80449
71493 5765 75599
71535 875 58960
71550 1615 18147
71559 5505 50319
71613 5520 98029
71624 2270 12230
71670 4970 17678
71706 6270 2807
71760 3535 82692
71788 2610 8648
71822 805 91539
71880 3715 95357
71901 4600 68652
71907 3480 45477
71997 2010 19374
72008 1460 91743
72074 880 91592
72100 5855 64864
72119 3650 94314
72195 4910 9545
72222 6235 69957
72292 5470 2187
72473 5835 31263
72591 2050 86409
72602 1980 41182
72603 155 1178
72706 2665 15799
72723 6630 36216
72798 1130 73893
72817 6315 53162
72823 4140 417
72863 1860 54371
72870 3555 23010
72881 3080 75945
72891 3880 40248
72919 4790 66509
72943 7070 16307
72947 2430 80779
73042 6870 52646
73083 6430 6016
73090 855 30167
73120 520 10564
73122 635 30078
73142 2480 86817
73187 4685 65781
73190 7145 71047
73250 1580 65297
73274 4530 81358
73353 6695 27324
73364 2115 29056
73412 1690 80051
73472 4015 93860
73488 2925 32026
73528 6155 41419
73552 1595 44336
73569 7285 54369
73670 655 10358
73689 4775 15829
73708 5585 99676
73826 3600 36790
73864 5545 26715
73897 1405 23634
73912 6000 5373
73915 4975 88129
73960 6195 1875
73964 2010 83114
74006 6720 46712
74030 6970 31153
74044 1470 17721
74045 2765 38932
74064 5745 83358
74097 1690 42803
74118 1010 18049
74141 4205 12254
74174 7210 86454
74211 5270 10035
74256 6805 39818
74312 2970 92114
74319 6485 27110
74365 3510 24872
74430 4120 75421
74473 3935 75456
74499 2990 65901
74560 2360 81839
74565 6480 40612
74571 4650 44081
74602 4460 26027
74617 600 54385
74623 6300 34190
74662 6660 49142
74674 870 18108
74690 7180 56803
74709 6975 99369
74720 1855 78480
74736 5685 66330
74786 405 91613
74808 5800 75977
74818 850 12065
74872 5485 30828
74880 3955 24117
74938 2860 9924
74944 5470 37360
74956 4080 89544
74985 2085 97349
75001 4125 65123
75021 40 12061
75049 6150 18941
75160 6130 66024
75198 2795 67730
75206 5185 3547
75219 2815 16264
75232 1055 69314
75241 2775 3622
75251 6240 72629
75286 4430 90528
75289 6625 74184
75321 5410 86251
75329 1355 22487
75381 3855 81718
75389 4630 31673
75389 7270 88828
75396 4450 10621
75400 1940 72773
75416 1755 12511
75427 4610 72216
75457 7080 35577
75492 1435 5163
75564 7160 8671
75567 7495 96363
75626 5120 30805
75662 970 13910
75693 2965 57837
75821 855 23298
75842 1935 95169
75866 3885 37102
75916 5750 18721
75919 2870 47527
75946 425 41031
75946 7315 9386
76013 5110 9271
76050 280 29056
76051 3420 51246
76070 7435 8508
76078 4660 50604
76196 5745 89584
76246 525 64716
76255 6270 18650
76277 4350 22582
76280 6930 80035
76292 2095 13712
76306 625 22512
76335 7115 86606
76359 5515 15270
76427 2730 99041
76538 3655 5059
76574 6715 30044
76622 7005 22881
76636 3035 97811
76656 160 64468
76702 6480 19778
76713 5650 65177
76731 3690 84963
76748 2625 69342
76758 5940 15273
76815 6775 2753
76817 1370 1851
76836 7160 84702
76890 15 41394
76925 4280 50886
76997 3570 72180
77005 1180 50881
77019 2540 2088
77103 6375 54438
77124 7070 62987
77150 1240 38994
77168 5895 93226
77200 4100 63278
77244 3320 75604
77248 6645 11554
77309 1065 65837
77312 4255 4703
77334 3530 7831
77370 6065 31999
77377 2645 10083
77409 6155 27061
77418 7200 90119
77419 505 36398
77441 305 28899
77491 1175 19183
77516 2215 14139
77625 5240 17172
77639 6960 57595
77658 410 59004
77661 1850 23518
77745 5255 95561
77776 2175 72972
77846 345 38183
77872 3685 88546
77932 5815 35481
77948 3340 29443
77978 1005 43895
77982 2375 24820
77999 5970 46945
78041 755 1119
78071 1085 22893
78082 965 51392
78195 5285 11834
78236 6010 43982
78254 1540 69901
78260 5975 52469
78276 2440 7670
78314 1450 60672
78371 2050 94948
78394 2875 72628
78400 1265 65372
78486 6350 6153
78537 5635 76214
78598 7100 20238
78688 1740 22992
78688 2830 50846
78726 1760 22064
78858 4810 35240
78912 4175 35184
78931 470 41317
78934 2905 70762
78964 3245 59020
78983 3250 63577
79021 4475 9445
79058 7125 31016
79068 5700 36883
79111 6165 19944
79130 7145 8367
79155 185 88023
79169 2255 91005
79213 6710 55121
79249 2505 92658
79260 5595 13811
79308 2025 68222
79322 6595 48827
79328 2170 48319
79377 1825 54573
79410 135 20425
79468 5635 39579
79553 1115 85172
79558 2160 3303
79604 1930 77216
79627 2215 58193
79725 55 97532
79743 4990 61762
79846 25 91746
79854 5090 10079
79866 6020 22855
79868 2595 64558
79946 5325 73166
79979 1860 32680
80013 6495 66791
80062 3910 46370
80063 3265 65736
80127 6910 70200
80147 3515 66355
80199 4320 40789
80249 6340 30350
80333 920 88394
80373 5450 6112
80383 3585 43619
80389 340 75816
80426 3495 21101
80426 4145 81496
80440 4305 27433
80560 1695 62337
80606 6310 20790
80612 2450 40806
80636 1315 48095
80638 1285 1089
80682 5045 6324
80706 2845 68500
80742 665 20501
80771 7035 59071
80772 130 34529
80790 6365 7056
80805 3295 19475
80861 5135 90439
80914 5425 2030
80926 3290 76431
81079 325 62953
81093 5405 65988
81104 5395 74358
81134 460 35627
81141 5285 79157
81169 3890 39944
81174 7090 76346
81206 6925 42430
81233 1965 67019
81282 6145 3440
81329 1440 64363
81339 7255 51338
81350 1080 2936
81351 4085 51511
81384 4340 90766
81388 7055 41384
81420 445 89599
81443 5680 23333
81454 2085 8386
81501 925 91256
81555 6610 96552
81568 4270 82537
81607 6415 4464
81670 6585 79261
81673 5060 84636
81694 7000 39558
81715 6510 96108
81761 3055 47352
81782 5665 94076
81834 6225 31547
81934 5580 75372
81945 4280 5187
81963 6775 20475
82054 1775 33636
82056 1045 4393
82060 4545 42677
82110 3040 79509
82111 1580 28410
82170 3575 42854
82178 1840 72645
82238 3865 86868
82282 6550 55418
82304 5315 16060
82360 1275 3227
82379 3995 29843
82394 6860 69690
82426 3420 1028
82501 3260 70329
82547 735 38933
82556 3430 43254
82558 2965 87710
82605 5225 68783
82632 3195 34311
82636 7325 6189
82643 5640 20881
82664 5365 6169
82665 630 69482
82667 1190 1339
82711 3890 25212
82721 6785 34807
82738 520 52425
82788 7355 8085
82797 4625 4424
82819 65 33553
82827 5190 14286
82837 2615 64948
82897 6030 74826
82909 5170 31147
82911 3175 43538
82918 2020 64379
82939 3415 13038
82997 80 65683
83011 6370 70838
83040 6695 81505
83046 7435 13037
83058 2935 27121
83120 4310 46998
83137 2935 8100
83212 1900 25260
83218 4915 93946
83224 1605 87880
83239 6345 14410
83240 7410 98439
83287 4595 96311
83299 5995 71663
83368 6730 26391
83373 3225 59774
83395 3230 88945
83411 6910 17107
83435 110 7228
83510 7280 65404
83571 6410 31918
83601 4460 34183
83619 2960 78095
83654 1120 8003
83688 6735 40611
83710 1640 1728
83718 585 24965
83721 2880 91999
83735 7095 82003
83768 2915 4849
83793 185 69267
83823 690 97404
83847 1470 63289
83850 2980 7398
83880 5275 26630
83896 7185 70538
83952 2445 88945
83967 4045 78731
84010 1855 54601
84051 6920 37505
84058 100 3426
84067 1680 39934
84069 4495 3315
84116 760 91875
84128 6330 93878
84143 3020 3803
84147 6240 25561
84152 5725 73685
84154 6390 98489
84172 6940 15633
84174 965 79109
84264 3620 50466
84327 7465 59067
84387 1650 65632
84399 7195 40880
84424 3655 91872
84431 7495 20919
84441 6445 89904
84536 990 22796
84570 5000 79694
84587 5135 61072
84606 5125 23239
84631 1590 73833
84632 4335 15459
84636 785 84576
84670 3105 95023
84716 5165 38364
84735 1560 40764
84797 3870 94119
84800 7305 3683
84816 1925 28605
84955 5655 4190
84958 3545 18949
84983 3325 44908
85001 3310 79734
85165 4830 60284
85222 4735 83853
85364 4575 50863
85390 2830 49039
85415 6720 30867
85426 5545 60598
85435 4590 67929
85474 6395 6708
85603 4425 98737
85627 7210 19301
85704 4455 27267
85724 4930 39807
85767 5865 56977
85768 4900 63533
85894 7225 16246
85912 2770 82531
85949 1845 1568
85974 4905 62981
85987 6685 59187
85989 6345 3970
86013 5180 64634
86030 2575 75101
86032 1620 73907
86034 3005 65419
86135 5645 17799
86168 3950 41046
86197 305 57705
86233 6760 77695
86242 1300 83404
86244 590 10245
86253 3780 20706
86254 3875 94558
86370 580 63584
86414 5305 32883
86480 1205 91529
86526 1065 11039
86572 6940 66380
86623 1090 14635
86652 1390 12651
86653 5495 8430
86695 1750 45450
86754 4540 68126
86767 5530 58400
86781 6290 53633
86804 3505 6114
86928 3610 55261
86968 4110 73897
87026 5005 61282
87043 660 5930
87044 3800 36123
87096 2760 67654
87180 5775 51972
87184 3280 94998
87277 7455 79757
87364 5150 14832
87443 1030 61753
87492 2895 96049
87497 3045 85552
87577 240 91313
87590 4630 9905
87597 3760 30995
87638 4060 50925
87649 6085 44936
87693 5270 49897
87804 4335 16242
87809 195 79030
87927 1105 23016
87952 970 96977
87957 4495 46715
87977 650 73855
87983 385 80763
87988 6010 48288
88009 7260 43061
88038 6260 39230
88043 4615 22876
88063 2650 12227
88068 2385 63625
88159 5935 83537
88180 5655 92820
88192 4070 98301
88275 1785 29041
88339 2685 76395
88347 3670 24271
88397 840 46212
88407 3135 45055
88470 6545 62862
88550 5960 12653
88574 3315 42711
88593 5070 94718
88636 1615 36492
88666 170 52892
88679 1805 72362
88687 2950 9927
88718 1555 163
88830 365 6497
88855 5070 1786
88882 830 978
88886 6405 65916
88895 3710 32454
88910 3645 20391
88923 7275 35518
88956 2845 35454
89031 1500 51043
89082 3490 90445
89101 6800 55538
89150 1570 93291
89158 6175 9007
89166 5760 79012
89202 2255 87725
89256 370 894
89279 370 28069
89282 2455 75956
89286 3335 22481
89319 5100 59199
89325 1895 54120
89348 4275 30033
89369 5690 60079
89397 1705 76486
89468 3665 49438
89504 6405 49733
89562 3320 46453
89644 5185 72467
89701 4150 24560
89736 5985 16588
89749 2240 85609
89754 2370 96516
89790 3500 98362
89793 2275 48437
89810 4045 35274
89821 990 92803
89890 1465 62060
89930 1550 40362
89932 1145 68528
89939 1080 43148
89962 6200 79004
89990 25 58623
90003 1625 75147
90047 5560 39582
90050 3165 24386
90055 4785 52547
90106 825 52808
90113 1165 26790
90231 1550 12291
90268 4750 66690
90300 230 44264
90308 4705 69139
90320 6475 41046
90322 3065 49228
90324 3145 38093
90343 6660 83009
90346 110 75455
90349 3385 33195
90356 6375 87793
90421 4505 74478
90437 5435 36045
90452 1620 58332
90455 265 63443
90467 6210 48753
90469 1280 11137
90485 115 42842
90494 1520 26744
90508 1365 56616
90586 6465 2158
90600 2835 93474
90609 6260 98606
90609 7090 46602
90644 3310 72617
90724 5140 39644
90750 875 10007
90782 6730 33948
90822 7120 404
90862 3285 49092
90871 5085 34316
90908 3500 4929
90988 940 771
91215 2180 63294
91219 7015 9448
91284 6185 50551
91308 3305 93847
91335 2850 38011
91401 3775 40133
91419 3885 53990
91436 5720 5651
91458 200 83161
91484 695 77316
91491 35 27685
91502 3700 54476
91532 3040 52305
91592 1490 76433
91609 1825 91673
91637 2535 84757
91658 6980 64779
91757 4130 68288
91763 7330 79740
91780 3380 23121
91787 6975 53584
91806 4925 78174
91861 6160 55687
91892 6080 61353
91894 4605 54918
91903 6565 71886
91909 5710 83438
91939 2725 51102
91981 2705 53975
91987 1815 95828
92062 7490 56968
92088 4410 21339
92097 5275 2216
92143 315 4429
92149 5865 85773
92170 5350 52054
92221 5335 64165
92294 5225 43501
92301 7075 50718
92359 3925 15172
92538 3065 11913
92558 7220 6724
92588 2410 45532
92623 2005 81628
92623 4855 4527
92647 3605 46938
92657 4620 61730
92684 3995 21604
92744 75 36752
92772 6280 69094
92787 1870 37142
92797 985 14246
92807 760 26414
92811 5805 10083
92855 7415 90319
92868 485 74464
92894 6700 6316
92942 7430 78585
92972 4200 32825
93053 4025 47730
93054 6990 23917
93141 4570 4101
93163 6875 57568
93170 2945 9000
93181 3125 91262
93198 1765 21374
93200 6365 65166
93224 5245 64560
93228 2640 83016
93233 6755 30644
93237 3330 61658
93282 4665 46168
93317 6475 43957
93321 6430 34123
93352 6980 12756
93367 6965 66490
93412 2775 73253
93419 5670 4558
93429 4930 28449
93469 7040 41483
93596 2120 78547
93627 4880 32550
93705 65 29182
93730 4720 67889
93758 4525 43754
93809 5785 65761
93812 2630 89387
93842 5215 86659
93860 5480 69516
93939 6855 60576
93970 2025 94800
94041 6895 7163
94053 2425 81412
94077 5355 26688
94106 7360 38696
94111 3190 48340
94130 7345 76870
94181 715 85306
94192 5735 42721
94206 4585 86110
94231 5985 6547
94256 5 66363
94261 2055 52695
94308 460 88993
94455 3520 36473
94465 1310 12945
94468 2915 86437
94472 5935 1517
94580 3145 70308
94580 5215 78417
94625 2565 3731
94632 2335 50770
94646 1430 75821
94648 2670 50484
94673 1305 48358
94780 5910 90829
94786 2975 89845
94806 2750 80550
94812 3605 94849
94884 6765 81921
94915 205 589
94963 3075 40889
95072 5140 67492
95082 385 73948
95113 4395 91055
95147 4365 40944
95163 5260 50255
95202 3215 6051
95218 2230 13764
95386 2225 31968
95444 4850 2827
95481 380 6253
95576 1655 80885
95578 3150 74495
95646 6395 60554
95653 475 44574
95683 6300 70020
95723 590 50156
95729 3050 6297
95752 485 89930
95755 1525 51469
95757 5110 37961
95778 6160 46836
95786 6355 24441
95822 2900 81261
95859 5245 2526
95876 2395 32147
95889 5870 20156
95891 1710 25566
95896 5330 32452
95905 3865 6455
95909 6965 60543
95910 645 48435
95923 505 14259
95951 885 67442
95978 3615 85503
96062 1530 77342
96104 4380 87963
96122 1735 91088
96147 4150 59172
96160 1790 22597
96178 5380 79627
96200 925 87696
96253 6440 32427
96268 1275 72188
96281 2675 58150
96283 1725 52944
96292 1965 2138
96321 7170 43894
96383 5280 19903
96401 6615 3585
96461 3880 11373
96485 1975 87507
96485 3975 76042
96497 6815 55164
96519 4360 2361
96526 4895 13412
96531 530 43455
96602 3275 18091
96612 2470 58223
96642 6670 31292
96680 4180 43222
96683 6665 95450
96718 7240 2208
96736 1485 11452
96737 4260 29312
96746 3770 88871
96771 4450 88975
96788 3070 85870
96848 5570 30276
96894 775 36417
97000 1950 7614
97006 2150 49982
97064 6570 24905
97093 5600 19358
97164 2110 87911
97169 2930 27784
97184 2460 24189
97190 6655 88587
97228 2595 41044
97237 6950 44301
97271 4040 62462
97289 1975 61805
97299 1970 44125
97372 3615 42268
97385 6605 46570
97412 4285 73056
97424 3745 95323
97438 895 5305
97477 335 67792
97479 3680 69717
97483 915 46395
97498 1715 97904
97507 3575 97556
97529 5015 73789
97547 1450 85526
97549 920 94350
97551 6750 50557
97558 915 62926
97621 4660 39535
97655 1820 92752
97704 75 54319
97728 1250 41918
97803 235 90925
97806 4445 25743
97818 2945 59299
97885 3085 46441
97940 2550 63874
98084 3335 60632
98088 7350 31927
98092 3395 40919
98159 5260 16017
98162 40 10393
98189 630 93217
98224 2800 24046
98240 2985 59702
98251 2415 93468
98260 7115 3777
98346 2955 94509
98406 6400 77817
98424 3055 35062
98456 4510 67201
98485 4080 33203
98492 5855 23312
98524 5315 87377
98567 6045 13645
98582 3000 43183
98597 2410 65006
98600 3985 80331
98627 6515 10061
98638 1485 53828
98648 1345 28727
98694 5980 11074
98720 4465 34753
98747 820 60791
98916 5465 41373
98963 4015 70356
98972 7060 58914
99050 3895 41103
99092 605 11612
99096 1900 72816
99100 5780 66613
99150 5370 2174
99176 815 64778
99189 1050 52821
99220 4985 98793
99291 6135 45760
99313 4210 14313
99325 4190 65408
99330 2715 98460
99385 2080 3446
99428 4295 6345
99525 3120 839
99552 1720 89435
99616 4315 56812
99665 5445 22430
99698 710 68904
99755 4070 73493
99796 1730 5874
99844 2795 14854
99862 6380 32418
99873 5930 69536
99876 3025 51999
99907 4245 96559
99910 3835 98330
99914 4440 11516
99944 1125 68967
99982 860 93312
