3000 10000 41881 64262
18 10 56161
41 10 53313
47 10 92316
50 10 54843
113 10 63381
126 10 71349
195 10 72010
253 10 15585
284 10 579
292 10 62821
308 10 79645
340 10 572
363 10 66713
364 10 95195
377 10 18755
413 10 67835
422 10 41547
463 10 68360
516 10 28900
534 10 25796
540 10 74166
576 10 44903
583 10 88938
652 10 91834
733 10 38450
745 10 28894
785 10 84708
814 10 16513
832 10 61986
892 10 11283
916 10 38316
976 10 46544
986 10 53405
1005 10 17574
1063 10 36541
1104 10 82083
1174 10 52151
1176 10 40206
1191 10 26180
1476 10 86767
1511 10 69863
1572 10 73731
1598 10 77136
1601 10 64914
1718 10 79026
1733 10 18020
1757 10 66439
1772 10 16811
1797 10 9616
1801 10 40415
1837 10 74011
1884 10 69074
1893 10 62787
1898 10 16410
1919 10 67488
1987 10 28125
2014 10 47846
2032 10 97777
2088 10 79251
2135 10 68985
2157 10 64154
2190 10 55619
2219 10 59744
2231 10 57863
2244 10 81713
2268 10 72593
2271 10 46843
2324 10 61723
2392 10 85166
2400 10 1688
2427 10 11129
2488 10 41790
2501 10 82679
2522 10 71274
2603 10 91963
2637 10 75543
2650 10 60414
2669 10 31020
2679 10 35728
2717 10 58813
2720 10 87407
2739 10 17751
2771 10 24987
2783 10 98019
2903 10 88957
2982 10 97441
2994 10 86007
3060 10 65177
3063 10 17806
3070 10 92778
3080 10 23660
3098 10 48484
3164 10 53604
3167 10 39954
3229 10 2106
3260 10 55518
3284 10 44722
3324 10 26750
3367 10 28658
3396 10 5190
3549 10 5628
3604 10 18501
3698 10 39699
3715 10 68940
3718 10 80168
3732 10 92105
3739 10 53775
3748 10 98569
3777 10 70878
3782 10 24255
3788 10 97221
3822 10 36761
3826 10 95604
3877 10 81479
3892 10 97027
3927 10 21702
3987 10 44579
4003 10 59301
4020 10 14562
4059 10 11726
4127 10 13613
4165 10 29812
4246 10 93749
4263 10 35247
4287 10 53502
4303 10 83297
4323 10 79599
4392 10 63065
4406 10 24721
4542 10 91752
4548 10 7865
4549 10 7163
4604 10 80749
4617 10 94502
4690 10 7458
4709 10 97718
4730 10 57515
4751 10 20009
4854 10 25376
4893 10 129
4916 10 7078
4934 10 3373
4949 10 87613
4971 10 67763
4972 10 5295
4980 10 21310
4990 10 2971
4996 10 50908
5020 10 8442
5036 10 89120
5064 10 18039
5088 10 55153
5163 10 56948
5212 10 82703
5217 10 34590
5255 10 7750
5291 10 68089
5320 10 24662
5334 10 66679
5345 10 26759
5355 10 79644
5357 10 28764
5409 10 27628
5413 10 82576
5453 10 3265
5457 10 42591
5468 10 69571
5554 10 95411
5573 10 13248
5603 10 68243
5689 10 94042
5707 10 65002
5723 10 11336
5724 10 66241
5779 10 2136
5792 10 37483
5806 10 38274
5836 10 47775
5871 10 79142
5883 10 73139
5898 10 7593
5914 10 42359
5956 10 46780
6001 10 75994
6024 10 96372
6037 10 18864
6228 10 35311
6297 10 76792
6321 10 67638
6349 10 67422
6367 10 95530
6404 10 46012
6428 10 63392
6457 10 46802
6507 10 11638
6625 10 36992
6642 10 18648
6659 10 14507
6663 10 93066
6685 10 99735
6690 10 95121
6725 10 35442
6750 10 20046
6761 10 94764
6763 10 23983
6766 10 19787
6781 10 55485
6819 10 93815
6866 10 21621
6881 10 22969
6919 10 82111
6989 10 99103
7026 10 23162
7030 10 68806
7089 10 78987
7156 10 30141
7193 10 52520
7199 10 70490
7205 10 58661
7241 10 79031
7268 10 87882
7281 10 11518
7299 10 33007
7337 10 55309
7366 10 8861
7385 10 64777
7453 10 98869
7456 10 79165
7476 10 59525
7479 10 95286
7552 10 48006
7570 10 4300
7581 10 13769
7583 10 95762
7600 10 66439
7670 10 67297
7712 10 33326
7739 10 79883
7758 10 51633
7761 10 15124
7767 10 97931
7821 10 88450
7867 10 71664
7902 10 45244
7982 10 86197
8031 10 954
8063 10 89125
8121 10 46714
8223 10 68710
8230 10 79615
8238 10 83660
8278 10 63337
8319 10 24577
8382 10 98746
8409 10 42133
8411 10 86948
8443 10 40137
8484 10 58689
8514 10 81415
8526 10 29445
8606 10 55490
8608 10 53374
8663 10 8493
8674 10 10237
8680 10 98978
8691 10 53397
8730 10 57988
8734 10 25905
8741 10 29265
8768 10 60061
8775 10 62589
8780 10 41786
8860 10 68659
8900 10 41658
8951 10 30416
8956 10 58637
8970 10 58581
9013 10 56424
9048 10 84623
9055 10 83217
9099 10 30867
9108 10 94788
9116 10 94376
9142 10 20127
9143 10 83743
9148 10 34651
9161 10 71696
9238 10 88066
9264 10 80884
9305 10 70794
9325 10 80042
9356 10 60776
9368 10 21379
9401 10 87947
9412 10 71930
9414 10 93318
9424 10 62779
9457 10 17957
9499 10 15404
9529 10 28893
9551 10 58778
9604 10 87585
9613 10 15712
9636 10 47919
9690 10 98062
9723 10 41726
9730 10 7606
9738 10 72327
9854 10 32719
9919 10 12907
9949 10 92350
9956 10 97964
9971 10 44375
9978 10 74461
10002 10 89689
10024 10 62211
10207 10 63817
10270 10 80482
10282 10 13485
10416 10 68425
10471 10 87477
10518 10 6254
10542 10 63451
10556 10 43456
10564 10 39327
10629 10 96881
10725 10 38166
10737 10 12679
10744 10 61135
10790 10 74619
10797 10 71341
10836 10 32529
10856 10 24876
10874 10 66523
10945 10 88862
11000 10 85063
11041 10 30378
11140 10 48566
11170 10 13053
11209 10 45222
11270 10 16811
11295 10 67663
11338 10 81153
11368 10 80894
11401 10 95028
11476 10 28551
11507 10 29228
11559 10 21754
11653 10 38282
11682 10 64518
11702 10 91647
11712 10 99558
11760 10 10732
11773 10 78507
11787 10 63381
11793 10 56348
11861 10 71122
11930 10 68151
11956 10 44595
12023 10 16645
12109 10 48928
12121 10 36041
12129 10 85832
12220 10 4013
12234 10 51469
12264 10 48570
12266 10 24198
12288 10 75017
12303 10 93438
12326 10 44607
12351 10 35025
12382 10 15033
12383 10 53253
12392 10 98638
12425 10 34178
12442 10 35305
12494 10 55694
12546 10 37266
12564 10 86448
12572 10 3118
12581 10 40333
12585 10 40229
12653 10 70965
12683 10 22624
12699 10 66643
12720 10 66517
12778 10 70624
12780 10 65825
12842 10 30432
12857 10 78673
12899 10 5534
12912 10 75094
13088 10 92612
13122 10 74394
13159 10 71535
13191 10 13273
13230 10 21276
13361 10 58991
13388 10 17806
13418 10 65552
13432 10 19329
13445 10 3040
13468 10 48539
13484 10 89746
13489 10 32566
13567 10 73892
13586 10 6917
13618 10 96108
13640 10 55333
13660 10 91214
13661 10 58744
13692 10 50322
13722 10 88102
13770 10 57530
13891 10 81070
13892 10 40508
13957 10 59989
14014 10 70161
14146 10 50082
14158 10 75617
14171 10 38220
14318 10 88682
14341 10 88073
14404 10 98380
14411 10 94750
14426 10 91181
14501 10 46751
14521 10 71831
14522 10 85204
14549 10 55405
14551 10 16838
14609 10 94232
14637 10 46306
14641 10 31744
14650 10 83951
14673 10 93388
14725 10 79395
14753 10 86539
14874 10 44674
14884 10 57246
14894 10 76098
14899 10 80846
14916 10 56187
14934 10 60735
14994 10 44270
14997 10 73208
15021 10 10731
15109 10 48871
15154 10 60664
15174 10 60345
15184 10 85214
15214 10 22860
15217 10 95057
15264 10 69051
15275 10 32629
15278 10 96340
15321 10 78319
15329 10 13809
15361 10 67028
15437 10 95507
15464 10 89468
15479 10 54722
15496 10 83057
15502 10 68353
15504 10 13782
15534 10 84758
15536 10 95741
15590 10 46085
15672 10 70035
15678 10 77123
15702 10 16566
15731 10 56170
15741 10 75051
15815 10 44336
15853 10 55715
15881 10 66359
15888 10 52486
15914 10 23631
15915 10 10442
15916 10 35441
15917 10 81487
15919 10 53138
15929 10 94624
15980 10 73548
16044 10 28944
16075 10 20849
16083 10 23840
16112 10 36953
16208 10 79961
16227 10 68354
16269 10 87648
16375 10 50497
16454 10 72434
16478 10 98862
16496 10 24464
16540 10 56067
16563 10 35232
16573 10 75449
16585 10 12286
16610 10 10691
16611 10 84443
16658 10 14325
16711 10 4904
16722 10 51195
16751 10 62484
16779 10 67582
16809 10 95944
16816 10 55943
16913 10 40944
16943 10 35653
17037 10 17256
17120 10 44247
17127 10 97625
17183 10 9003
17195 10 50642
17301 10 80430
17307 10 41485
17336 10 5640
17345 10 28649
17353 10 44820
17399 10 16440
17406 10 35556
17412 10 7680
17461 10 33274
17480 10 90237
17554 10 4022
17580 10 38917
17625 10 93408
17635 10 1141
17641 10 91690
17656 10 31949
17686 10 59584
17729 10 56758
17736 10 63469
17759 10 89184
17775 10 89014
17787 10 9910
17837 10 24098
17857 10 32134
17907 10 21249
17951 10 59453
18111 10 61889
18127 10 75632
18171 10 93404
18172 10 18730
18175 10 28223
18207 10 46435
18208 10 44179
18218 10 69318
18224 10 39538
18300 10 66015
18371 10 54242
18483 10 8149
18499 10 27914
18525 10 55694
18590 10 68071
18623 10 84541
18640 10 15757
18698 10 90572
18825 10 76024
18826 10 95508
18868 10 12620
18892 10 16524
18924 10 22270
18951 10 85062
18987 10 21261
18990 10 18296
19025 10 72024
19121 10 98885
19127 10 2126
19141 10 7576
19147 10 22861
19158 10 84614
19176 10 99493
19228 10 26656
19250 10 91797
19292 10 8306
19295 10 28385
19327 10 72787
19339 10 13478
19355 10 73162
19359 10 23534
19407 10 21539
19420 10 80977
19439 10 24631
19467 10 30410
19513 10 71488
19652 10 46110
19697 10 22721
19710 10 97624
19714 10 49871
19761 10 46733
19771 10 95129
19785 10 68380
19843 10 60513
19851 10 45517
19984 10 40312
19990 10 61903
20008 10 50551
20027 10 71592
20030 10 32769
20059 10 61791
20087 10 72526
20103 10 57884
20108 10 56966
20125 10 84035
20130 10 48724
20146 10 53546
20185 10 39307
20256 10 88333
20283 10 59217
20286 10 13903
20349 10 77903
20374 10 47877
20410 10 82993
20419 10 71088
20473 10 90248
20478 10 51569
20531 10 55512
20543 10 52737
20557 10 18834
20563 10 10318
20564 10 60762
20572 10 2209
20585 10 53979
20588 10 32592
20593 10 63845
20602 10 55690
20618 10 68951
20628 10 30792
20662 10 49407
20712 10 54535
20810 10 10152
20901 10 37685
20974 10 68867
21054 10 92232
21089 10 29617
21123 10 93165
21178 10 98786
21255 10 52113
21272 10 92133
21307 10 91447
21340 10 13473
21346 10 7761
21357 10 31708
21369 10 37596
21374 10 83554
21396 10 3245
21425 10 43983
21480 10 17954
21502 10 66889
21504 10 35583
21505 10 79979
21630 10 12637
21690 10 56320
21692 10 68394
21710 10 51916
21722 10 87499
21756 10 43803
21770 10 97824
21889 10 25958
21899 10 59654
21935 10 95907
21937 10 45557
21999 10 49000
22047 10 84736
22084 10 1066
22096 10 9800
22104 10 32238
22192 10 37070
22221 10 18500
22222 10 70169
22241 10 39343
22284 10 8715
22299 10 73898
22329 10 39097
22334 10 97838
22352 10 14125
22367 10 96942
22403 10 33651
22513 10 62503
22521 10 80758
22548 10 66867
22580 10 67261
22627 10 11749
22709 10 19116
22749 10 14786
22792 10 46500
22832 10 66310
22916 10 95267
22993 10 83331
23014 10 49218
23053 10 55636
23077 10 41474
23094 10 43716
23104 10 21993
23112 10 35312
23157 10 23517
23194 10 29624
23204 10 3742
23220 10 74097
23273 10 79156
23277 10 70147
23280 10 76248
23297 10 59790
23317 10 39673
23319 10 15428
23358 10 3916
23383 10 11545
23469 10 50254
23531 10 68064
23543 10 27828
23559 10 84359
23576 10 36720
23582 10 1683
23606 10 59798
23654 10 13545
23699 10 12058
23702 10 88030
23759 10 20318
23833 10 75870
23875 10 75135
23897 10 23953
23961 10 42666
24010 10 13919
24088 10 35033
24098 10 59996
24102 10 24057
24105 10 34440
24151 10 36539
24159 10 85512
24170 10 66688
24243 10 52540
24321 10 62984
24388 10 991
24397 10 4500
24514 10 47260
24545 10 65702
24560 10 4570
24585 10 1666
24633 10 50529
24657 10 71487
24666 10 83997
24740 10 14965
24800 10 58346
24831 10 59866
24850 10 21281
24855 10 53871
24957 10 94640
24966 10 2507
24989 10 97020
24992 10 3214
25053 10 78954
25092 10 3529
25097 10 63990
25172 10 78694
25181 10 43723
25201 10 97263
25274 10 7235
25338 10 28386
25371 10 54730
25427 10 91708
25507 10 59522
25509 10 14802
25599 10 60190
25651 10 29868
25704 10 72767
25731 10 69713
25777 10 16583
25786 10 84328
25830 10 76855
25840 10 78735
25846 10 7399
25929 10 75226
25997 10 48533
26047 10 42422
26098 10 5733
26113 10 30324
26129 10 29317
26172 10 13814
26314 10 56983
26319 10 93761
26405 10 21357
26454 10 72223
26465 10 83378
26469 10 14252
26495 10 88471
26514 10 42807
26515 10 99958
26526 10 86373
26542 10 81509
26545 10 76061
26549 10 65764
26572 10 24117
26616 10 10272
26635 10 55308
26725 10 19291
26733 10 51582
26775 10 71431
26791 10 60244
26808 10 24331
26809 10 56205
26830 10 44752
26917 10 51754
26923 10 40848
26942 10 84381
26950 10 29773
26959 10 61399
26963 10 48514
26968 10 86362
27008 10 16942
27058 10 66387
27062 10 72491
27070 10 24304
27076 10 54213
27114 10 81054
27148 10 95261
27231 10 83152
27239 10 47521
27278 10 57465
27328 10 18870
27398 10 33270
27410 10 60185
27435 10 4075
27439 10 93978
27459 10 81491
27481 10 14973
27512 10 96275
27536 10 47412
27550 10 40530
27558 10 47509
27598 10 74723
27604 10 52784
27641 10 35998
27669 10 27728
27683 10 80504
27707 10 85841
27733 10 10928
27780 10 44556
27782 10 24284
27799 10 94533
27813 10 82597
27828 10 71095
27880 10 56481
27930 10 52783
27937 10 56146
27968 10 42920
28011 10 59573
28026 10 45664
28096 10 78319
28104 10 41979
28107 10 70071
28109 10 81120
28111 10 28406
28154 10 22044
28182 10 58584
28207 10 22057
28210 10 11594
28211 10 8454
28284 10 43589
28293 10 99445
28345 10 98991
28368 10 86860
28472 10 22736
28519 10 74917
28538 10 6353
28561 10 32685
28583 10 76319
28686 10 72858
28751 10 97322
28763 10 11313
28784 10 50955
28785 10 87529
28872 10 10123
28879 10 55498
28906 10 89226
28952 10 65702
29033 10 96184
29041 10 97522
29052 10 28204
29079 10 31637
29088 10 19725
29130 10 40494
29203 10 53879
29236 10 77172
29242 10 50840
29290 10 53297
29315 10 50322
29391 10 95581
29416 10 98098
29466 10 32988
29470 10 30084
29483 10 61809
29621 10 41071
29646 10 61031
29676 10 79326
29717 10 81774
29740 10 88620
29806 10 45798
29913 10 68435
29921 10 19091
29923 10 29778
29924 10 22441
29927 10 43445
29963 10 4509
29966 10 41592
29977 10 36425
30013 10 89868
30014 10 23031
30054 10 28849
30106 10 61975
30118 10 95132
30138 10 51494
30210 10 9157
30256 10 73694
30287 10 22255
30306 10 46055
30462 10 19862
30481 10 92669
30535 10 24685
30566 10 86912
30611 10 60002
30612 10 1898
30652 10 33495
30694 10 49391
30760 10 26258
30803 10 16286
30858 10 13397
30891 10 67325
30908 10 75730
30910 10 64222
30912 10 31740
30972 10 15556
31005 10 14953
31027 10 71369
31052 10 64307
31100 10 78522
31134 10 61072
31149 10 26993
31172 10 70818
31219 10 79725
31222 10 44221
31239 10 51632
31317 10 83237
31324 10 23722
31330 10 62492
31345 10 56540
31390 10 22040
31401 10 64576
31458 10 63144
31465 10 43163
31524 10 21805
31550 10 16462
31586 10 9132
31589 10 14071
31642 10 25904
31645 10 81628
31669 10 55762
31710 10 49357
31790 10 35927
31806 10 12326
31875 10 62165
31879 10 46377
31886 10 5265
31902 10 58275
31916 10 60418
31951 10 46849
32000 10 12512
32074 10 51753
32081 10 72981
32125 10 66584
32149 10 57033
32177 10 35852
32224 10 93497
32225 10 61343
32263 10 85240
32289 10 70261
32326 10 80967
32370 10 14582
32391 10 31589
32394 10 2578
32395 10 66171
32398 10 40606
32427 10 38569
32491 10 68864
32597 10 91921
32677 10 48177
32679 10 79085
32698 10 5273
32773 10 10534
32780 10 50384
32830 10 75053
32850 10 97777
32858 10 94230
32870 10 53663
32885 10 77899
32914 10 26254
32963 10 71504
32991 10 3746
33024 10 54681
33040 10 562
33049 10 29118
33057 10 93447
33059 10 98575
33088 10 35100
33129 10 53944
33157 10 31445
33193 10 5344
33195 10 14737
33232 10 49358
33302 10 90418
33307 10 85340
33361 10 5779
33366 10 98770
33404 10 49161
33430 10 9842
33436 10 94544
33437 10 7280
33444 10 30286
33461 10 91995
33525 10 53868
33541 10 11018
33624 10 16187
33642 10 16910
33662 10 72669
33674 10 65760
33747 10 12642
33766 10 62222
33768 10 83564
33839 10 3180
33856 10 96682
33859 10 94709
33906 10 47005
33916 10 41733
33937 10 3553
33991 10 50531
34039 10 74478
34071 10 41488
34082 10 5879
34090 10 6488
34099 10 29153
34105 10 961
34123 10 30481
34155 10 46810
34174 10 27679
34187 10 30740
34220 10 50441
34241 10 55627
34249 10 32631
34287 10 67650
34298 10 40728
34364 10 71654
34437 10 53506
34492 10 99975
34522 10 37423
34527 10 9555
34563 10 74796
34565 10 74675
34567 10 78662
34596 10 90399
34647 10 15428
34670 10 72183
34703 10 98021
34713 10 46940
34747 10 81828
34780 10 59966
34814 10 92797
34939 10 89485
34996 10 42218
35000 10 28927
35055 10 18731
35129 10 80570
35189 10 73712
35194 10 11630
35197 10 3960
35203 10 86335
35267 10 15389
35287 10 98585
35291 10 33574
35297 10 80641
35313 10 17693
35393 10 92022
35500 10 18517
35501 10 77141
35505 10 30097
35506 10 60176
35529 10 78580
35592 10 85489
35601 10 32584
35607 10 32903
35613 10 78496
35649 10 59673
35656 10 79946
35774 10 5842
35785 10 11665
35797 10 87906
35800 10 13534
35857 10 14538
35858 10 84155
35861 10 85899
35864 10 22610
35873 10 55880
35875 10 6755
35882 10 14454
35925 10 52394
35926 10 90258
35959 10 8854
36052 10 3681
36078 10 50419
36113 10 70273
36114 10 90775
36158 10 99388
36166 10 68821
36261 10 58707
36265 10 71241
36288 10 56797
36300 10 93535
36318 10 62947
36349 10 8996
36379 10 1261
36383 10 96671
36439 10 98153
36446 10 93359
36519 10 50841
36532 10 11600
36552 10 44202
36561 10 44417
36580 10 95625
36594 10 62249
36631 10 79800
36659 10 45227
36688 10 37756
36695 10 66055
36716 10 98737
36734 10 27623
36800 10 82718
36803 10 88494
36860 10 58385
36862 10 50131
36914 10 89832
36936 10 97175
37031 10 70724
37099 10 94709
37173 10 9251
37186 10 82231
37191 10 17421
37240 10 45750
37291 10 9895
37325 10 7931
37338 10 77571
37339 10 98457
37373 10 91460
37387 10 62400
37405 10 53398
37413 10 93130
37419 10 91203
37428 10 94546
37460 10 69490
37464 10 55800
37468 10 45073
37469 10 7394
37477 10 75489
37559 10 36528
37604 10 42231
37676 10 77453
37678 10 92029
37687 10 52950
37689 10 28623
37700 10 22702
37704 10 33568
37727 10 25272
37805 10 75015
37827 10 13586
37845 10 13461
37866 10 61664
37929 10 75411
37935 10 42222
37971 10 84508
37974 10 73901
38013 10 16680
38025 10 31120
38062 10 57264
38080 10 21470
38104 10 53702
38116 10 977
38134 10 8926
38177 10 50778
38224 10 34448
38308 10 29343
38340 10 6511
38458 10 25980
38463 10 41161
38480 10 35809
38495 10 46249
38514 10 90408
38546 10 74139
38559 10 30722
38567 10 37854
38597 10 21420
38672 10 2187
38690 10 93154
38699 10 26709
38729 10 91920
38736 10 82223
38785 10 31823
38879 10 65051
38891 10 31467
38928 10 72593
38931 10 58006
38951 10 53657
39006 10 87713
39013 10 45698
39159 10 88146
39165 10 23178
39256 10 48263
39273 10 13020
39283 10 31925
39302 10 27597
39305 10 8506
39317 10 39399
39336 10 18292
39406 10 57273
39410 10 62289
39488 10 17004
39520 10 61511
39531 10 28421
39596 10 90552
39626 10 84691
39641 10 33237
39647 10 97842
39654 10 43105
39715 10 83066
39795 10 55493
39799 10 93218
39856 10 24062
39857 10 54633
39930 10 64271
39975 10 60286
40062 10 43697
40077 10 84382
40097 10 77583
40104 10 4661
40155 10 91752
40178 10 19035
40197 10 79293
40222 10 49073
40240 10 33141
40394 10 93196
40412 10 6358
40504 10 38466
40528 10 6804
40593 10 13450
40611 10 10883
40640 10 98120
40641 10 77395
40665 10 38389
40810 10 46262
40813 10 75425
40838 10 73155
40840 10 6723
40863 10 11255
40915 10 5111
40930 10 83102
40946 10 75564
40982 10 3245
41002 10 85529
41042 10 58833
41064 10 6386
41130 10 407
41154 10 82320
41186 10 12373
41237 10 92481
41244 10 40001
41291 10 6609
41378 10 96231
41387 10 63805
41403 10 82788
41414 10 28423
41418 10 74973
41446 10 54701
41448 10 45783
41455 10 79934
41466 10 36521
41620 10 3654
41791 10 40546
41819 10 48190
41852 10 27487
41863 10 65649
41869 10 11701
41894 10 63547
41908 10 7465
41982 10 94526
41994 10 35109
42054 10 3642
42061 10 38014
42072 10 2037
42130 10 22219
42180 10 9805
42200 10 65962
42207 10 56794
42269 10 39084
42274 10 15185
42295 10 6341
42351 10 47000
42358 10 16476
42381 10 89850
42392 10 65780
42453 10 60838
42483 10 94070
42504 10 69332
42610 10 2614
42611 10 93577
42666 10 62839
42672 10 15754
42687 10 14357
42694 10 4113
42705 10 68284
42724 10 17896
42777 10 17572
42786 10 55717
42803 10 68517
42938 10 86228
42973 10 52606
42977 10 29412
43029 10 2543
43101 10 38960
43129 10 48294
43138 10 88200
43148 10 15771
43158 10 74736
43177 10 4683
43215 10 37042
43222 10 6392
43307 10 54664
43327 10 46385
43330 10 49637
43371 10 85553
43374 10 40512
43392 10 21211
43438 10 91332
43444 10 8017
43449 10 65783
43521 10 80602
43563 10 2164
43584 10 97038
43632 10 29762
43687 10 54743
43772 10 66710
43786 10 84253
43860 10 12924
43880 10 47586
43907 10 5055
43941 10 92680
44001 10 25091
44029 10 47224
44125 10 72534
44257 10 36586
44293 10 75280
44316 10 5205
44465 10 13004
44495 10 53073
44502 10 34375
44543 10 88376
44583 10 11596
44584 10 19114
44621 10 52340
44627 10 93193
44633 10 6513
44689 10 82158
44758 10 90685
44777 10 76404
44783 10 84039
44786 10 35621
44847 10 49084
44878 10 35553
44908 10 69813
44924 10 7069
44930 10 11699
44935 10 53279
44999 10 16871
45021 10 21235
45039 10 50716
45046 10 54068
45056 10 80780
45069 10 38363
45099 10 21270
45143 10 34310
45176 10 64650
45191 10 76068
45217 10 75703
45219 10 3044
45224 10 55156
45302 10 55093
45309 10 42295
45311 10 78504
45327 10 10965
45350 10 70708
45356 10 18464
45389 10 78094
45394 10 61739
45434 10 88773
45478 10 52851
45625 10 84277
45628 10 16550
45666 10 83137
45731 10 25654
45761 10 67169
45762 10 64449
45781 10 35408
45847 10 36212
45906 10 35603
45937 10 52709
45944 10 91489
45948 10 71177
46014 10 94279
46107 10 32350
46113 10 90574
46137 10 77183
46199 10 29345
46247 10 98834
46269 10 59156
46310 10 98648
46325 10 79343
46340 10 89012
46380 10 83389
46405 10 67373
46441 10 25868
46443 10 74390
46472 10 40932
46480 10 62432
46613 10 53385
46666 10 74195
46669 10 5911
46680 10 45335
46734 10 89847
46761 10 54386
46847 10 92610
46916 10 49976
46918 10 86621
46924 10 508
46960 10 16552
46979 10 10263
47048 10 23996
47078 10 71794
47121 10 48969
47141 10 65569
47148 10 65130
47160 10 35829
47211 10 10895
47301 10 49034
47313 10 22543
47327 10 82317
47382 10 24461
47449 10 45765
47456 10 33673
47482 10 11799
47506 10 49161
47556 10 18430
47575 10 71892
47583 10 13580
47623 10 86744
47661 10 98626
47672 10 29459
47674 10 19944
47677 10 2507
47763 10 36647
47793 10 98810
47807 10 34886
47815 10 85397
47828 10 995
47850 10 18423
47870 10 60461
47874 10 53092
47888 10 89866
47965 10 20792
47969 10 66462
47984 10 85102
47988 10 38143
48032 10 75973
48061 10 22551
48067 10 81856
48078 10 80612
48110 10 69094
48138 10 91585
48172 10 91619
48196 10 84467
48274 10 87613
48279 10 19731
48280 10 18368
48291 10 75218
48318 10 72087
48333 10 35454
48334 10 1530
48458 10 97670
48489 10 3141
48550 10 79347
48567 10 78138
48572 10 50307
48594 10 27233
48621 10 12568
48638 10 62504
48681 10 49481
48692 10 83055
48701 10 69780
48714 10 77348
48764 10 74587
48801 10 94575
48818 10 32098
48879 10 52150
48888 10 41044
48899 10 73646
48921 10 98867
49076 10 35882
49080 10 77040
49093 10 79164
49194 10 30625
49268 10 34413
49289 10 49883
49305 10 72051
49315 10 28859
49331 10 97098
49364 10 49717
49377 10 5618
49379 10 94522
49455 10 60630
49486 10 33825
49543 10 69508
49633 10 65068
49709 10 18198
49715 10 63511
49818 10 84635
49866 10 94671
49922 10 97255
49989 10 8054
50005 10 38848
50049 10 38119
50059 10 7573
50089 10 58110
50187 10 18583
50268 10 20905
50276 10 75309
50313 10 87128
50326 10 31365
50357 10 15092
50385 10 8268
50421 10 96209
50498 10 96236
50571 10 68794
50598 10 53567
50633 10 27917
50673 10 48877
50679 10 78758
50733 10 176
50795 10 64142
50829 10 80614
50861 10 59386
50947 10 84527
50995 10 55838
51030 10 57017
51080 10 95441
51085 10 21051
51086 10 86697
51153 10 16864
51203 10 95838
51221 10 76951
51282 10 7178
51292 10 48846
51308 10 24292
51330 10 32998
51343 10 79362
51349 10 69326
51412 10 63971
51437 10 40100
51504 10 86062
51559 10 55901
51573 10 20806
51590 10 1404
51599 10 22575
51677 10 28029
51684 10 49478
51736 10 12017
51741 10 21133
51756 10 73569
51827 10 33413
51837 10 97446
51844 10 30667
51855 10 18121
51861 10 44218
52020 10 38131
52048 10 74322
52059 10 20341
52083 10 21580
52099 10 99517
52219 10 86465
52261 10 70867
52281 10 52578
52341 10 90224
52384 10 62443
52438 10 24903
52443 10 36793
52507 10 29129
52547 10 73787
52551 10 17477
52574 10 93930
52593 10 10555
52605 10 39062
52615 10 30854
52675 10 65773
52751 10 83506
52795 10 7612
52796 10 44120
52860 10 97847
52883 10 11999
52937 10 11109
52944 10 85794
52987 10 79930
53038 10 58269
53055 10 55878
53166 10 31904
53188 10 64502
53205 10 56544
53248 10 30624
53255 10 15415
53273 10 33908
53298 10 46623
53328 10 16709
53388 10 775
53394 10 86033
53421 10 82068
53450 10 12584
53480 10 60257
53517 10 23857
53523 10 87226
53537 10 61214
53551 10 18735
53564 10 56124
53659 10 47148
53674 10 71529
53751 10 28491
53871 10 70055
53872 10 3468
53884 10 31631
53937 10 10037
53950 10 81974
53959 10 36285
53971 10 71282
53973 10 4739
54032 10 71389
54055 10 60401
54242 10 47127
54259 10 77
54279 10 69364
54309 10 85267
54363 10 17569
54389 10 44213
54447 10 99532
54539 10 58123
54549 10 60868
54550 10 61081
54558 10 15894
54566 10 29149
54631 10 75930
54682 10 97490
54698 10 11541
54746 10 99708
54764 10 24224
54778 10 31616
54805 10 70527
54806 10 67411
54858 10 22509
54893 10 25672
54905 10 38938
54920 10 39709
54977 10 85461
55069 10 54975
55113 10 64635
55136 10 70338
55180 10 86709
55216 10 72772
55248 10 16797
55269 10 70442
55272 10 1184
55301 10 59914
55378 10 1796
55397 10 45166
55399 10 9561
55403 10 67651
55421 10 39587
55466 10 64307
55494 10 10335
55519 10 62938
55563 10 92943
55573 10 35839
55589 10 15128
55600 10 65881
55614 10 8679
55635 10 95742
55643 10 18432
55667 10 27997
55726 10 50547
55727 10 75969
55729 10 40226
55757 10 39562
55806 10 20658
55842 10 54359
55862 10 46166
55872 10 88236
55896 10 11267
55900 10 25711
55917 10 61416
55973 10 41289
55979 10 93543
56020 10 60874
56054 10 29752
56093 10 54469
56097 10 97539
56121 10 41728
56221 10 93433
56266 10 33546
56293 10 45038
56302 10 67445
56310 10 7353
56351 10 46735
56426 10 19066
56457 10 52407
56472 10 70816
56488 10 62016
56491 10 18575
56527 10 70024
56570 10 2815
56612 10 53958
56624 10 1911
56669 10 32179
56685 10 33641
56689 10 38577
56715 10 58582
56733 10 72189
56749 10 87336
56759 10 84642
56783 10 6152
56787 10 90468
56829 10 35679
56917 10 78518
56968 10 95775
56986 10 45982
57035 10 61310
57053 10 87962
57101 10 52535
57151 10 38935
57223 10 7586
57252 10 37836
57287 10 8874
57322 10 93053
57371 10 87550
57400 10 32166
57407 10 2289
57441 10 33370
57465 10 65642
57494 10 15566
57513 10 44866
57530 10 47010
57556 10 52278
57582 10 38962
57588 10 98992
57605 10 80623
57606 10 35173
57616 10 62890
57621 10 38880
57636 10 33188
57653 10 96297
57691 10 99053
57735 10 96099
57740 10 50661
57744 10 12232
57745 10 19457
57755 10 16332
57775 10 16051
57811 10 38399
57888 10 21315
57934 10 48810
58030 10 88415
58142 10 32738
58171 10 26793
58181 10 35034
58211 10 41380
58255 10 34632
58271 10 70379
58288 10 25046
58318 10 63297
58370 10 61242
58379 10 13200
58383 10 97142
58403 10 66082
58423 10 44741
58449 10 75436
58450 10 72783
58466 10 82314
58597 10 32397
58610 10 36670
58615 10 93539
58647 10 95950
58756 10 9907
58794 10 47280
58824 10 58492
58838 10 83947
58869 10 99910
58898 10 40275
58915 10 2133
58929 10 22351
58959 10 86406
58968 10 15903
58982 10 38515
58990 10 98345
59007 10 72649
59011 10 10739
59046 10 57604
59052 10 8330
59119 10 91472
59152 10 16100
59154 10 51573
59202 10 11754
59215 10 68667
59266 10 76543
59274 10 47653
59363 10 92263
59391 10 74121
59395 10 23024
59418 10 75206
59451 10 52403
59457 10 37036
59462 10 31633
59483 10 12579
59575 10 67373
59613 10 31533
59673 10 74286
59689 10 42652
59698 10 85722
59760 10 23339
59797 10 52704
59876 10 75170
59979 10 20418
59994 10 27869
60020 10 82398
60035 10 99518
60079 10 42086
60110 10 33765
60152 10 20665
60193 10 28323
60245 10 90126
60295 10 88159
60306 10 78910
60356 10 40812
60367 10 55999
60381 10 4626
60438 10 13167
60470 10 28837
60502 10 69322
60504 10 64467
60517 10 75594
60538 10 96458
60588 10 11686
60608 10 8438
60625 10 54037
60647 10 12560
60672 10 99929
60681 10 48017
60761 10 7821
60850 10 72896
60914 10 84510
60934 10 26782
60946 10 83301
60957 10 72178
60959 10 84144
60969 10 84599
61009 10 41557
61011 10 86017
61048 10 1728
61180 10 89264
61191 10 20447
61207 10 52091
61218 10 69042
61235 10 24209
61255 10 74222
61267 10 16802
61298 10 79450
61365 10 55001
61530 10 50635
61597 10 53472
61626 10 84615
61708 10 184
61728 10 53786
61741 10 99654
61759 10 25230
61775 10 26485
61795 10 24811
61826 10 17070
61844 10 77099
61865 10 90086
61876 10 43109
61886 10 29112
61969 10 99595
62012 10 84832
62013 10 40175
62031 10 20039
62082 10 44903
62123 10 22159
62145 10 35437
62270 10 81324
62278 10 94816
62292 10 34569
62359 10 28955
62467 10 83086
62489 10 11944
62532 10 33595
62595 10 85727
62616 10 69596
62624 10 32587
62644 10 74130
62689 10 97060
62691 10 61780
62721 10 3047
62770 10 22191
62805 10 73613
62820 10 97899
62822 10 38703
62853 10 76873
62857 10 82765
62883 10 69407
62894 10 20002
62964 10 54976
62971 10 44195
62974 10 51587
63043 10 49989
63124 10 39094
63172 10 41794
63193 10 97212
63215 10 12391
63328 10 14482
63486 10 12138
63488 10 56084
63502 10 54402
63514 10 58114
63530 10 69994
63531 10 75320
63610 10 62383
63612 10 11049
63676 10 40830
63702 10 57497
63718 10 92173
63719 10 19650
63738 10 86511
63805 10 41719
63895 10 94705
63899 10 70952
63915 10 68563
63959 10 72003
63963 10 88824
64070 10 36278
64087 10 67726
64181 10 93981
64204 10 69970
64228 10 45976
64263 10 53550
64264 10 34823
64304 10 32650
64315 10 87354
64356 10 60436
64410 10 33151
64430 10 9785
64452 10 72600
64455 10 41208
64457 10 33133
64473 10 66754
64499 10 57321
64569 10 41583
64578 10 52486
64579 10 55535
64630 10 76421
64650 10 90968
64651 10 28875
64699 10 55160
64706 10 81859
64739 10 45071
64857 10 247
64862 10 34100
64905 10 1567
64913 10 60650
64959 10 23070
65076 10 7781
65084 10 86522
65107 10 25954
65131 10 73701
65156 10 11488
65186 10 64339
65197 10 67755
65203 10 350
65249 10 21217
65305 10 58834
65319 10 52313
65329 10 43360
65377 10 31727
65378 10 86774
65391 10 4740
65430 10 26897
65463 10 57419
65481 10 4941
65518 10 7377
65537 10 31335
65547 10 53280
65609 10 96171
65614 10 17040
65657 10 93854
65701 10 53355
65738 10 9319
65799 10 99900
65832 10 28210
65851 10 87489
65856 10 98485
65893 10 25676
65902 10 81435
65950 10 12159
65954 10 70411
66103 10 18106
66142 10 72898
66165 10 26910
66173 10 81440
66203 10 56073
66204 10 1186
66221 10 5721
66238 10 60941
66295 10 15307
66365 10 27064
66371 10 37442
66374 10 19491
66377 10 90784
66378 10 27100
66424 10 76559
66438 10 23200
66449 10 43752
66495 10 12200
66517 10 41907
66531 10 84458
66572 10 71596
66577 10 26796
66591 10 35710
66610 10 35706
66654 10 1748
66661 10 80356
66696 10 63904
66760 10 74619
66790 10 1708
66868 10 49992
66877 10 50751
66885 10 28569
66887 10 38243
66975 10 52982
66993 10 58680
67078 10 22552
67111 10 39415
67128 10 63489
67132 10 20335
67139 10 61566
67175 10 77260
67181 10 19929
67187 10 9195
67190 10 68244
67285 10 88886
67310 10 51369
67351 10 81595
67367 10 25108
67506 10 26909
67550 10 67754
67580 10 52257
67604 10 89325
67622 10 9895
67650 10 22429
67668 10 46047
67671 10 8755
67688 10 28547
67809 10 61635
67811 10 41033
67828 10 74946
67856 10 54389
67878 10 55778
67948 10 64322
67960 10 61974
67987 10 84562
67997 10 79759
67998 10 98447
68003 10 68155
68036 10 10930
68123 10 86382
68217 10 16022
68273 10 25862
68280 10 45399
68296 10 94051
68301 10 8143
68389 10 27968
68447 10 78941
68459 10 78310
68529 10 79376
68537 10 21976
68544 10 24159
68561 10 33731
68567 10 34701
68600 10 73880
68603 10 5738
68620 10 63201
68636 10 27188
68645 10 73288
68646 10 10915
68717 10 27784
68718 10 83292
68724 10 33725
68733 10 22919
68768 10 19962
68920 10 16323
68955 10 53671
69002 10 91010
69035 10 8295
69204 10 64536
69253 10 53403
69272 10 17422
69297 10 55535
69400 10 92317
69404 10 32823
69499 10 77777
69506 10 52264
69511 10 12065
69525 10 93798
69528 10 53466
69571 10 82317
69631 10 24473
69639 10 57292
69644 10 56239
69646 10 12685
69658 10 93826
69659 10 93311
69708 10 37850
69726 10 55589
69732 10 55603
69767 10 23073
69774 10 19303
69838 10 28246
69853 10 29790
69895 10 72069
69899 10 59230
69902 10 97627
69913 10 79909
69917 10 84262
69921 10 51426
69963 10 9966
70009 10 86950
70010 10 53413
70054 10 89657
70113 10 50759
70114 10 7829
70208 10 84663
70223 10 1185
70233 10 4423
70259 10 84359
70289 10 5198
70295 10 53446
70308 10 59897
70347 10 45659
70361 10 48965
70483 10 94685
70496 10 64658
70513 10 80742
70590 10 64104
70610 10 84163
70635 10 12071
70710 10 65620
70743 10 62898
70753 10 82355
70796 10 3442
70896 10 82226
70968 10 64239
70979 10 95438
71008 10 17545
71017 10 30525
71055 10 38396
71076 10 75771
71214 10 42519
71216 10 21106
71229 10 36128
71248 10 32889
71268 10 26681
71271 10 81935
71325 10 34109
71344 10 42608
71383 10 94566
71438 10 25687
71540 10 10430
71547 10 74971
71626 10 34376
71641 10 93269
71662 10 71912
71701 10 67380
71766 10 29840
71780 10 92244
71870 10 83156
71893 10 7806
71899 10 79937
71960 10 40748
71985 10 60640
72021 10 56987
72029 10 36487
72034 10 57984
72177 10 14886
72202 10 12508
72216 10 26916
72250 10 52417
72272 10 22373
72299 10 99326
72323 10 35231
72361 10 11473
72372 10 73798
72384 10 38240
72403 10 11955
72444 10 18361
72482 10 87377
72517 10 84651
72534 10 8305
72545 10 74201
72583 10 12994
72654 10 31264
72712 10 35295
72724 10 9280
72742 10 32585
72762 10 3575
72880 10 92958
72922 10 68828
72932 10 25272
72987 10 10426
73003 10 62942
73019 10 3976
73031 10 11983
73048 10 14476
73094 10 73422
73136 10 81061
73146 10 14000
73159 10 34364
73196 10 73020
73297 10 15123
73324 10 3784
73368 10 61551
73422 10 30688
73470 10 77583
73472 10 26861
73485 10 94990
73568 10 87593
73585 10 87745
73632 10 18805
73654 10 93800
73657 10 18625
73694 10 65159
73705 10 57983
73709 10 87883
73794 10 22802
73832 10 38850
73840 10 76445
73902 10 18457
73905 10 81431
73951 10 80579
73990 10 52266
74014 10 47414
74073 10 4499
74112 10 23945
74125 10 51286
74134 10 43305
74141 10 92826
74172 10 26775
74193 10 16034
74225 10 19599
74242 10 25265
74247 10 92097
74296 10 52583
74395 10 96027
74415 10 74899
74432 10 27923
74510 10 64343
74550 10 71615
74600 10 1689
74635 10 11571
74735 10 3394
74792 10 15823
74841 10 83444
74937 10 23982
74955 10 10532
74957 10 78335
74964 10 96468
74979 10 67174
74995 10 8954
74996 10 94410
75013 10 67130
75051 10 59403
75089 10 65854
75131 10 15867
75140 10 73948
75155 10 81942
75165 10 37275
75237 10 33261
75275 10 8444
75338 10 26395
75369 10 85299
75382 10 82042
75425 10 12318
75551 10 91052
75562 10 93969
75614 10 71396
75634 10 257
75656 10 55685
75663 10 20279
75695 10 58310
75700 10 59974
75701 10 98932
75713 10 30189
75748 10 26346
75756 10 86156
75792 10 36894
75830 10 9021
75935 10 75994
75985 10 75607
76004 10 19297
76038 10 56819
76041 10 76098
76058 10 71821
76095 10 80333
76182 10 42899
76183 10 63831
76196 10 86367
76206 10 55250
76242 10 55509
76343 10 71896
76364 10 33268
76412 10 46621
76439 10 7135
76442 10 88882
76543 10 44783
76559 10 22471
76639 10 86856
76648 10 46661
76743 10 45596
76774 10 11195
76811 10 88895
76851 10 99317
76852 10 14419
76853 10 5944
76893 10 428
76952 10 83504
76964 10 20670
76975 10 20725
77014 10 48901
77021 10 50563
77068 10 87098
77153 10 57491
77247 10 92876
77254 10 65296
77278 10 17626
77302 10 64081
77325 10 64062
77372 10 82643
77401 10 18005
77505 10 78148
77569 10 2669
77622 10 30098
77684 10 4007
77743 10 6829
77751 10 74585
77779 10 69991
77802 10 9159
77902 10 96833
77930 10 14992
77932 10 97239
77983 10 91227
78031 10 35490
78099 10 3447
78152 10 20329
78156 10 89576
78189 10 11237
78252 10 3190
78254 10 62293
78291 10 7752
78303 10 95226
78354 10 98133
78369 10 38683
78372 10 37954
78388 10 97878
78395 10 8899
78403 10 92794
78434 10 79901
78608 10 86628
78624 10 23843
78657 10 31966
78664 10 43710
78681 10 21346
78691 10 21448
78695 10 39684
78696 10 29385
78751 10 42830
78804 10 79282
78891 10 34403
78908 10 75551
79062 10 60060
79100 10 71169
79124 10 34505
79164 10 43955
79261 10 53260
79293 10 82051
79331 10 11483
79348 10 76788
79358 10 70640
79392 10 63062
79402 10 90330
79431 10 10024
79446 10 56229
79495 10 74746
79503 10 60314
79610 10 31788
79613 10 50022
79639 10 52418
79707 10 13853
79751 10 61384
79754 10 50506
79758 10 47671
79761 10 61287
79785 10 2397
79801 10 67766
79871 10 92698
79901 10 98946
79936 10 81496
79943 10 26593
79946 10 40265
79981 10 9518
80053 10 59939
80071 10 40008
80185 10 38867
80192 10 81240
80217 10 67765
80218 10 48000
80219 10 3729
80229 10 28855
80264 10 7510
80276 10 41082
80313 10 50503
80314 10 70714
80321 10 2801
80341 10 82027
80362 10 31892
80372 10 61483
80533 10 45102
80562 10 248
80665 10 32443
80741 10 59444
80790 10 6000
80794 10 63438
80796 10 95061
80896 10 61162
80904 10 81731
80929 10 54608
80948 10 48915
80952 10 74425
80998 10 99983
81059 10 54638
81143 10 1617
81146 10 47829
81196 10 71815
81245 10 25804
81256 10 83228
81284 10 92456
81327 10 28593
81353 10 58605
81370 10 50303
81382 10 45010
81407 10 82819
81426 10 4598
81439 10 35502
81440 10 88763
81454 10 27014
81459 10 57360
81514 10 2363
81532 10 88434
81566 10 43553
81642 10 92578
81644 10 23259
81651 10 2777
81675 10 35601
81715 10 58733
81789 10 61108
81796 10 55666
81825 10 64474
81842 10 7874
81866 10 36019
81875 10 3500
81898 10 11901
81925 10 45408
81985 10 79693
82006 10 75123
82012 10 39219
82037 10 42588
82118 10 7691
82143 10 96427
82256 10 57123
82283 10 8619
82322 10 9109
82377 10 27599
82406 10 49551
82450 10 87191
82462 10 34053
82499 10 89133
82506 10 61652
82509 10 43191
82528 10 9262
82555 10 98584
82591 10 53204
82613 10 27623
82759 10 18682
82789 10 83661
82853 10 38430
82864 10 43302
82892 10 29522
82896 10 61765
82969 10 99474
83046 10 26371
83101 10 37890
83102 10 81400
83122 10 5533
83204 10 59116
83219 10 54487
83220 10 9544
83226 10 77084
83273 10 15124
83301 10 47164
83367 10 24232
83368 10 2286
83374 10 43988
83403 10 77152
83441 10 76704
83494 10 48245
83544 10 95975
83592 10 31001
83691 10 76488
83698 10 74664
83743 10 22004
83780 10 673
83798 10 57151
83814 10 61492
83869 10 70189
83879 10 49608
83988 10 61824
84022 10 68025
84031 10 69506
84053 10 72233
84062 10 55354
84082 10 78852
84136 10 29874
84236 10 40548
84241 10 48481
84315 10 17279
84378 10 23455
84380 10 81042
84402 10 62679
84438 10 60970
84479 10 44748
84501 10 7282
84511 10 95249
84522 10 89790
84637 10 58451
84704 10 7462
84767 10 12228
84770 10 34146
84776 10 77993
84832 10 53451
84854 10 45515
84928 10 10369
84956 10 784
84977 10 80746
85006 10 84623
85016 10 84064
85018 10 85023
85077 10 88955
85103 10 39753
85155 10 45719
85191 10 70784
85196 10 36253
85224 10 44530
85232 10 48936
85254 10 2920
85299 10 18928
85300 10 25156
85319 10 7657
85377 10 63724
85407 10 62126
85432 10 22026
85436 10 95438
85457 10 28830
85478 10 80350
85491 10 4624
85508 10 61465
85541 10 84156
85610 10 52241
85643 10 869
85663 10 28542
85702 10 6234
85717 10 86597
85740 10 43487
85781 10 68711
85869 10 51008
85881 10 46093
85890 10 31749
85939 10 83453
85979 10 31329
85988 10 11525
85997 10 40780
86049 10 55199
86060 10 45781
86099 10 51832
86159 10 9064
86176 10 76530
86246 10 95204
86293 10 57919
86376 10 83204
86377 10 60486
86407 10 91981
86411 10 850
86468 10 4021
86501 10 80296
86545 10 91263
86549 10 31615
86556 10 69182
86582 10 62862
86631 10 10366
86661 10 50580
86706 10 33645
86718 10 50211
86843 10 99057
86872 10 69345
86889 10 78870
86906 10 62441
86992 10 91121
87038 10 77147
87059 10 9858
87074 10 74509
87080 10 66168
87100 10 84451
87169 10 75762
87177 10 81325
87184 10 8284
87195 10 86678
87230 10 55191
87288 10 90431
87311 10 41772
87318 10 41300
87407 10 51248
87425 10 37664
87439 10 49368
87454 10 22018
87478 10 65485
87558 10 85028
87603 10 62896
87618 10 39183
87635 10 27862
87637 10 7196
87642 10 80978
87644 10 62204
87760 10 44781
87803 10 16265
87810 10 25124
87881 10 51667
87906 10 36336
87942 10 65161
88041 10 59332
88047 10 86985
88068 10 8600
88075 10 48688
88079 10 16169
88117 10 73924
88174 10 96747
88207 10 98747
88229 10 93856
88255 10 55815
88286 10 7182
88305 10 36948
88315 10 50099
88336 10 28294
88400 10 86870
88401 10 91325
88412 10 41751
88435 10 4844
88502 10 16214
88520 10 93905
88532 10 75526
88591 10 99524
88609 10 51150
88614 10 72233
88632 10 49920
88762 10 38029
88785 10 98685
88871 10 8060
88913 10 25815
88998 10 1941
89047 10 92667
89157 10 45734
89164 10 83520
89251 10 19256
89293 10 46168
89313 10 23059
89317 10 98762
89322 10 27012
89336 10 40412
89383 10 70168
89551 10 77686
89646 10 80434
89709 10 64801
89759 10 17775
89774 10 15147
89847 10 64810
89849 10 71838
89922 10 29315
89981 10 77476
90011 10 95816
90049 10 75575
90068 10 32748
90098 10 59742
90117 10 57776
90124 10 97174
90149 10 5129
90157 10 57365
90167 10 16502
90215 10 3601
90250 10 35429
90328 10 65954
90369 10 55746
90578 10 72793
90607 10 25814
90631 10 82564
90684 10 92609
90703 10 8459
90706 10 66663
90724 10 84553
90786 10 79674
90789 10 6800
90815 10 51805
90824 10 23654
90965 10 3369
90966 10 66943
90986 10 64854
91030 10 86255
91259 10 16899
91301 10 956
91350 10 25777
91377 10 39731
91424 10 94071
91454 10 36180
91458 10 41366
91475 10 54505
91538 10 6747
91569 10 57770
91570 10 98935
91628 10 23320
91715 10 6345
91750 10 28687
91761 10 59643
91885 10 40196
91932 10 64685
91947 10 87628
91979 10 77518
92025 10 65988
92078 10 43661
92090 10 48127
92108 10 12755
92142 10 80729
92175 10 80400
92194 10 21920
92248 10 41460
92354 10 38017
92403 10 14655
92411 10 55089
92521 10 76987
92541 10 20543
92738 10 85928
92743 10 26529
92762 10 90922
92770 10 47270
92792 10 41529
92793 10 60279
92821 10 32942
92848 10 61495
92863 10 7126
92872 10 39940
92896 10 98451
92913 10 5786
92919 10 95438
92922 10 77197
92929 10 25961
92932 10 24005
92933 10 98093
92960 10 51695
92988 10 1045
93025 10 54405
93141 10 63384
93150 10 78021
93187 10 37267
93198 10 83725
93292 10 32350
93321 10 24521
93344 10 65662
93350 10 19364
93362 10 3401
93420 10 51169
93445 10 74816
93499 10 98127
93517 10 46573
93526 10 34715
93549 10 76851
93583 10 693
93620 10 94546
93741 10 71680
93763 10 78512
93776 10 75423
93790 10 69022
93851 10 78373
93893 10 24470
93904 10 75964
93913 10 44443
93944 10 87497
93952 10 47519
93964 10 21221
93971 10 23614
93975 10 31048
93979 10 16397
94018 10 8488
94096 10 79077
94109 10 29402
94115 10 16195
94196 10 36734
94203 10 88801
94283 10 33648
94306 10 624
94328 10 1308
94359 10 77677
94392 10 32245
94402 10 3079
94436 10 28649
94469 10 91815
94483 10 12449
94503 10 1823
94560 10 10933
94613 10 71645
94625 10 23442
94689 10 98891
94746 10 26477
94747 10 56174
94777 10 533
94788 10 65166
94804 10 56178
94849 10 85688
94867 10 4871
94895 10 33859
94903 10 50951
94912 10 20381
95004 10 42145
95008 10 28
95011 10 25811
95203 10 21234
95345 10 11921
95384 10 2071
95390 10 67910
95431 10 2947
95516 10 39299
95518 10 28107
95595 10 38558
95599 10 37285
95613 10 52490
95617 10 31225
95663 10 42730
95724 10 43548
95749 10 75198
95808 10 75699
95812 10 36665
95834 10 19923
95887 10 16455
95889 10 82432
95911 10 24255
95923 10 87181
95998 10 36553
96008 10 38231
96067 10 23988
96083 10 65178
96109 10 62076
96130 10 99673
96183 10 33546
96185 10 64136
96208 10 78904
96221 10 75410
96239 10 31377
96262 10 65776
96369 10 89320
96384 10 71486
96428 10 39442
96454 10 27878
96528 10 57379
96540 10 53089
96582 10 59297
96626 10 15784
96647 10 86343
96652 10 54212
96755 10 13273
96765 10 81417
96799 10 25468
96817 10 79768
96820 10 31239
96824 10 58426
96840 10 66873
96881 10 23803
96897 10 85109
96899 10 65554
96940 10 96291
96942 10 39842
96955 10 86109
97011 10 32835
97031 10 12957
97048 10 56387
97055 10 50108
97061 10 70099
97062 10 27804
97085 10 49712
97139 10 13825
97167 10 67419
97393 10 53856
97412 10 55663
97423 10 4051
97469 10 28064
97538 10 61251
97557 10 53251
97650 10 22308
97659 10 70640
97671 10 96681
97761 10 1082
97820 10 61031
97847 10 80644
97897 10 38577
97903 10 30222
97919 10 27125
97954 10 30150
98099 10 70252
98187 10 1052
98192 10 70771
98229 10 93130
98255 10 92334
98262 10 72446
98283 10 23276
98362 10 21912
98394 10 88600
98405 10 3596
98466 10 23477
98540 10 50181
98589 10 55003
98642 10 4869
98686 10 71461
98709 10 18079
98805 10 49314
98834 10 87439
98840 10 34417
98856 10 11549
98912 10 89560
98931 10 16978
98957 10 16729
99008 10 87271
99073 10 76123
99126 10 8497
99154 10 19537
99158 10 46175
99170 10 98330
99225 10 55738
99281 10 72273
99340 10 66980
99348 10 63865
99367 10 30496
99395 10 84168
99402 10 66463
99437 10 42728
99497 10 1218
99545 10 37668
99568 10 98064
99571 10 76794
99573 10 6100
99595 10 72035
99613 10 75522
99650 10 18904
99679 10 54576
99700 10 53420
99708 10 30080
99727 10 5013
99749 10 46091
99761 10 63347
99773 10 91279
99897 10 52924
99920 10 48216
