3000 10000 16429 30767
1 5 66137
19 5 70841
38 5 57066
71 5 75376
108 5 85998
183 5 44832
185 5 63275
190 5 75356
239 5 28075
289 5 47337
318 5 23882
330 5 65280
365 5 53346
416 5 85923
454 5 60827
478 5 52256
479 5 50567
484 5 80362
496 5 170
517 5 9578
561 5 3568
583 5 80762
587 5 29149
601 5 11940
607 5 29638
671 5 60399
702 5 94241
737 5 42063
746 5 58243
778 5 19471
796 5 74954
833 5 31013
835 5 23048
904 5 88220
982 5 42136
988 5 65947
1055 5 57709
1086 5 86692
1112 5 43561
1155 5 71651
1156 5 2209
1158 5 74250
1211 5 54952
1244 5 60002
1247 5 20610
1264 5 72316
1397 5 91242
1452 5 36801
1494 5 31583
1563 5 23228
1564 5 72118
1581 5 21086
1601 5 21308
1628 5 733
1738 5 19864
1813 5 59585
1854 5 18553
1875 5 35350
1901 5 25979
1909 5 11170
1922 5 97227
1939 5 81660
2000 5 61939
2001 5 60575
2029 5 20804
2066 5 71830
2092 5 18292
2139 5 98670
2168 5 15331
2185 5 81549
2211 5 71203
2241 5 90468
2244 5 78222
2288 5 96866
2289 5 34246
2335 5 27093
2354 5 106
2374 5 70498
2376 5 81932
2424 5 92803
2426 5 54970
2484 5 52426
2494 5 67380
2555 5 1279
2579 5 90363
2625 5 18175
2641 5 76490
2673 5 59735
2729 5 5804
2752 5 33770
2908 5 86556
2921 5 60201
2975 5 27431
2986 5 19197
3047 5 16367
3114 5 46135
3123 5 5123
3127 5 36860
3199 5 34525
3222 5 99550
3238 5 73960
3304 5 70802
3378 5 32010
3424 5 68913
3428 5 82181
3433 5 64399
3456 5 99830
3557 5 84380
3576 5 24677
3594 5 36356
3604 5 55300
3621 5 26418
3633 5 61553
3650 5 84539
3734 5 71638
3799 5 46039
3816 5 20288
3840 5 63250
3859 5 47399
3879 5 25913
3905 5 47655
3961 5 57755
3965 5 50631
4014 5 23670
4016 5 82918
4022 5 22660
4048 5 64991
4049 5 32339
4062 5 87847
4098 5 95860
4116 5 31117
4144 5 70602
4192 5 38993
4209 5 3748
4224 5 79665
4227 5 89102
4278 5 61357
4390 5 17176
4413 5 24089
4422 5 21591
4510 5 337
4571 5 60448
4605 5 98358
4608 5 36837
4667 5 34788
4702 5 71116
4865 5 53600
4875 5 69405
4903 5 64221
4946 5 18853
4967 5 90017
4988 5 68203
5055 5 35128
5077 5 86848
5141 5 78996
5153 5 24583
5204 5 6949
5205 5 76019
5218 5 67123
5239 5 98841
5253 5 59631
5259 5 27667
5276 5 11280
5298 5 35416
5331 5 8176
5376 5 68768
5386 5 72512
5410 5 4481
5454 5 67516
5471 5 93226
5590 5 65518
5667 5 88882
5714 5 29848
5734 5 99773
5750 5 19778
5807 5 12612
5846 5 99792
5873 5 84744
5891 5 55691
5911 5 34803
5948 5 19940
5950 5 28400
5990 5 99891
6042 5 11363
6123 5 4808
6195 5 35272
6244 5 92823
6254 5 19128
6306 5 32517
6370 5 25475
6415 5 84662
6438 5 4413
6487 5 55902
6504 5 39471
6511 5 96550
6536 5 14566
6555 5 54368
6562 5 2202
6629 5 12689
6692 5 82349
6759 5 17126
6868 5 44786
6999 5 22287
7035 5 43814
7044 5 26941
7048 5 28849
7053 5 9424
7055 5 72636
7079 5 88420
7114 5 14348
7155 5 30887
7257 5 27897
7274 5 12214
7289 5 81878
7322 5 22809
7369 5 40177
7394 5 68591
7503 5 12452
7510 5 41190
7528 5 43280
7561 5 33581
7581 5 75441
7661 5 52949
7664 5 31189
7742 5 72186
7791 5 85798
7811 5 54616
7859 5 15923
7919 5 27454
7950 5 80585
7971 5 21394
8004 5 76500
8079 5 55131
8080 5 95159
8132 5 66577
8166 5 33196
8171 5 95027
8178 5 76858
8237 5 30091
8252 5 44570
8257 5 73113
8272 5 75654
8287 5 92701
8292 5 33405
8303 5 60215
8331 5 40088
8397 5 73738
8400 5 57328
8434 5 92355
8479 5 82226
8480 5 59712
8552 5 23794
8606 5 61554
8620 5 13567
8645 5 3227
8657 5 2309
8665 5 63740
8708 5 14689
8710 5 36484
8747 5 40222
8820 5 70419
8876 5 98252
8895 5 31423
8898 5 42528
8934 5 5246
9042 5 15015
9127 5 85747
9168 5 55685
9176 5 96503
9218 5 17782
9244 5 71738
9252 5 68737
9390 5 15873
9443 5 30851
9467 5 40471
9495 5 67046
9519 5 2313
9652 5 41561
9653 5 63981
9655 5 86547
9688 5 41753
9709 5 89181
9741 5 76365
9751 5 31160
9756 5 42533
9803 5 46585
9816 5 73476
9834 5 73107
9876 5 91602
9897 5 88761
9904 5 99442
9925 5 9693
9944 5 53993
9997 5 51963
10003 5 79657
10133 5 32129
10137 5 33047
10149 5 3349
10164 5 34357
10256 5 58623
10281 5 26155
10294 5 776
10298 5 46055
10415 5 95858
10466 5 50245
10500 5 47528
10551 5 89232
10570 5 70162
10593 5 52239
10656 5 60104
10662 5 95768
10685 5 71257
10713 5 97227
10722 5 87928
10733 5 4437
10749 5 41975
10766 5 40505
10788 5 79573
10789 5 55801
10843 5 24566
10878 5 33714
11023 5 21531
11074 5 69514
11120 5 77672
11121 5 22926
11122 5 72453
11132 5 64470
11212 5 16555
11241 5 54168
11310 5 34005
11339 5 94182
11351 5 86889
11378 5 76496
11416 5 22418
11455 5 99652
11558 5 71330
11577 5 5156
11606 5 63550
11634 5 29951
11644 5 91722
11666 5 77235
11668 5 2287
11678 5 73686
11689 5 25166
11718 5 21248
11759 5 24136
11791 5 7974
11874 5 97047
11892 5 94395
11927 5 85263
11941 5 86469
11947 5 49079
11983 5 846
12010 5 59315
12023 5 32479
12025 5 33739
12092 5 63275
12114 5 93821
12128 5 37403
12167 5 7757
12193 5 1890
12212 5 94173
12221 5 56135
12301 5 84929
12405 5 70023
12468 5 48916
12517 5 75770
12527 5 62017
12601 5 78545
12659 5 53620
12703 5 26270
12706 5 36537
12812 5 90218
12872 5 48069
12951 5 53794
12956 5 58799
12957 5 61011
12973 5 71659
13133 5 16385
13216 5 75081
13274 5 34704
13340 5 21208
13365 5 20608
13379 5 62158
13405 5 45076
13434 5 94559
13471 5 16403
13527 5 30994
13546 5 92441
13556 5 32738
13683 5 77884
13712 5 3491
13715 5 34516
13730 5 90653
13768 5 10931
13776 5 99863
13811 5 79265
13834 5 13432
13915 5 89279
13926 5 49977
13976 5 7198
14032 5 56937
14048 5 21435
14058 5 34427
14107 5 87539
14109 5 71415
14122 5 94859
14143 5 50219
14176 5 73584
14199 5 64984
14235 5 88002
14252 5 49387
14261 5 48254
14315 5 2175
14335 5 87861
14349 5 44714
14364 5 47730
14391 5 85416
14421 5 34051
14432 5 63256
14471 5 38991
14487 5 95970
14563 5 21485
14591 5 24755
14622 5 77165
14647 5 75757
14680 5 93403
14745 5 12037
14791 5 34960
14792 5 97438
14834 5 46737
14836 5 93282
14868 5 25924
14882 5 1661
14939 5 59180
14990 5 61651
15026 5 88676
15034 5 98189
15152 5 428
15156 5 44101
15166 5 71104
15190 5 29561
15214 5 54608
15222 5 8331
15251 5 82101
15273 5 47313
15275 5 59756
15281 5 56018
15306 5 19402
15344 5 94749
15356 5 62004
15398 5 46197
15407 5 80916
15427 5 69396
15553 5 19346
15590 5 25540
15608 5 44762
15666 5 43650
15712 5 73375
15738 5 92129
15746 5 54459
15754 5 89675
15821 5 53982
15822 5 27009
15833 5 37872
15834 5 32760
15891 5 44107
15895 5 73199
15953 5 25768
15969 5 98628
15983 5 66234
15987 5 66634
15999 5 42115
16023 5 65568
16202 5 61643
16204 5 77340
16205 5 12207
16221 5 34031
16234 5 84589
16269 5 64590
16338 5 30120
16343 5 50611
16421 5 11730
16446 5 73362
16473 5 73155
16495 5 99562
16502 5 90031
16599 5 793
16614 5 14768
16638 5 74259
16673 5 75294
16696 5 29816
16713 5 49600
16721 5 11979
16782 5 42086
16893 5 77011
16912 5 29557
16913 5 78634
16939 5 40765
16949 5 17058
16956 5 41212
16959 5 91670
16996 5 10000
17073 5 24661
17088 5 39834
17106 5 24059
17109 5 1251
17125 5 22319
17135 5 18012
17148 5 71131
17159 5 90145
17175 5 17360
17312 5 99910
17315 5 40212
17345 5 87264
17429 5 22728
17474 5 63653
17495 5 36634
17520 5 61596
17528 5 99280
17533 5 89728
17542 5 38950
17544 5 45780
17550 5 28823
17586 5 15419
17641 5 86290
17714 5 44691
17742 5 48944
17868 5 32703
17870 5 19691
17914 5 35526
17917 5 14609
17919 5 43245
17929 5 33362
17942 5 24306
17967 5 82640
17983 5 83967
18002 5 25601
18026 5 74121
18068 5 83846
18096 5 29749
18098 5 6287
18109 5 92934
18141 5 5657
18178 5 36494
18213 5 85516
18214 5 68561
18240 5 72622
18294 5 32368
18335 5 78689
18338 5 35905
18366 5 24008
18394 5 43216
18454 5 87509
18469 5 35280
18486 5 47072
18491 5 38295
18551 5 21672
18579 5 54174
18595 5 26255
18642 5 65393
18718 5 24470
18753 5 8972
18799 5 71628
18864 5 38406
18867 5 49212
18877 5 88464
18994 5 8817
18997 5 72832
19020 5 75374
19140 5 54992
19177 5 21994
19226 5 35769
19249 5 42435
19259 5 40808
19336 5 17863
19345 5 53230
19365 5 40349
19431 5 53566
19458 5 36847
19485 5 31999
19516 5 68634
19525 5 1210
19573 5 53700
19612 5 94523
19666 5 86007
19680 5 31215
19753 5 19161
19789 5 84984
19837 5 50481
19892 5 67294
19900 5 50424
19904 5 50967
19968 5 10332
20145 5 28301
20153 5 20039
20196 5 8153
20236 5 89097
20339 5 86580
20371 5 80880
20482 5 5969
20538 5 78360
20551 5 78485
20566 5 30378
20583 5 85175
20618 5 7123
20627 5 22315
20639 5 30843
20711 5 52654
20786 5 73595
20856 5 59074
20888 5 36018
20984 5 12397
21037 5 56933
21040 5 1840
21054 5 70376
21069 5 34942
21094 5 87225
21096 5 74985
21150 5 99321
21170 5 90280
21171 5 99182
21195 5 76201
21229 5 92639
21236 5 82542
21245 5 35650
21306 5 26861
21379 5 47381
21383 5 18600
21410 5 58618
21424 5 59537
21473 5 62855
21477 5 27933
21536 5 80937
21540 5 36013
21547 5 71599
21554 5 92160
21573 5 8129
21591 5 18145
21648 5 3682
21658 5 53747
21669 5 70843
21702 5 71944
21717 5 46957
21719 5 66709
21791 5 99087
21803 5 43401
21813 5 59659
21824 5 84131
21849 5 57206
21860 5 22465
21926 5 75880
22004 5 76456
22034 5 21259
22160 5 90797
22261 5 47134
22317 5 21362
22323 5 37687
22334 5 4871
22383 5 19452
22393 5 27383
22428 5 47384
22439 5 44646
22451 5 74208
22485 5 63623
22530 5 95727
22567 5 76607
22576 5 90545
22587 5 73869
22600 5 63843
22610 5 51015
22613 5 91381
22623 5 63127
22640 5 72226
22642 5 21007
22700 5 65811
22710 5 79055
22734 5 26307
22749 5 65638
22783 5 16764
22796 5 76768
22850 5 49301
22873 5 53501
22896 5 93943
22970 5 47745
23016 5 68780
23101 5 1757
23106 5 64034
23115 5 99509
23173 5 24757
23214 5 37991
23267 5 4666
23275 5 84064
23283 5 9473
23390 5 28248
23425 5 23515
23438 5 47951
23462 5 46039
23483 5 46549
23554 5 89234
23569 5 55967
23572 5 64730
23588 5 29112
23621 5 38232
23633 5 38529
23646 5 79329
23674 5 4179
23731 5 66658
23778 5 28363
23790 5 68366
23848 5 49433
23863 5 75514
23912 5 58663
23959 5 30645
23988 5 46935
24005 5 54042
24115 5 96210
24120 5 1630
24196 5 29848
24200 5 78115
24282 5 60043
24290 5 13035
24351 5 25106
24355 5 76731
24419 5 59331
24439 5 31711
24506 5 96032
24524 5 12718
24535 5 26201
24568 5 93308
24594 5 99729
24608 5 8141
24622 5 46581
24645 5 22048
24695 5 57795
24710 5 53109
24742 5 10683
24750 5 61741
24751 5 3520
24789 5 61410
24797 5 37821
24805 5 84536
24824 5 25774
24836 5 73818
24848 5 19247
24884 5 94656
24891 5 76998
24988 5 98665
24990 5 51220
25005 5 59225
25016 5 62802
25071 5 86820
25109 5 98282
25114 5 60262
25135 5 31780
25158 5 28418
25167 5 29509
25169 5 23992
25170 5 92467
25192 5 88482
25203 5 64583
25254 5 27954
25309 5 84325
25362 5 89372
25386 5 84716
25391 5 68566
25448 5 74996
25480 5 39365
25500 5 82044
25530 5 13575
25532 5 39763
25548 5 36581
25589 5 47764
25594 5 22800
25614 5 70105
25623 5 65807
25633 5 16861
25671 5 94351
25697 5 53033
25781 5 99095
25820 5 2269
25828 5 81899
25850 5 19048
25989 5 67576
26006 5 45395
26009 5 86443
26086 5 46502
26090 5 73175
26119 5 71040
26183 5 32168
26210 5 24551
26261 5 64768
26343 5 89239
26344 5 88621
26358 5 61225
26416 5 28465
26475 5 45387
26480 5 94915
26515 5 39580
26533 5 71527
26535 5 81162
26554 5 31842
26559 5 99815
26626 5 72885
26735 5 97093
26736 5 19823
26776 5 70890
26804 5 44496
26848 5 74847
26861 5 13782
26882 5 69054
26914 5 38626
26934 5 98191
26946 5 61230
27016 5 29303
27129 5 55320
27143 5 63150
27164 5 43769
27166 5 54713
27195 5 67637
27197 5 89687
27288 5 71179
27394 5 31698
27398 5 89556
27438 5 77570
27441 5 4099
27477 5 85756
27493 5 12060
27506 5 10322
27528 5 42129
27555 5 15552
27676 5 1658
27761 5 89684
27774 5 22691
27795 5 18761
27871 5 15759
28049 5 2474
28062 5 73230
28066 5 69829
28071 5 23502
28174 5 25953
28212 5 85513
28224 5 29660
28290 5 60389
28293 5 95577
28343 5 27694
28363 5 68583
28422 5 97981
28452 5 18656
28457 5 26850
28470 5 58525
28474 5 97939
28477 5 1544
28480 5 30381
28487 5 66251
28527 5 74076
28535 5 59250
28539 5 4630
28556 5 63712
28613 5 33014
28652 5 21732
28689 5 87900
28740 5 72910
28757 5 11643
28797 5 56719
28856 5 20654
28876 5 22849
28917 5 98366
28935 5 62383
28981 5 55441
28991 5 95084
29040 5 36785
29070 5 3323
29073 5 3845
29099 5 1360
29118 5 18618
29163 5 52351
29169 5 75999
29171 5 6007
29174 5 86142
29215 5 25340
29239 5 77384
29324 5 68472
29341 5 72006
29365 5 80901
29481 5 70019
29519 5 31263
29678 5 98500
29734 5 98624
29751 5 10548
29821 5 71521
29825 5 54151
29897 5 35641
29899 5 45044
29907 5 91610
30057 5 31959
30171 5 19874
30173 5 29164
30184 5 67938
30189 5 26521
30208 5 1673
30210 5 7927
30213 5 95346
30233 5 20629
30238 5 60185
30299 5 57779
30307 5 8222
30331 5 62521
30346 5 79776
30354 5 78964
30512 5 79878
30518 5 84183
30545 5 71391
30556 5 82812
30582 5 20721
30639 5 74946
30674 5 3903
30773 5 81104
30822 5 54141
30857 5 94882
30862 5 7442
30929 5 56797
31007 5 39374
31102 5 58641
31185 5 1435
31188 5 59401
31198 5 27234
31199 5 3749
31234 5 63683
31236 5 21047
31255 5 38433
31264 5 46819
31274 5 33748
31326 5 27851
31345 5 76066
31374 5 75617
31406 5 80421
31407 5 13278
31469 5 57652
31474 5 65496
31512 5 50067
31569 5 1771
31596 5 54750
31640 5 53668
31647 5 30520
31696 5 35123
31715 5 14801
31738 5 30940
31772 5 83233
31822 5 98391
31856 5 39776
31931 5 16403
31964 5 38714
31975 5 34155
31985 5 45831
32072 5 24361
32087 5 63572
32145 5 30832
32153 5 56723
32162 5 75724
32166 5 4350
32181 5 69622
32246 5 68321
32257 5 25176
32285 5 81993
32309 5 35259
32312 5 97191
32374 5 93788
32382 5 55841
32398 5 66772
32400 5 78054
32405 5 79361
32444 5 99916
32539 5 65302
32555 5 96349
32572 5 72818
32599 5 24222
32645 5 91849
32648 5 2221
32700 5 23442
32726 5 74671
32732 5 19577
32764 5 96689
32818 5 80478
32915 5 52193
32977 5 89963
33020 5 45640
33033 5 90544
33042 5 66639
33073 5 68202
33181 5 95442
33223 5 61997
33252 5 45379
33269 5 69248
33385 5 68762
33422 5 6623
33492 5 30069
33510 5 23780
33539 5 15624
33620 5 30207
33631 5 14216
33660 5 81664
33676 5 64662
33699 5 34170
33723 5 4395
33777 5 23319
33835 5 44298
33843 5 57961
33890 5 44780
33927 5 15592
33934 5 32110
33956 5 82407
33960 5 68437
33975 5 49510
34091 5 56607
34123 5 26244
34146 5 82832
34161 5 23770
34207 5 47026
34242 5 31856
34253 5 69467
34281 5 13286
34333 5 25059
34378 5 35269
34383 5 65335
34388 5 76176
34396 5 82740
34408 5 31849
34489 5 83445
34535 5 97600
34653 5 49131
34704 5 80575
34711 5 2637
34738 5 45892
34758 5 51960
34769 5 72297
34793 5 4111
34801 5 34029
34846 5 35144
34953 5 27679
35001 5 1362
35002 5 76151
35014 5 9625
35050 5 41227
35070 5 28003
35097 5 59709
35135 5 41715
35140 5 31511
35148 5 20701
35171 5 9953
35215 5 63851
35223 5 80239
35227 5 34710
35230 5 96340
35243 5 98087
35262 5 35094
35276 5 76716
35398 5 40224
35410 5 61057
35532 5 45791
35540 5 75346
35586 5 89459
35610 5 59644
35654 5 30814
35695 5 54073
35717 5 55592
35798 5 75627
35814 5 32808
35831 5 20211
35855 5 71467
35860 5 48371
35872 5 33587
35897 5 29005
35899 5 13453
35918 5 83920
35937 5 39076
35956 5 33799
35958 5 78331
35970 5 66261
35993 5 54518
36013 5 69266
36024 5 18937
36037 5 99461
36072 5 95756
36080 5 27206
36086 5 82167
36128 5 93081
36137 5 63637
36157 5 80785
36177 5 56863
36178 5 89199
36197 5 12128
36219 5 88833
36229 5 41984
36244 5 21010
36260 5 27278
36280 5 77472
36314 5 67314
36359 5 66458
36378 5 16338
36436 5 19971
36492 5 43789
36517 5 8415
36564 5 65258
36589 5 99189
36635 5 7598
36656 5 51701
36673 5 19194
36677 5 25901
36723 5 98484
36734 5 4807
36776 5 10731
36788 5 84061
36879 5 83236
36912 5 78482
36935 5 68700
36982 5 36041
37032 5 16131
37036 5 85990
37099 5 43833
37108 5 35096
37120 5 11170
37126 5 13696
37147 5 56696
37156 5 83731
37162 5 8881
37169 5 55285
37208 5 70094
37215 5 60001
37217 5 22631
37264 5 6641
37300 5 20519
37407 5 45969
37464 5 8107
37560 5 46011
37563 5 12768
37606 5 85670
37677 5 74222
37680 5 68967
37709 5 14420
37788 5 39238
37805 5 53093
37823 5 66731
37854 5 46289
37874 5 6102
37875 5 76311
37878 5 77246
37889 5 64567
37987 5 41167
38059 5 62015
38183 5 55623
38255 5 83649
38275 5 13245
38347 5 35642
38349 5 9073
38354 5 28296
38546 5 63260
38555 5 10359
38579 5 7330
38600 5 58351
38611 5 79823
38632 5 58329
38638 5 1312
38679 5 70661
38700 5 90312
38708 5 4917
38713 5 21488
38723 5 8223
38765 5 32250
38811 5 93451
38853 5 91652
38967 5 52538
38977 5 26149
38991 5 41481
39000 5 70451
39032 5 23833
39087 5 90552
39139 5 42345
39161 5 17105
39164 5 94903
39204 5 55833
39233 5 81393
39280 5 11374
39340 5 89714
39358 5 5145
39369 5 36588
39437 5 17473
39492 5 90506
39511 5 55766
39535 5 9455
39553 5 37945
39609 5 75044
39637 5 73765
39727 5 50991
39738 5 67283
39782 5 27775
39784 5 53152
39960 5 29130
39967 5 89024
40003 5 78036
40128 5 27944
40143 5 71923
40173 5 96927
40175 5 3175
40230 5 59713
40302 5 37260
40391 5 82845
40430 5 52720
40431 5 86848
40460 5 49664
40539 5 82259
40625 5 58639
40727 5 62353
40741 5 79369
40750 5 64583
40806 5 74764
40814 5 27032
40896 5 50169
40909 5 38215
40921 5 62167
40954 5 79732
40998 5 80666
41014 5 39744
41087 5 57329
41133 5 7688
41147 5 27752
41184 5 56613
41187 5 19612
41255 5 87659
41262 5 10259
41380 5 95171
41442 5 36311
41447 5 11927
41606 5 61194
41615 5 67176
41633 5 20862
41680 5 86336
41701 5 23069
41717 5 25814
41782 5 96993
41836 5 90982
41853 5 87285
41864 5 15952
41887 5 95902
41945 5 58759
41966 5 85095
41972 5 20747
41990 5 48746
42043 5 95636
42047 5 76588
42057 5 1113
42066 5 14913
42135 5 42695
42197 5 98922
42253 5 81338
42266 5 77945
42342 5 90307
42351 5 59474
42424 5 58885
42432 5 34870
42433 5 71118
42525 5 56555
42536 5 99820
42556 5 96393
42566 5 26375
42605 5 18126
42664 5 40259
42673 5 90115
42700 5 44480
42713 5 8089
42778 5 82781
42832 5 48558
42900 5 6421
43087 5 99367
43088 5 643
43138 5 19201
43167 5 56883
43195 5 50021
43297 5 18999
43390 5 62850
43401 5 51537
43406 5 90495
43484 5 16184
43600 5 24853
43726 5 53068
43761 5 32617
43820 5 25937
43894 5 88013
43897 5 61693
43916 5 54095
43928 5 59881
43952 5 97417
43964 5 89904
44049 5 77637
44054 5 49110
44059 5 74496
44068 5 67561
44072 5 9071
44091 5 93480
44121 5 54923
44124 5 59261
44156 5 73757
44264 5 82939
44266 5 75082
44279 5 82196
44282 5 65516
44299 5 10819
44304 5 79147
44307 5 81058
44313 5 92528
44339 5 85853
44348 5 69156
44352 5 73416
44355 5 14655
44388 5 32143
44396 5 54005
44426 5 53345
44451 5 39694
44472 5 26786
44481 5 64015
44506 5 76938
44509 5 21821
44590 5 59649
44592 5 9481
44643 5 16170
44732 5 82251
44743 5 76808
44755 5 83565
44778 5 98836
44794 5 43978
44816 5 26188
44859 5 63048
44866 5 39768
44867 5 32921
44910 5 43498
44919 5 72545
44960 5 89935
44964 5 36403
44971 5 10106
44993 5 25895
45055 5 96884
45080 5 79157
45162 5 18252
45185 5 42578
45226 5 52180
45230 5 80098
45245 5 41860
45306 5 27831
45309 5 41622
45316 5 7551
45330 5 95723
45383 5 26011
45415 5 68521
45426 5 69985
45445 5 65884
45463 5 8231
45512 5 40010
45514 5 91060
45581 5 25744
45648 5 47906
45652 5 10989
45665 5 4087
45734 5 98821
45828 5 25482
45829 5 41075
45834 5 82189
45872 5 96697
45923 5 27562
45935 5 34033
46017 5 45768
46037 5 6869
46083 5 71780
46145 5 48769
46173 5 22965
46237 5 14217
46273 5 16261
46290 5 53253
46326 5 15636
46328 5 52821
46353 5 61333
46380 5 70655
46387 5 12464
46388 5 65108
46403 5 95687
46473 5 70477
46474 5 16307
46508 5 14231
46547 5 38583
46549 5 89713
46593 5 32253
46598 5 6994
46611 5 13220
46640 5 82112
46735 5 17325
46759 5 28092
46766 5 78852
46813 5 55173
46930 5 67501
46939 5 72107
46957 5 96710
46967 5 32065
47017 5 70348
47188 5 86458
47192 5 61935
47228 5 9613
47272 5 24710
47281 5 52868
47299 5 75273
47323 5 12843
47327 5 6400
47343 5 56507
47368 5 1432
47375 5 89521
47404 5 68336
47419 5 37178
47428 5 13300
47462 5 31401
47502 5 37775
47517 5 64575
47525 5 93794
47553 5 65004
47585 5 85862
47587 5 14699
47686 5 1838
47697 5 70411
47744 5 24716
47781 5 42636
47801 5 15995
47820 5 26465
47942 5 86030
47966 5 45422
47971 5 59493
47987 5 10835
47996 5 4391
48038 5 55321
48078 5 94538
48096 5 59025
48138 5 92591
48222 5 28626
48256 5 73149
48313 5 96655
48337 5 89994
48343 5 99701
48375 5 30867
48408 5 43531
48455 5 28530
48465 5 62852
48471 5 66582
48482 5 72917
48487 5 45609
48494 5 97253
48542 5 80968
48556 5 29106
48581 5 3843
48673 5 65987
48682 5 28536
48731 5 80678
48745 5 81569
48804 5 53695
48901 5 79369
48921 5 63159
48928 5 44647
48932 5 26387
48937 5 33385
48960 5 95203
48979 5 80119
49036 5 77774
49080 5 81863
49093 5 66422
49119 5 22318
49121 5 3679
49144 5 15266
49164 5 27925
49211 5 1118
49228 5 11484
49260 5 8692
49265 5 78366
49322 5 42254
49388 5 34770
49399 5 41893
49411 5 87681
49423 5 3171
49541 5 54557
49562 5 91365
49573 5 96531
49607 5 15151
49614 5 21044
49634 5 62608
49680 5 69404
49697 5 2666
49734 5 72663
49757 5 95926
49775 5 6458
49782 5 82080
49825 5 57317
49847 5 56114
49867 5 17274
49919 5 31993
49928 5 87967
49938 5 96222
49939 5 88592
49946 5 78733
49970 5 30189
49978 5 93601
50016 5 52041
50031 5 86749
50054 5 19275
50081 5 1516
50138 5 51353
50224 5 54586
50259 5 19405
50299 5 33752
50305 5 4163
50365 5 62440
50415 5 71384
50501 5 55057
50523 5 35327
50537 5 12456
50543 5 69991
50559 5 33964
50582 5 83472
50603 5 84253
50683 5 52247
50689 5 13223
50697 5 41376
50779 5 55413
50781 5 51566
50797 5 73118
50806 5 23948
50821 5 66273
50914 5 64740
50928 5 42402
50930 5 10363
51018 5 28493
51112 5 72569
51157 5 13355
51184 5 33199
51191 5 718
51256 5 34807
51258 5 84526
51401 5 5909
51440 5 79055
51462 5 69365
51489 5 13845
51496 5 83383
51587 5 41930
51611 5 70271
51623 5 99276
51625 5 58551
51635 5 74452
51671 5 6475
51672 5 81351
51740 5 32700
51764 5 53253
51765 5 14265
51855 5 93536
51878 5 14816
51880 5 58115
51887 5 4505
51976 5 24081
52056 5 11586
52105 5 95696
52106 5 42158
52153 5 62456
52184 5 44389
52223 5 90780
52224 5 60929
52273 5 48084
52322 5 18550
52336 5 16777
52344 5 24239
52400 5 15714
52423 5 35798
52446 5 64081
52449 5 52569
52451 5 78054
52501 5 99974
52529 5 40755
52548 5 8502
52614 5 10134
52642 5 31099
52690 5 3232
52727 5 44347
52734 5 9402
52779 5 23649
52803 5 11866
52829 5 89773
52874 5 76597
52946 5 59180
52951 5 47170
52953 5 81449
52966 5 41100
53042 5 43814
53044 5 69
53051 5 57936
53065 5 50760
53109 5 8575
53133 5 98196
53166 5 93412
53190 5 41595
53232 5 46610
53248 5 87576
53325 5 64935
53340 5 61901
53444 5 46729
53531 5 64433
53656 5 22497
53680 5 56773
53712 5 57579
53714 5 14695
53730 5 42568
53853 5 81877
53879 5 35265
53885 5 97955
53887 5 51741
53917 5 24792
53940 5 13183
53961 5 55676
53979 5 13379
54007 5 80544
54016 5 80485
54034 5 85032
54074 5 24372
54098 5 72011
54190 5 31106
54193 5 87096
54201 5 34255
54210 5 18116
54239 5 25163
54241 5 89600
54306 5 83629
54319 5 50723
54368 5 37554
54369 5 69036
54437 5 76957
54463 5 72738
54468 5 51024
54475 5 6446
54502 5 98274
54588 5 55836
54606 5 2333
54730 5 7549
54755 5 62446
54768 5 3120
54788 5 9886
54809 5 99497
54814 5 17505
54846 5 56277
54882 5 83193
54964 5 28142
55030 5 21088
55037 5 93661
55061 5 11944
55085 5 41236
55086 5 34922
55170 5 42546
55175 5 28931
55181 5 72689
55311 5 46454
55332 5 27299
55381 5 84673
55459 5 18513
55471 5 59594
55501 5 76818
55525 5 93845
55561 5 67363
55604 5 88272
55637 5 18294
55650 5 79079
55668 5 13924
55691 5 54714
55717 5 96374
55753 5 91499
55761 5 28188
55799 5 56773
55812 5 9308
55927 5 44403
55940 5 45465
55952 5 26445
55973 5 4901
55989 5 80442
56046 5 11542
56050 5 81575
56107 5 50726
56199 5 25124
56204 5 6435
56210 5 65174
56290 5 65904
56326 5 83792
56356 5 7749
56392 5 94788
56520 5 66705
56522 5 77217
56538 5 63429
56557 5 58770
56631 5 54282
56704 5 38057
56717 5 9967
56724 5 11005
56759 5 96648
56827 5 81652
56875 5 41627
56897 5 95616
56905 5 84437
56937 5 8901
56959 5 7963
56970 5 8017
56972 5 93282
57024 5 45046
57043 5 66577
57096 5 22851
57214 5 20842
57223 5 60639
57239 5 10061
57297 5 12450
57345 5 18427
57366 5 89711
57433 5 53217
57490 5 22408
57499 5 60810
57522 5 73413
57564 5 67171
57592 5 5190
57657 5 97832
57806 5 18907
57918 5 65347
57924 5 86993
57934 5 2926
57974 5 50545
58006 5 34886
58096 5 3236
58113 5 55854
58124 5 99321
58144 5 89372
58174 5 66010
58196 5 14
58201 5 57123
58271 5 27063
58278 5 54554
58291 5 15170
58326 5 17598
58342 5 42918
58370 5 50518
58372 5 13923
58396 5 46728
58400 5 37957
58409 5 54297
58415 5 20940
58464 5 51088
58485 5 29032
58555 5 19344
58580 5 24409
58594 5 87460
58615 5 27954
58683 5 89707
58688 5 77113
58699 5 68501
58709 5 42025
58744 5 84756
58754 5 39013
58823 5 19209
58880 5 26288
58965 5 49692
59029 5 51693
59046 5 24271
59140 5 21671
59148 5 65241
59248 5 9687
59284 5 87291
59317 5 35630
59338 5 69799
59343 5 53824
59352 5 84132
59368 5 72906
59374 5 10323
59375 5 83163
59377 5 82392
59427 5 13268
59447 5 63900
59451 5 51265
59468 5 58171
59566 5 7820
59567 5 15524
59669 5 49478
59749 5 32444
59757 5 1952
59770 5 17356
59821 5 35227
59906 5 34214
59914 5 29273
59922 5 17992
59927 5 66442
59928 5 74077
60024 5 89833
60039 5 53171
60041 5 65626
60082 5 67598
60085 5 73196
60181 5 44614
60208 5 77291
60270 5 17829
60296 5 9535
60331 5 3416
60344 5 7678
60356 5 10423
60410 5 35444
60419 5 75740
60439 5 40527
60461 5 96732
60486 5 82385
60607 5 25518
60621 5 12973
60643 5 94142
60652 5 69542
60659 5 63979
60682 5 11636
60785 5 22201
60842 5 55443
60894 5 81234
60924 5 5946
61069 5 16042
61077 5 20337
61103 5 71407
61111 5 54371
61136 5 49050
61224 5 29179
61278 5 67173
61313 5 86513
61347 5 66116
61353 5 85985
61411 5 96431
61436 5 22703
61593 5 81833
61629 5 6373
61688 5 48123
61710 5 2496
61720 5 81025
61748 5 15298
61751 5 93770
61759 5 86423
61780 5 3875
61790 5 43836
61794 5 8881
61816 5 67110
61853 5 97932
61872 5 16294
61897 5 85887
61912 5 16373
61918 5 98024
61955 5 27808
61965 5 89039
61979 5 74235
62033 5 55759
62128 5 44595
62182 5 99533
62184 5 21743
62194 5 89383
62256 5 25797
62313 5 97881
62351 5 8824
62382 5 47034
62431 5 53527
62439 5 98010
62454 5 64675
62471 5 65240
62530 5 16095
62535 5 39114
62544 5 56388
62605 5 1913
62726 5 78984
62808 5 70487
62822 5 41810
62858 5 48200
62899 5 82304
62938 5 92629
62993 5 93482
63053 5 21206
63074 5 46897
63122 5 72100
63125 5 58107
63127 5 51028
63128 5 79540
63144 5 6913
63146 5 98113
63159 5 6875
63184 5 5749
63280 5 96703
63302 5 12415
63320 5 5590
63356 5 10805
63402 5 51921
63408 5 27812
63411 5 44700
63429 5 32497
63464 5 52508
63497 5 16742
63506 5 10434
63516 5 43494
63530 5 90633
63533 5 90896
63534 5 71254
63562 5 97807
63582 5 47945
63723 5 5374
63742 5 17047
63747 5 75654
63770 5 43819
63786 5 21078
63839 5 5642
63845 5 68676
63849 5 99156
63933 5 58188
63960 5 47432
63986 5 42236
63999 5 6195
64029 5 70596
64052 5 33448
64055 5 55077
64099 5 34673
64242 5 52996
64361 5 86738
64395 5 52429
64420 5 12744
64464 5 81929
64491 5 21607
64589 5 26154
64642 5 17692
64670 5 55394
64686 5 20509
64748 5 25233
64752 5 62696
64834 5 787
64846 5 54037
64870 5 44800
64889 5 3450
64946 5 91103
64977 5 63677
64979 5 43418
64985 5 93922
64989 5 20847
65026 5 64311
65046 5 87245
65074 5 48565
65126 5 19303
65165 5 35514
65191 5 59065
65313 5 32703
65355 5 96204
65399 5 85503
65423 5 93563
65427 5 39386
65439 5 41728
65453 5 61706
65482 5 90083
65545 5 47934
65579 5 63726
65580 5 75003
65581 5 4533
65615 5 65882
65630 5 91272
65638 5 9851
65670 5 85504
65677 5 11262
65684 5 87556
65718 5 76574
65739 5 23804
65774 5 24457
65822 5 28438
65856 5 81546
65900 5 92129
65906 5 3395
65928 5 21958
65944 5 57264
65984 5 24453
66019 5 33656
66027 5 33254
66032 5 29235
66149 5 23635
66153 5 63409
66160 5 7688
66161 5 48024
66171 5 50907
66261 5 63697
66339 5 33603
66353 5 15428
66354 5 1958
66460 5 36793
66462 5 28720
66468 5 76484
66482 5 20855
66507 5 30184
66524 5 8717
66534 5 14881
66541 5 76015
66562 5 98180
66576 5 22157
66617 5 68896
66626 5 41798
66636 5 44130
66669 5 78048
66672 5 19047
66724 5 16763
66748 5 81819
66753 5 31298
66801 5 58896
66809 5 73864
66830 5 72168
66875 5 56108
66912 5 10363
66923 5 81630
66950 5 60008
66967 5 97936
66974 5 59729
67040 5 98667
67051 5 946
67107 5 21765
67117 5 40684
67155 5 64481
67182 5 10927
67185 5 87482
67189 5 7546
67226 5 77975
67262 5 948
67321 5 66990
67354 5 36711
67392 5 71781
67433 5 69194
67460 5 60495
67499 5 67713
67530 5 76551
67560 5 89592
67609 5 34347
67675 5 6842
67703 5 4210
67712 5 24102
67725 5 69992
67837 5 92287
67850 5 13535
67852 5 26401
67900 5 4507
67906 5 95252
67960 5 81149
67968 5 40663
67978 5 95737
68000 5 11559
68011 5 34216
68034 5 39889
68086 5 36136
68098 5 42561
68134 5 59077
68172 5 79694
68209 5 13097
68217 5 17105
68332 5 53073
68394 5 62899
68440 5 78624
68468 5 70621
68472 5 75526
68474 5 56965
68483 5 8905
68619 5 82357
68649 5 80218
68653 5 16022
68761 5 14893
68787 5 60804
68811 5 89508
68871 5 78451
68877 5 11439
68891 5 75082
68899 5 34848
68969 5 91142
69064 5 60707
69067 5 36227
69096 5 1648
69115 5 77854
69166 5 24552
69208 5 37478
69248 5 61492
69251 5 48088
69273 5 34420
69282 5 56868
69283 5 75823
69284 5 54928
69341 5 85645
69348 5 93000
69429 5 30492
69449 5 54733
69454 5 5425
69495 5 67723
69507 5 14125
69562 5 41792
69585 5 28093
69658 5 85620
69709 5 36278
69740 5 31345
69746 5 10106
69749 5 17453
69752 5 96663
69761 5 7675
69768 5 16271
69803 5 5263
69846 5 72916
69859 5 49416
69899 5 63940
69926 5 28420
69931 5 53680
70030 5 67179
70055 5 52466
70143 5 11992
70149 5 57545
70238 5 98321
70262 5 59667
70319 5 53935
70323 5 92338
70335 5 20876
70341 5 87735
70366 5 91186
70389 5 87901
70404 5 95521
70417 5 75064
70441 5 91057
70500 5 74721
70520 5 92030
70550 5 86888
70578 5 38682
70582 5 88482
70587 5 49800
70589 5 81491
70598 5 87093
70640 5 77020
70647 5 11463
70670 5 6705
70688 5 64812
70712 5 33276
70730 5 62634
70738 5 41453
70757 5 50196
70769 5 89407
70805 5 32309
70807 5 35692
70859 5 35966
70876 5 6470
70884 5 51501
70907 5 72556
70957 5 33728
70989 5 41733
71001 5 10053
71057 5 81576
71157 5 24367
71173 5 99956
71254 5 24217
71258 5 90676
71274 5 97048
71277 5 73829
71288 5 5620
71305 5 31975
71306 5 59755
71321 5 34188
71409 5 1248
71428 5 10756
71522 5 50053
71545 5 97012
71578 5 34391
71603 5 22859
71606 5 62170
71643 5 12134
71686 5 71124
71695 5 80951
71748 5 66603
71791 5 79137
71828 5 90933
71893 5 55926
71895 5 74283
71903 5 5258
71918 5 5301
71959 5 1958
71976 5 24278
72040 5 11381
72072 5 48351
72103 5 42782
72213 5 21810
72278 5 90348
72286 5 35999
72302 5 95869
72332 5 79962
72385 5 88770
72387 5 78539
72396 5 11682
72404 5 10473
72422 5 84917
72442 5 53304
72455 5 13100
72472 5 55915
72491 5 59915
72508 5 18869
72548 5 43382
72581 5 81934
72603 5 27241
72611 5 66601
72666 5 16079
72683 5 42458
72766 5 9913
72767 5 43511
72834 5 53712
72890 5 55231
72934 5 83302
72940 5 83208
72963 5 60478
72987 5 92047
73000 5 65215
73025 5 20781
73049 5 18136
73060 5 1597
73068 5 24691
73135 5 15194
73282 5 65424
73315 5 6601
73317 5 53897
73337 5 4815
73343 5 75000
73450 5 12839
73466 5 1532
73482 5 97255
73506 5 23831
73529 5 49321
73571 5 64483
73585 5 50289
73652 5 49858
73689 5 88641
73690 5 2384
73709 5 13505
73726 5 58305
73735 5 76480
73751 5 2110
73798 5 20343
73815 5 83970
73856 5 5051
73895 5 87122
73953 5 25651
73965 5 5993
73966 5 67499
73983 5 87942
73985 5 69939
74035 5 76313
74198 5 36995
74253 5 44249
74332 5 5846
74359 5 94681
74397 5 61448
74448 5 53718
74454 5 124
74500 5 60814
74516 5 78701
74592 5 83387
74663 5 3086
74701 5 47614
74728 5 20717
74735 5 39581
74770 5 50113
74797 5 13531
74799 5 87584
74911 5 47693
74912 5 84449
74926 5 9189
75028 5 46782
75057 5 72605
75085 5 61877
75123 5 33743
75139 5 45805
75178 5 47296
75215 5 89068
75224 5 20677
75226 5 10771
75291 5 28807
75349 5 68499
75401 5 48254
75471 5 72469
75504 5 41269
75540 5 45210
75602 5 69416
75619 5 9489
75630 5 41754
75635 5 46307
75647 5 37048
75681 5 49097
75710 5 31078
75796 5 82339
75875 5 34592
75888 5 91156
75897 5 18803
75915 5 71227
75920 5 48324
75958 5 43974
75959 5 2790
75996 5 95867
76012 5 54607
76035 5 67593
76040 5 22107
76088 5 92258
76104 5 48258
76113 5 28048
76116 5 19493
76125 5 81412
76151 5 6393
76152 5 79240
76193 5 15151
76211 5 54303
76225 5 70202
76255 5 39671
76272 5 44068
76282 5 60362
76339 5 29914
76344 5 87248
76348 5 56679
76369 5 85746
76423 5 64218
76474 5 67156
76528 5 93994
76585 5 28316
76596 5 68468
76627 5 94917
76655 5 36200
76688 5 78360
76710 5 63942
76744 5 90035
76780 5 42944
76808 5 38594
76817 5 69979
76891 5 11832
76926 5 8331
76937 5 82965
77025 5 91768
77078 5 96745
77101 5 85664
77122 5 88719
77198 5 9493
77201 5 48670
77244 5 6830
77378 5 51902
77385 5 96781
77405 5 42173
77482 5 9331
77492 5 40945
77524 5 67172
77595 5 6362
77622 5 28060
77639 5 6198
77664 5 70146
77671 5 88536
77676 5 55181
77687 5 56934
77695 5 94399
77735 5 75609
77742 5 41405
77780 5 25725
77824 5 61825
77894 5 1149
77898 5 67076
77932 5 27994
77958 5 1098
77959 5 12749
77983 5 26690
77990 5 66369
77999 5 94004
78004 5 51579
78086 5 9578
78108 5 46707
78122 5 71714
78128 5 55510
78139 5 55224
78151 5 61409
78228 5 72175
78244 5 5652
78247 5 42759
78309 5 13982
78394 5 14719
78433 5 96858
78490 5 90253
78552 5 48805
78554 5 5385
78565 5 89965
78572 5 60388
78583 5 24991
78589 5 51528
78655 5 59141
78673 5 53710
78691 5 51108
78782 5 29267
78870 5 49637
78923 5 82938
79047 5 77699
79119 5 16910
79172 5 37692
79180 5 60875
79190 5 58906
79204 5 22018
79255 5 76663
79272 5 4633
79285 5 90845
79298 5 8725
79302 5 5650
79312 5 36887
79318 5 53760
79368 5 74332
79400 5 97256
79405 5 77011
79419 5 38367
79432 5 54833
79451 5 16715
79463 5 89667
79531 5 62787
79571 5 53386
79607 5 18003
79654 5 29371
79711 5 74652
79731 5 1124
79781 5 94294
79791 5 86200
79885 5 42652
79931 5 27575
79965 5 49916
79989 5 17256
80030 5 45039
80127 5 73691
80137 5 41921
80158 5 28355
80179 5 45662
80274 5 77667
80299 5 77947
80319 5 91728
80333 5 50088
80337 5 87836
80382 5 97381
80409 5 18229
80496 5 53401
80528 5 87137
80595 5 37538
80661 5 53411
80680 5 69489
80721 5 64073
80727 5 30836
80761 5 76944
80762 5 63124
80780 5 93113
80781 5 91968
80835 5 67994
80861 5 90409
80891 5 4227
80973 5 62108
80981 5 26844
80993 5 44766
81016 5 60127
81031 5 61600
81064 5 3563
81089 5 46800
81096 5 55360
81134 5 59166
81190 5 21060
81243 5 95131
81267 5 27739
81288 5 18024
81329 5 51188
81399 5 72178
81428 5 59118
81521 5 54520
81555 5 91197
81577 5 90594
81673 5 74762
81707 5 8515
81731 5 48011
81732 5 49271
81756 5 63284
81774 5 22568
81806 5 10292
81877 5 64377
81884 5 37820
81957 5 86289
81990 5 35614
82100 5 39474
82147 5 6989
82231 5 19528
82238 5 60279
82260 5 98277
82301 5 43776
82313 5 84413
82380 5 27852
82420 5 96997
82422 5 7395
82424 5 67544
82455 5 62201
82464 5 21418
82529 5 63426
82540 5 26024
82606 5 83747
82664 5 76007
82779 5 2830
82783 5 24552
82790 5 43486
82798 5 7610
82846 5 78427
82854 5 43806
82900 5 79538
83018 5 50498
83021 5 46894
83044 5 2682
83090 5 85641
83104 5 9049
83144 5 94989
83170 5 25395
83189 5 10198
83225 5 66045
83276 5 83611
83297 5 85363
83327 5 61417
83369 5 38908
83392 5 34943
83433 5 63203
83463 5 42004
83464 5 77112
83498 5 11548
83564 5 55483
83594 5 88756
83617 5 763
83742 5 49911
83783 5 2953
83791 5 48511
83792 5 43595
83817 5 38542
83934 5 23640
83986 5 97220
84000 5 44559
84007 5 53949
84009 5 75283
84017 5 94671
84054 5 54835
84060 5 369
84096 5 38318
84120 5 73556
84131 5 22001
84208 5 19677
84235 5 36463
84236 5 23121
84314 5 40289
84315 5 44211
84353 5 4839
84398 5 75233
84474 5 10729
84476 5 63696
84505 5 19420
84525 5 10424
84529 5 9497
84545 5 77234
84674 5 8552
84725 5 92532
84740 5 2741
84756 5 40545
84760 5 14133
84816 5 34892
84849 5 17434
84857 5 63662
84957 5 2698
84983 5 79176
85015 5 80132
85035 5 69448
85047 5 22342
85055 5 44319
85085 5 47578
85088 5 94480
85092 5 91284
85119 5 87164
85132 5 51104
85159 5 64075
85219 5 27996
85234 5 27094
85265 5 14787
85313 5 97539
85330 5 68175
85477 5 39210
85493 5 95025
85494 5 55348
85607 5 56685
85662 5 43169
85693 5 27322
85701 5 9760
85784 5 82901
85803 5 31271
85810 5 74145
85814 5 69070
85890 5 85565
85916 5 2298
85942 5 82606
86006 5 97362
86038 5 74938
86051 5 63853
86061 5 73756
86071 5 82047
86112 5 43362
86131 5 83903
86138 5 20263
86155 5 71779
86185 5 23906
86246 5 66617
86273 5 61260
86361 5 8435
86388 5 15328
86392 5 50811
86425 5 62993
86435 5 32152
86472 5 36323
86500 5 72059
86568 5 86565
86611 5 57674
86631 5 94001
86670 5 75568
86715 5 52747
86753 5 71316
86836 5 51651
86842 5 66955
86847 5 64365
86858 5 98451
86864 5 80941
86901 5 51377
86912 5 57743
86937 5 54467
87039 5 12126
87051 5 59270
87094 5 52900
87156 5 66106
87230 5 88848
87280 5 30657
87348 5 39387
87455 5 1012
87466 5 15580
87495 5 53690
87512 5 49586
87558 5 78956
87639 5 79038
87644 5 85118
87645 5 92972
87665 5 55546
87714 5 29795
87798 5 67612
87803 5 75623
87882 5 38723
87883 5 43485
87909 5 61294
87910 5 51596
87933 5 15688
87973 5 22752
88037 5 20100
88150 5 79586
88163 5 21422
88238 5 68108
88329 5 31660
88337 5 54922
88375 5 92698
88463 5 19154
88466 5 67011
88469 5 73494
88516 5 91654
88571 5 16060
88573 5 73181
88579 5 44864
88599 5 35610
88623 5 7638
88642 5 135
88657 5 97424
88665 5 75991
88834 5 72797
88955 5 23181
88982 5 76547
88994 5 11646
88997 5 60413
89072 5 73415
89103 5 88350
89152 5 18622
89178 5 76519
89194 5 79126
89253 5 74936
89278 5 11745
89285 5 72097
89292 5 41265
89303 5 14839
89357 5 7803
89371 5 28373
89384 5 4469
89392 5 68121
89404 5 26325
89446 5 52303
89529 5 6723
89572 5 85193
89595 5 51291
89606 5 61449
89644 5 52963
89697 5 44858
89748 5 39810
89786 5 18463
89826 5 14551
89831 5 27148
89837 5 73317
89893 5 45405
89906 5 60209
89928 5 71678
89948 5 89264
90114 5 98973
90115 5 77337
90162 5 8615
90208 5 18033
90212 5 89879
90259 5 90999
90273 5 23687
90275 5 40070
90311 5 27925
90327 5 31136
90340 5 76082
90374 5 38239
90405 5 89760
90418 5 44014
90466 5 69951
90468 5 92587
90473 5 92384
90480 5 85386
90496 5 49689
90522 5 8709
90546 5 72760
90565 5 35462
90579 5 28391
90582 5 72291
90604 5 70593
90645 5 23203
90648 5 64794
90662 5 38160
90687 5 76627
90691 5 19478
90718 5 64711
90798 5 3494
90817 5 37809
90867 5 83143
90886 5 7118
90887 5 96226
90890 5 64229
90949 5 27240
90965 5 10877
91002 5 86828
91020 5 15309
91108 5 5434
91137 5 89475
91157 5 85256
91210 5 19224
91215 5 79365
91302 5 68211
91392 5 3642
91423 5 43542
91489 5 68927
91498 5 87579
91519 5 46041
91531 5 20126
91540 5 64735
91575 5 12072
91606 5 68482
91692 5 63788
91722 5 87859
91725 5 70593
91869 5 49
91892 5 88882
91997 5 644
92002 5 36471
92029 5 62416
92074 5 51156
92094 5 22183
92173 5 7002
92175 5 91384
92208 5 24893
92227 5 6403
92259 5 70670
92271 5 26450
92387 5 80827
92462 5 74738
92464 5 60697
92472 5 60713
92502 5 77768
92505 5 93810
92518 5 85146
92526 5 89625
92532 5 99624
92592 5 74219
92657 5 68160
92681 5 51849
92825 5 38359
92847 5 55191
92885 5 74571
92970 5 9042
92993 5 39762
92998 5 52539
93003 5 87811
93027 5 43141
93078 5 82836
93096 5 56126
93129 5 45802
93142 5 39908
93151 5 97854
93240 5 3023
93281 5 24521
93348 5 7967
93374 5 65699
93453 5 25979
93499 5 17662
93507 5 90197
93542 5 3325
93550 5 15891
93565 5 12243
93571 5 47320
93650 5 6623
93663 5 67370
93677 5 39602
93678 5 18426
93705 5 11026
93713 5 38556
93744 5 52733
93753 5 89279
93754 5 2408
93813 5 65251
93828 5 3034
93850 5 57727
93891 5 8344
93937 5 25430
93954 5 60461
93980 5 97033
93993 5 40856
94059 5 68060
94071 5 7419
94080 5 40585
94183 5 59530
94184 5 34162
94247 5 2940
94263 5 23598
94273 5 5815
94290 5 1263
94366 5 52878
94391 5 68499
94458 5 99601
94465 5 55542
94500 5 39826
94502 5 64192
94520 5 39633
94527 5 61385
94568 5 48582
94569 5 7076
94638 5 48920
94709 5 49224
94765 5 62691
94769 5 19317
94779 5 49787
94835 5 7677
94852 5 17963
94927 5 43167
94953 5 20547
94967 5 74844
94986 5 55116
94988 5 44424
94990 5 2127
95015 5 43609
95031 5 16392
95037 5 10030
95054 5 81118
95065 5 651
95068 5 11616
95081 5 84939
95169 5 54899
95260 5 94356
95266 5 60035
95399 5 75200
95467 5 5928
95486 5 2373
95487 5 62564
95488 5 77324
95505 5 68221
95548 5 1245
95576 5 7812
95771 5 3006
95786 5 29872
95803 5 91362
95805 5 51423
95814 5 12340
95893 5 47490
95907 5 77110
95913 5 81500
95925 5 48073
96020 5 96673
96023 5 64395
96108 5 56327
96136 5 31090
96150 5 37698
96186 5 22262
96194 5 60729
96229 5 5434
96349 5 8212
96382 5 78961
96461 5 96320
96466 5 1857
96502 5 11727
96506 5 6122
96513 5 43199
96524 5 97218
96577 5 23161
96597 5 54217
96609 5 34281
96644 5 83964
96674 5 9947
96699 5 12419
96722 5 79681
96743 5 1232
96865 5 91155
96877 5 6073
96914 5 41942
96926 5 37809
96953 5 45040
96992 5 9293
97127 5 52803
97173 5 81532
97210 5 55580
97234 5 16872
97281 5 72632
97298 5 61312
97314 5 16504
97322 5 59630
97343 5 77648
97408 5 74956
97416 5 71747
97449 5 38516
97464 5 70933
97496 5 2283
97520 5 81605
97522 5 31926
97549 5 81721
97588 5 32755
97609 5 22132
97619 5 45382
97672 5 27626
97716 5 82043
97743 5 364
97748 5 44305
97753 5 63884
97762 5 70205
97777 5 7250
97906 5 31924
98020 5 9071
98157 5 92183
98164 5 81948
98207 5 31424
98233 5 69701
98239 5 74042
98272 5 83431
98279 5 73731
98328 5 25703
98385 5 25034
98440 5 38899
98463 5 38883
98667 5 43651
98718 5 50503
98730 5 77350
98743 5 4080
98767 5 18980
98788 5 21260
98851 5 71948
98881 5 29248
98888 5 66094
98891 5 35914
98920 5 52364
98934 5 65635
98951 5 68077
98990 5 71075
99004 5 73279
99006 5 72754
99030 5 55652
99037 5 61703
99056 5 75757
99101 5 5109
99231 5 40435
99300 5 96465
99367 5 14720
99371 5 38011
99378 5 2789
99388 5 90162
99398 5 40411
99413 5 91961
99415 5 2316
99417 5 14020
99432 5 18653
99446 5 44693
99447 5 70928
99456 5 94523
99595 5 64849
99600 5 94765
99777 5 99429
99778 5 6361
99898 5 4880
99918 5 22543
99939 5 83202
99957 5 93877
