3000 10000 25004 82936
38 9180 15180
126 3580 64319
176 6400 66873
180 4060 57349
204 7880 82719
206 5350 22589
239 3130 62186
259 9900 81040
271 4280 92574
355 3330 27592
380 7920 58602
406 4910 41487
409 6300 56483
457 3520 36332
464 7530 59624
482 2060 72456
483 8420 5404
573 9430 84615
600 6870 99948
601 9950 51955
663 9770 10183
677 4290 70151
715 3780 46956
786 7480 51739
787 3730 56371
882 4990 8347
927 2860 84518
928 9930 22507
1037 1940 3865
1045 3310 52281
1057 9210 35312
1064 3910 55081
1071 1110 43359
1093 9950 68254
1116 2330 74231
1137 1020 64595
1164 2250 32798
1169 1300 45768
1171 9590 689
1203 9890 13099
1212 9740 65540
1232 9640 71426
1266 1320 90738
1287 1260 44570
1296 1190 14982
1297 5250 3432
1382 5900 96833
1409 3930 64916
1476 2850 16694
1503 5330 82081
1520 5310 66614
1525 2100 89761
1649 1290 86393
1679 6960 64971
1707 2520 35757
1722 3840 54290
1744 4670 62734
1762 550 59823
1792 6590 44488
1793 6390 80965
1883 850 19542
1913 5490 96781
1940 2510 62192
1975 8830 9519
1979 3650 60281
2037 3430 97919
2084 1660 60532
2103 9040 62990
2104 7640 32096
2188 3140 84681
2226 3480 12215
2281 730 77081
2282 2970 2135
2292 7810 2724
2328 2910 23230
2339 4530 22471
2381 3130 88184
2460 7890 87706
2464 4710 56488
2543 3250 11700
2545 8980 56943
2572 7840 2613
2590 6060 84739
2621 1300 76058
2625 6690 24678
2632 450 50923
2651 940 75781
2651 8640 56629
2759 1510 5417
2773 1200 64605
2775 5190 37773
2795 390 35044
2801 8190 23654
2810 8540 7534
2819 2170 67919
2901 7310 65890
2958 2670 34059
2961 5380 24709
2977 6180 83353
3024 9250 36025
3059 4220 72456
3112 3540 44011
3143 9040 31433
3243 5510 1597
3251 1140 93645
3275 4490 3706
3315 4340 81403
3377 9990 22606
3450 9400 77466
3682 2700 19264
3696 6620 93213
3718 3200 3086
3740 2320 68769
3791 2570 61416
3803 600 89505
3865 190 65461
3865 1270 78972
3917 40 93181
3956 4680 25946
3960 9160 38395
3968 9940 19635
3970 7940 52301
4074 5330 80335
4086 8460 63603
4152 3210 29495
4249 3860 17577
4255 6410 89612
4312 4730 58622
4326 4380 25396
4329 6890 32688
4383 6710 48827
4459 30 27000
4571 320 29470
4629 1480 26303
4640 9070 18978
4642 5800 43450
4657 1440 22572
4660 7350 41917
4693 4770 30563
4738 530 67221
4767 6370 88535
4768 2920 41868
4769 9000 22244
4785 1410 2477
4790 7080 25466
4796 1040 33732
4856 1670 6589
4870 870 87171
4987 3070 68428
5007 6700 10187
5032 5030 89878
5034 1970 68193
5063 4510 48666
5073 10 87271
5093 5320 13422
5094 6920 48615
5095 6740 38106
5136 2410 6900
5193 3580 93331
5200 3330 70083
5210 3890 34113
5257 8950 31868
5263 5570 63693
5281 9200 62303
5322 2440 8883
5339 3060 42209
5358 5120 3388
5385 8820 58390
5420 9190 16069
5422 4430 82994
5526 1180 33036
5544 1870 62189
5545 4380 669
5605 9770 94761
5607 1590 86829
5613 9580 25668
5622 8130 97654
5645 5020 65577
5661 1810 14348
5756 360 48257
5758 5950 10336
5779 1320 21872
5781 8170 52541
5803 5650 54084
5807 1450 89988
5825 5430 60315
5831 6610 69291
5839 620 4291
5902 7860 92570
5906 2130 41308
5978 750 42339
6065 6290 91689
6081 4040 93771
6086 6640 15892
6113 1450 94293
6156 5790 60755
6193 860 28306
6196 3820 23719
6241 3760 60548
6304 6340 22081
6346 2630 94814
6358 9810 97202
6364 7010 74318
6454 2840 51455
6518 9080 30787
6569 2180 22249
6580 9620 85147
6580 9640 89279
6611 7730 27614
6673 1240 21636
6701 6760 96228
6703 2090 83458
6780 780 5377
6795 6320 5802
6799 5890 36326
6840 510 1189
6864 9930 24495
6881 8670 51614
6916 670 6018
6931 9390 28127
7019 9720 65106
7032 2560 60212
7054 3330 21618
7054 9850 44420
7056 3640 87176
7060 920 26858
7065 8900 8313
7075 7590 84977
7082 3610 91900
7106 9000 57748
7166 1210 73136
7198 9190 36847
7207 7990 71369
7362 3340 97214
7418 8640 85130
7628 3910 28383
7684 8810 81574
7767 1830 59720
7778 8100 15056
7826 9210 70823
7870 8210 57056
7875 7540 63325
7889 3630 53918
7912 4490 9440
7946 9360 2641
7993 2410 15868
8014 8580 31375
8031 80 27148
8080 270 8234
8137 4260 89289
8182 5570 19734
8201 2780 15640
8233 5620 88732
8314 9980 31002
8347 3430 27975
8388 5790 17160
8394 3420 27330
8451 3540 94972
8481 6650 25700
8519 7140 51883
8596 8270 70695
8598 2320 7551
8666 5270 82130
8732 3090 9821
8768 3270 62547
8780 5340 59206
8813 9820 41950
8832 2930 15223
8967 6620 53896
9024 7010 32751
9046 1930 25267
9069 1960 92329
9083 2390 22915
9137 2030 30380
9171 6440 81168
9195 990 4410
9204 9750 55202
9279 4830 5997
9295 4190 92378
9303 8930 27248
9369 7320 43813
9374 1340 31663
9418 650 90073
9430 7900 73354
9462 4640 56642
9522 6940 57488
9600 6080 82831
9609 570 51522
9649 180 63176
9661 7380 74020
9684 9890 38495
9755 7300 98506
9763 4360 20943
9785 4470 26634
9791 900 68075
9898 9500 19445
9901 4900 26421
9932 9910 68460
9938 1330 40176
9958 5180 30987
10026 4970 15629
10093 3030 69787
10105 1010 87164
10140 9560 89792
10214 3970 7899
10258 530 39052
10266 4650 14213
10276 2900 56674
10328 810 82075
10335 8590 55311
10393 790 42898
10408 6480 28732
10411 1170 95014
10448 750 55410
10519 8060 45824
10524 7390 87367
10533 6310 31664
10536 8370 376
10545 8850 53587
10556 3440 97968
10556 5640 26955
10574 3150 19587
10648 8930 58960
10662 3880 73665
10667 5160 24212
10772 660 79663
10839 1390 10676
11007 4250 70846
11013 9420 92542
11085 3860 84054
11090 5520 41823
11133 1530 82830
11228 6600 3320
11242 6800 89260
11253 3850 39494
11314 5900 66298
11316 970 5198
11322 6810 80472
11357 520 88580
11388 830 19487
11389 3280 32277
11389 8940 12625
11429 2110 87728
11429 6090 52090
11524 8120 83656
11546 3460 27236
11588 4160 27822
11588 8510 16535
11624 4090 47160
11633 3370 81286
11687 3720 38202
11696 3510 86142
11818 8380 81330
11836 1460 10225
11843 8270 47780
11855 8700 53511
11906 5970 95615
11915 4030 71013
11975 6410 31502
11976 7870 12997
11984 9730 87559
12001 1990 98333
12011 1390 91765
12115 9610 82908
12155 8750 24404
12254 960 4917
12261 3180 18112
12285 9070 1032
12362 6610 24496
12384 1080 32800
12478 4090 14800
12545 6120 66205
12555 2890 9297
12556 2080 7623
12557 5610 25510
12568 8840 24488
12584 2660 31088
12589 5850 27555
12664 1060 80302
12711 3000 9478
12719 5060 78312
12821 8310 14640
12876 4660 30755
12946 4950 30627
12980 1050 30860
13009 5990 20443
13013 3680 89100
13039 8740 10932
13058 5870 62047
13076 4270 20435
13110 7520 24660
13157 6050 67698
13169 4420 18440
13200 1850 59807
13210 7030 53498
13251 3990 10809
13259 3360 24973
13320 3110 13730
13365 9020 54628
13447 7290 52289
13460 8820 27279
13518 3000 65059
13581 7420 77081
13612 2180 26368
13668 6530 79496
13685 7510 84260
13718 7880 87033
13739 3320 14479
13746 9130 31326
13780 1800 23835
13791 6920 83274
13848 9820 17433
13850 2010 17497
13866 1030 91644
13874 680 95358
13897 4100 32808
13958 1760 27294
14016 910 82082
14033 1000 80381
14087 2790 2883
14115 980 75117
14116 4160 1775
14169 3160 86969
14241 6460 93625
14255 2570 3818
14257 2850 56305
14272 5710 80449
14281 2220 411
14306 8630 85917
14384 2710 69387
14390 9140 70977
14397 6520 37389
14407 1410 8832
14414 5600 92101
14447 330 39673
14447 9310 76167
14450 6400 84900
14568 3670 12747
14576 6340 10464
14589 7750 50249
14627 9280 53186
14713 4580 57079
14823 6420 40863
14826 8970 93700
15037 4360 52178
15081 4690 84163
15136 7000 61061
15145 2770 3872
15160 4480 42642
15188 9180 2238
15259 3380 12127
15260 8720 9075
15262 7200 26439
15315 2310 24675
15341 5860 87369
15369 9470 89685
15375 2710 64155
15399 8720 3821
15415 8350 55665
15425 5770 18522
15439 4270 35740
15450 7530 28419
15457 3940 34340
15470 300 68605
15470 6300 99862
15484 7430 18784
15599 2000 98153
15608 6140 25284
15621 9960 41311
15701 8230 89079
15763 6500 80469
15825 2710 17762
15899 4080 6082
15905 7630 89426
15917 8730 13328
15926 2830 39333
15975 70 52051
15992 3160 79803
16105 1020 21865
16127 2960 52248
16170 5750 73350
16185 5100 92282
16234 6410 64080
16286 620 11906
16321 4070 36188
16323 3740 40670
16415 6870 83429
16510 3980 11208
16527 5690 93376
16543 2030 51784
16552 5960 50547
16609 3790 55479
16628 6360 94668
16685 6400 34449
16696 3690 11350
16787 8470 61922
16801 7480 55301
16810 3240 40908
16857 3390 54698
16880 7930 82918
16969 1070 93393
16971 8310 74705
17012 9750 3509
17013 3770 31330
17020 590 69006
17035 9220 64585
17048 4120 19612
17181 3390 144
17261 3520 16993
17295 8840 65358
17324 2500 17710
17353 9920 81944
17387 6320 17328
17388 5990 43515
17407 2290 9419
17415 5500 22504
17417 9790 86333
17419 3730 6682
17550 4720 1689
17561 8710 30481
17596 4030 36513
17618 8220 26438
17654 9420 34115
17690 7450 95849
17699 4520 87967
17713 490 26234
17716 1230 78937
17750 4170 41900
17798 6000 66507
17812 7950 5906
17817 7390 88546
17826 910 14166
17877 8340 40046
17918 7170 15327
18114 850 8015
18153 2570 25104
18171 2290 23827
18193 9200 31841
18204 8980 51665
18238 3200 55668
18245 9100 19016
18275 6430 68836
18277 3410 97570
18362 5300 33889
18370 8170 40612
18377 7390 94012
18457 6020 2814
18478 7930 86566
18543 9210 66872
18555 2140 16597
18570 1420 25049
18588 5110 65440
18616 540 13274
18632 100 74175
18653 9190 27591
18672 2360 82366
18684 1520 59284
18693 4800 21983
18738 8790 91429
18781 8410 40419
18817 7660 81548
18831 4230 14510
18903 5680 8703
18933 6570 78819
18943 3560 5071
18946 9050 62356
18972 4820 60961
19006 7610 34541
19056 5580 74489
19195 7820 77759
19206 7230 8271
19283 6000 88303
19324 6530 33871
19337 6480 22521
19347 8350 1281
19352 5000 79228
19399 1820 2643
19477 9360 43555
19479 2050 56190
19488 4530 26149
19505 4430 35266
19520 2020 49028
19520 8850 32278
19588 3980 40565
19651 8510 98881
19680 8600 72603
19682 9520 52267
19725 380 79112
19737 800 65978
19864 2820 7594
19900 5430 51954
19950 7300 91729
19967 4010 17266
19979 5040 90630
19981 3470 45290
19982 9480 74191
19999 9100 80336
20014 8640 68321
20031 5660 21902
20032 670 30323
20035 5050 53223
20036 9570 96144
20054 6010 59590
20241 9960 78279
20312 7600 78373
20320 8050 16554
20372 5730 32656
20418 5360 5560
20520 4100 95853
20526 6100 96657
20539 3920 29838
20575 5710 63967
20585 7040 16446
20619 1890 25875
20628 1540 62036
20643 6940 28636
20656 5210 28061
20682 1690 97759
20688 7080 20511
20740 4700 3781
20764 9370 29334
20799 2050 96928
20822 9780 39488
20832 940 88109
20868 3830 96969
20888 3740 26529
20888 7650 58864
20956 7150 1473
20990 5180 28146
20992 3260 15950
21023 100 50338
21057 5010 42867
21154 4580 27475
21230 6810 43312
21342 5220 32788
21406 9150 57747
21417 3600 4838
21512 2230 32087
21560 5270 8295
21616 9140 65613
21650 2880 81327
21656 8910 26566
21661 3270 13427
21799 4440 7780
21810 780 4323
21822 3140 12596
21902 7800 33961
21922 9330 77283
21926 3390 7421
21948 860 75299
22001 5420 26775
22028 5150 65630
22047 8500 62827
22077 1770 54405
22188 50 73153
22188 2840 47296
22199 550 39285
22223 2950 19023
22232 8180 37866
22318 3850 28445
22394 5880 64097
22410 2890 98621
22410 8560 30056
22412 9400 51549
22429 9710 96769
22456 8340 10169
22470 3590 43632
22473 9020 1324
22488 6900 50213
22497 6010 48048
22567 3470 73184
22603 7440 98481
22608 730 77296
22655 2110 8692
22668 6050 98203
22747 6160 94704
22770 5840 329
22797 700 35324
22800 8610 63773
22818 1780 93072
22852 7490 99767
22853 9540 25768
22872 8050 9345
22886 2530 23207
22952 8320 8477
22954 9110 74731
22959 4460 16442
23062 1330 45142
23155 7120 62667
23219 9860 55935
23246 6150 83421
23288 1620 1143
23293 1980 5921
23297 8250 85568
23319 5210 98010
23361 800 41330
23386 4350 39037
23510 5980 60163
23516 9470 77212
23559 5060 20737
23583 4460 66224
23601 1960 60861
23622 7160 89836
23648 5750 71704
23665 2880 27920
23678 2890 5755
23707 4960 9660
23731 9860 86246
23746 2940 36561
23808 440 2348
23809 8120 63035
23814 9480 18578
23833 5030 36457
23881 9150 21292
23883 9670 36479
23888 9830 4742
23942 6230 59289
23953 4500 62665
23998 1160 82337
24068 450 94688
24089 3190 71574
24163 710 79488
24240 8110 71918
24251 7630 4098
24335 390 2630
24385 1480 65061
24508 3340 77183
24534 2370 73455
24604 7770 81637
24665 1860 47745
24733 3950 2102
24814 3890 91805
24815 8440 38770
24835 9580 29289
24923 6350 4797
24942 8060 69638
24980 640 8667
25003 4390 47363
25005 9940 27519
25090 1550 49373
25092 1080 28276
25094 5070 37510
25104 9680 29478
25105 9800 89588
25108 8690 61622
25165 4890 52039
25237 540 33671
25264 5670 14926
25291 1500 7906
25297 2990 63575
25350 690 12043
25380 7230 43424
25450 8660 73499
25451 9700 10070
25459 3150 35797
25586 380 59739
25586 1130 37510
25598 9090 24879
25608 1130 95167
25629 6850 69135
25644 1190 24645
25645 590 29069
25687 1240 52592
25700 9460 34033
25737 4250 36167
25760 7620 12390
25780 2080 78444
25789 3100 85060
25796 9160 38573
25831 290 85914
25852 2730 7476
25870 7910 12715
25881 9520 14880
25901 3550 39352
25922 9700 64023
25924 840 49723
25946 5370 30321
25965 8790 60077
25984 9080 77712
25989 240 15456
26013 1990 24368
26030 7580 79901
26091 3890 59122
26097 5340 57474
26102 1120 66219
26197 6350 16627
26225 9350 43028
26231 9800 38310
26236 1990 62742
26273 7020 48594
26285 8400 22061
26356 3760 77790
26493 6900 96146
26500 1900 54636
26510 4200 26659
26514 7560 85538
26597 2220 95191
26635 9790 14790
26646 3070 13884
26693 8940 69920
26719 1490 19657
26756 2330 25210
26767 3570 97022
26792 3600 680
26834 9890 23910
26863 2830 84906
26915 5540 36849
26931 1560 63259
26933 5760 65901
26941 2070 58404
26965 2020 27594
27021 4890 87981
27060 6840 30665
27133 8570 29196
27170 8380 60597
27181 5730 69941
27188 6960 67851
27229 8280 37508
27274 4000 60362
27362 3160 18009
27369 4410 18539
27377 1470 88390
27414 3440 37626
27483 7780 36872
27573 4250 74794
27608 3550 91754
27644 3130 12112
27732 3020 40719
27749 1140 83919
27871 7280 6300
27877 5970 50031
27949 1560 68101
27959 7470 12941
27988 9240 62032
27990 8690 70273
28004 2770 80381
28028 190 65792
28107 4600 42299
28111 5360 57885
28122 8290 39536
28142 5720 30950
28150 6260 46271
28153 8940 87229
28309 2220 18824
28329 500 14034
28329 9410 8581
28336 580 58498
28366 7970 76895
28371 7700 42727
28494 5110 81832
28503 1400 300
28511 8550 6782
28512 4610 27995
28534 2900 66913
28635 5820 34009
28640 4170 30217
28669 4280 4837
28696 4890 80718
28713 1750 46073
28728 2790 2772
28741 8010 54568
28788 1680 14463
28789 8670 98999
28832 5800 47584
28835 2460 17756
28846 5530 93445
28861 820 64623
28891 4310 15835
28903 9440 46735
28921 3170 7087
28952 430 95008
28971 3030 92989
29010 2400 28263
29035 5310 38183
29056 6240 23450
29060 8520 84599
29078 1280 34348
29084 4680 76562
29095 5210 21498
29206 6470 78408
29225 6920 5093
29259 8800 89946
29275 2380 86326
29331 5180 29615
29433 5980 66099
29439 8070 50344
29440 7220 34633
29462 4060 48430
29463 4790 38168
29472 8060 95254
29516 7260 43510
29527 3510 77658
29544 160 99531
29634 870 55413
29665 8440 15268
29675 5900 56351
29718 5550 76481
29724 2450 47472
29732 9270 94172
29747 160 19949
29837 8570 57777
29876 2240 14639
29877 6430 87016
29886 9450 62466
29912 8760 52548
29916 9990 98350
29930 9230 80660
29970 1280 9510
29976 2870 55990
29990 6600 36573
30016 9630 44552
30056 690 67013
30152 8500 41426
30171 9350 50563
30198 880 90572
30209 8950 69583
30238 3760 34564
30254 6620 56835
30268 5460 21248
30332 1580 79989
30366 1960 61973
30387 4410 18833
30440 7000 11070
30448 3170 19239
30493 8870 6720
30555 8960 78394
30564 9140 5466
30573 6600 38438
30597 3340 59961
30661 8380 83811
30682 1880 22519
30699 4630 68495
30754 5130 18066
30774 6590 94971
30778 3620 79223
30786 1510 71649
30798 3820 50178
30826 5000 86045
30848 5360 50311
30857 1060 40495
30919 230 20621
30969 5480 8487
30973 5510 3041
30985 5450 9001
31037 3500 53928
31077 5930 89784
31105 5630 71123
31134 6040 18055
31135 3670 99713
31183 1430 66903
31229 9340 20521
31252 1020 5800
31274 9520 68330
31312 1210 86863
31315 2850 90174
31367 30 54242
31425 9690 40156
31426 2540 7052
31505 1470 16672
31623 5140 73646
31710 4740 88704
31716 2930 13022
31784 8880 5405
31788 3690 89357
31826 5000 39437
31881 5520 40847
31973 7640 40245
31976 6230 8235
32064 6680 75751
32069 760 6565
32086 210 88961
32131 8480 54769
32189 6220 95692
32203 9620 84989
32220 8810 69709
32300 8840 50179
32333 4600 56510
32420 4270 43494
32421 5590 94868
32433 1190 73322
32490 8700 25724
32503 3140 20487
32512 1740 71487
32523 7090 35260
32552 6360 62153
32556 580 66703
32582 7550 34839
32586 1520 5293
32655 7360 29208
32664 120 75346
32743 8310 62478
32751 60 45645
32760 160 2632
32773 6930 83996
32775 3470 58604
32797 4920 22174
32846 8070 39588
32951 2690 33435
32998 7910 38399
33005 5070 955
33053 5170 74150
33077 1300 72669
33150 6460 47885
33189 2600 48932
33217 5890 12038
33226 2400 20751
33235 4070 83462
33280 2940 54289
33300 2070 62755
33315 3560 89967
33340 9240 16498
33359 3730 89212
33365 260 52615
33428 9840 53906
33498 3250 68247
33510 1840 29089
33550 1810 81762
33560 8200 16654
33572 2100 97376
33576 560 35950
33586 3370 8242
33623 3850 38927
33676 920 63417
33703 4110 40539
33737 8220 84218
33769 2430 11579
33827 6050 83298
33878 6480 64784
33929 2480 84582
33936 2920 20545
33939 1030 13474
33971 7540 92822
34039 6200 58047
34088 5940 62694
34093 1530 81742
34099 4460 90663
34140 3040 30341
34147 3450 29345
34168 1600 41459
34189 950 76823
34190 370 19306
34215 4940 70941
34228 5590 831
34232 2980 64148
34335 890 38567
34342 2180 30065
34377 8110 25568
34508 6830 14696
34576 2080 13899
34628 7430 16082
34645 5390 21557
34824 9380 20098
34836 5240 53109
34836 7170 11808
34882 4010 4866
34899 2990 9528
34903 4220 80258
34941 420 22217
34983 2600 17804
35022 2500 79977
35044 8740 77208
35079 4370 37876
35313 520 69521
35325 2650 84616
35500 8400 1265
35513 240 78840
35515 9340 60913
35538 3520 57642
35546 8860 20073
35619 1780 44121
35709 9670 70005
35712 3310 81046
35724 7110 15404
35754 2480 77946
35762 9000 78641
35806 1770 43896
35829 120 88751
35835 7170 58379
35887 6560 69563
35898 4400 12977
35901 1490 88779
35902 9060 13378
35914 2990 93183
35958 8260 95587
35996 9550 45609
35997 1010 36541
36027 890 67444
36047 350 25731
36093 9600 47588
36110 9330 40624
36113 3530 72534
36165 770 37144
36189 2480 4895
36194 4800 28026
36218 7840 12455
36251 5160 35832
36257 4330 41669
36323 4520 37583
36334 5820 70965
36353 7120 19982
36354 9590 97976
36426 5170 23499
36518 2010 25576
36577 3360 98825
36637 880 24833
36697 8280 86495
36713 2740 78957
36742 3570 46038
36766 6690 80893
36772 7470 78777
36801 6730 43171
36804 290 10335
36851 6510 37662
36858 3210 25212
36872 2490 86603
36877 6270 50830
36889 8780 10772
36904 9630 60036
36952 1540 524
36971 9810 14931
36980 5580 24869
37008 6180 10420
37021 3580 81081
37026 6280 60887
37047 9600 89210
37074 1710 65419
37076 8170 46316
37104 3430 27538
37110 2910 59490
37120 3190 29057
37184 430 2825
37208 5190 17924
37219 840 46099
37269 2040 83368
37281 260 18135
37317 5460 91293
37392 50 64201
37396 9860 86172
37413 2640 39063
37453 4470 86860
37472 2070 97777
37485 6150 13778
37496 1230 86809
37521 3620 56016
37545 7070 18705
37599 280 87016
37634 2950 36753
37652 1280 71934
37758 6740 33861
37759 4670 6507
37778 8880 61602
37848 4200 60397
37859 3020 52080
37907 8720 80343
37909 8580 5087
38089 5070 2339
38097 260 73740
38099 6040 65546
38104 6130 32324
38109 4390 62099
38191 5630 69167
38268 4230 18203
38289 9730 78268
38301 7020 7579
38317 90 33379
38365 8660 19068
38393 9270 74696
38414 9530 50493
38431 7280 57999
38438 4860 84455
38442 5570 42340
38467 2460 25654
38517 4680 74243
38541 390 1717
38679 9540 62693
38720 4240 68587
38735 4210 90664
38746 3230 49949
38760 4660 60100
38851 8770 57582
38863 9220 60204
38888 4970 17743
38889 3810 39520
39016 1460 64939
39020 3220 45495
39021 9690 28173
39033 1570 97286
39070 6980 71359
39081 6880 28573
39125 7560 22022
39202 230 77948
39250 2360 21714
39277 5870 50311
39308 2620 41817
39312 1920 99885
39312 8030 65038
39358 5890 81283
39367 7730 44466
39380 6030 96095
39386 9380 57743
39404 9850 65322
39407 330 37568
39417 1860 92598
39526 8090 24055
39609 2660 90100
39611 7250 39885
39616 4540 97869
39630 8430 28998
39638 9920 49443
39669 5520 77927
39669 7320 70209
39695 4280 91429
39697 3800 79018
39729 3920 62784
39759 3290 76770
39778 2520 4407
39786 7440 68953
39792 460 80712
39803 7810 67703
39810 7420 20330
39872 9610 27576
39875 7040 2659
39891 1430 98259
39965 1570 90435
39982 5820 60503
39985 4470 31050
40038 9870 59292
40051 7370 28663
40079 1220 98434
40103 2790 12329
40165 4550 84668
40185 5440 25460
40208 7380 62824
40214 490 19109
40230 8340 1276
40252 6850 55222
40258 6640 13926
40294 9510 46304
40335 5780 18554
40353 9090 10679
40363 7500 40869
40442 6850 42753
40471 8320 21746
40479 6710 1134
40483 2230 73565
40483 4850 80426
40503 1440 65412
40539 7220 3308
40555 5770 10727
40611 9290 13538
40616 6880 13818
40740 4690 44445
40853 7200 51324
40853 7640 78649
40889 8570 39439
40903 2300 37123
40904 9560 97262
40907 6820 40752
40919 1720 15986
40974 9640 5537
41023 7230 3738
41029 170 62849
41069 8210 42988
41259 3400 12507
41259 9700 64033
41297 5910 74520
41322 990 65727
41350 5950 1524
41386 850 49415
41400 4320 43764
41406 3080 93192
41428 3400 96915
41430 6180 60966
41455 7240 1643
41456 420 52586
41489 5150 5878
41504 7830 76378
41543 7520 24387
41574 3260 84260
41575 6460 46013
41647 5530 98311
41649 430 90108
41700 4310 15868
41705 1120 29766
41736 1710 42241
41753 3080 9634
41785 7300 84581
41839 4330 41935
41851 180 66457
41853 8650 20447
41855 1690 92273
41896 7920 64164
41967 8620 95890
41989 7600 59036
42075 7990 99346
42113 8590 38873
42146 4930 4909
42147 4580 28073
42191 5880 49072
42253 880 25234
42282 5320 99524
42331 4310 28044
42348 6020 44164
42431 2270 18112
42436 7090 24685
42475 40 28506
42566 6430 57184
42572 1890 44959
42604 7480 63394
42604 9650 29047
42696 8610 34082
42712 9010 53164
42732 3530 98123
42733 8200 61302
42746 6910 70661
42774 1610 33099
42810 1550 60905
42819 2140 52915
42847 5090 76013
42866 4620 49243
43006 9220 69340
43019 4020 27743
43046 9080 45231
43065 7310 4956
43141 6550 7174
43141 7320 40185
43180 480 94115
43231 5920 18134
43242 5280 52518
43243 4650 40927
43257 7670 92686
43264 4590 199
43271 3970 82258
43277 6160 81415
43315 8410 70109
43359 1980 68960
43396 7790 95165
43397 4860 81593
43521 3030 74526
43557 9260 59575
43598 5410 8049
43600 5020 40187
43601 830 38125
43603 4210 60521
43620 6780 36986
43635 7340 89156
43652 1210 38997
43670 7820 51538
43695 6540 75359
43714 1070 67681
43795 740 96503
43832 6720 86221
44098 3880 78649
44195 1910 99546
44272 2290 58442
44284 2510 45607
44308 7020 77366
44398 7540 51209
44444 4750 99344
44532 8800 242
44534 5040 18617
44583 4540 22474
44635 5880 87621
44641 8870 46339
44657 6970 84248
44669 630 96127
44673 5670 4398
44701 2800 74698
44826 9900 79269
44854 9500 71528
44867 5640 39295
44973 4980 43450
44981 2520 52626
45045 3370 1545
45143 2300 10710
45176 1320 69092
45198 4810 31519
45213 20 10493
45230 7060 94856
45230 8830 47815
45233 1860 46411
45256 1180 22881
45271 2000 48834
45280 1920 95281
45287 270 12729
45303 4640 26780
45362 6730 5929
45368 7710 84011
45369 8100 24285
45373 8160 97248
45384 3490 35200
45461 7530 92473
45462 8100 56691
45478 5010 62436
45505 1600 79670
45534 1840 8105
45548 9230 52964
45621 540 61192
45635 3290 69334
45704 5400 17210
45710 9720 15134
45766 6270 32781
45821 1640 89838
45879 8160 95757
45894 4400 16548
45908 7770 31208
45956 2370 11012
46047 910 1814
46059 5510 10549
46062 3550 44694
46065 5740 65297
46081 5410 65059
46097 8810 52773
46150 3230 61303
46184 6750 76396
46186 5910 13199
46228 1940 15832
46351 5560 44912
46425 2640 33141
46426 4480 30446
46440 7980 90529
46450 70 66632
46471 1930 5724
46548 9870 38488
46550 6210 7016
46574 2210 83292
46588 2120 31386
46592 6820 84682
46597 7610 20664
46645 9780 45728
46725 4290 50088
46736 2620 85651
46839 2020 37689
46870 1150 63735
46964 4110 33444
46989 5380 59740
46991 5460 27203
47099 3440 67077
47116 7800 947
47126 60 15045
47216 4040 76327
47225 5630 47086
47227 510 21847
47267 2190 15518
47295 9370 53067
47311 5220 77236
47319 2280 30231
47326 4190 60038
47402 6280 97065
47458 6790 1257
47480 350 86463
47480 6860 89179
47502 4560 72997
47517 1050 86826
47552 7240 19300
47557 730 39236
47582 2860 77800
47672 5050 66674
47691 2900 28117
47747 4450 36174
47756 5680 94728
47804 920 62122
47815 4900 11674
47844 3490 44627
47932 200 72341
47936 2820 70591
47972 7460 65013
48025 5140 1967
48086 2610 76988
48086 5260 58435
48097 10000 77464
48178 9040 81806
48191 8890 46059
48203 4550 27937
48291 4360 19566
48294 5610 65787
48331 2420 30661
48370 3990 52391
48378 2240 63745
48529 340 53438
48729 1870 20065
48807 7460 97313
48830 150 2580
48834 7500 59518
48865 6950 48085
48987 5370 4304
48995 6670 82442
49021 5490 15697
49032 1800 75827
49068 8030 54400
49134 220 55887
49167 1220 4861
49226 5770 37607
49227 5010 70696
49359 9980 32442
49384 1090 5614
49408 3630 41798
49432 5410 30878
49438 5340 67537
49439 1670 81018
49447 8020 8329
49460 2040 37909
49492 5330 83014
49502 1230 71678
49541 2050 15073
49607 2410 29740
49654 3940 9274
49658 7380 62032
49715 790 5581
49747 5550 8873
49765 1850 41907
49785 4060 66622
49802 480 68220
49884 1500 59285
49974 4930 78698
49992 5240 4260
50061 5620 14741
50145 5930 77867
50240 650 84443
50240 9840 87865
50261 9460 80693
50288 9060 7642
50293 9800 32169
50306 7430 188
50334 2190 97527
50352 6630 2049
50387 4820 91573
50452 3960 6593
50473 8270 55927
50506 2860 61010
50587 8730 82417
50599 3610 41178
50610 1000 97928
50693 8020 89280
50765 3510 94153
50782 3290 61745
50817 5830 94434
50915 3020 35791
50965 8470 38467
51006 3610 48655
51074 1650 86457
51127 8150 43212
51161 7130 81059
51166 7310 3618
51191 7070 7206
51196 7280 91716
51209 9300 77636
51240 5450 15404
51243 2090 51679
51304 3460 33960
51329 1670 18868
51331 4860 43451
51340 330 35359
51360 6100 40202
51364 8140 76220
51421 1060 10144
51433 1110 97974
51520 3280 47420
51547 1100 26821
51578 2230 40470
51601 780 93079
51616 6190 53661
51619 6070 70372
51646 2160 91748
51646 4750 64955
51716 4140 91130
51815 1420 1381
51928 5610 68866
51973 2530 93573
52023 3780 11298
52024 5590 43015
52031 2150 70553
52037 600 16691
52045 7110 18198
52053 4790 10300
52075 9290 78579
52090 1750 25586
52216 7120 16910
52222 4720 30899
52316 5240 86666
52360 220 49250
52398 3380 73059
52469 6250 24524
52507 4610 10442
52510 7960 96163
52529 2420 39088
52557 3590 65809
52570 590 90072
52620 1700 8623
52623 8530 73546
52676 4800 55921
52687 4560 49974
52690 3630 83448
52735 200 94435
52768 4200 68260
52770 3100 36084
52868 8240 49892
52992 4620 13375
52993 1160 61439
53021 4110 11777
53043 2200 23585
53074 6250 98972
53080 9320 95209
53083 1610 34032
53156 970 63638
53218 8120 64471
53257 8990 67768
53280 5760 26424
53302 7250 97559
53309 7760 55549
53339 1650 64187
53407 9880 59918
53414 900 68290
53420 7550 94109
53437 660 45136
53483 5080 49000
53530 8330 5243
53550 6950 21720
53570 2610 80003
53598 5130 80490
53603 1910 61546
53683 5050 95651
53720 9250 33912
53732 2190 61258
53755 9010 97831
53820 4170 11503
53919 4570 54676
53932 1720 20685
53973 4140 33432
53985 9100 53572
53992 4040 71426
54024 8490 98927
54050 5260 30851
54108 5640 86116
54219 4840 10913
54274 5540 4128
54292 5110 13360
54305 2550 19141
54318 3200 34935
54366 4640 31529
54401 8140 79160
54436 9490 88375
54470 1160 20363
54503 3480 29472
54560 4120 25219
54563 3870 30779
54563 5720 22047
54617 8860 31372
54618 4560 61860
54646 5270 18280
54687 710 53183
54705 2010 27404
54749 1850 84426
54751 8530 29448
54768 3260 6292
54833 8680 13117
54862 3120 64550
54868 190 26908
54942 2630 99890
54970 1650 8078
54977 3800 19221
54977 4030 13994
55036 7340 20357
55050 80 29456
55054 7840 87551
55133 6710 14927
55141 2780 52597
55183 4490 52999
55249 4700 12181
55268 890 9555
55340 2690 40224
55425 7100 31216
55522 8590 71934
55530 2670 22098
55592 5750 51591
55622 4810 64282
55627 7050 94819
55634 1950 56320
55706 6210 30185
55770 7370 52531
55787 7720 33141
55789 6030 60675
55801 8450 93298
55818 7240 55615
55825 500 51193
55916 5700 58930
55927 5940 19129
55929 7710 83359
55957 4610 42120
56001 8990 4473
56021 150 43392
56098 9270 71427
56126 5950 83730
56146 6250 37646
56148 2970 41422
56179 7260 49282
56199 7850 31101
56301 740 18824
56312 3000 6177
56314 5480 13268
56318 9510 56905
56385 2980 864
56388 2970 65792
56396 230 54883
56399 300 97538
56405 690 73684
56407 7190 93185
56429 7270 13428
56450 8700 32105
56458 3450 66926
56465 7870 92456
56510 1840 67709
56547 960 97043
56574 3590 3728
56585 1830 31268
56591 310 76754
56632 2260 30888
56638 10000 38686
56673 3680 63780
56677 8420 10719
56742 350 1006
56773 9170 97644
56784 2340 2559
56795 7330 33248
56882 7890 53028
56906 9070 26550
56921 10 84524
56926 7740 38670
57025 3840 78807
57046 6800 37994
57105 1730 4728
57118 5960 30015
57193 3500 40150
57284 3350 29907
57284 8320 31080
57314 6770 76309
57321 2210 33260
57333 3310 76920
57350 4450 52373
57365 7030 41472
57398 9460 62739
57410 4940 90836
57511 1640 16244
57615 7730 86387
57634 8190 95597
57644 7830 91843
57702 1560 26236
57741 6640 21117
57755 8990 71494
57794 6440 62325
57841 8500 78492
57904 7590 20952
57934 680 26106
57978 7950 9168
57979 6750 22817
58070 8360 64952
58076 1940 94531
58086 9600 57311
58114 8290 69645
58138 1900 42281
58139 8650 14432
58147 6970 17198
58151 5650 9284
58157 5400 74857
58179 5940 63354
58203 8880 15174
58226 7550 24351
58229 570 66908
58241 760 57042
58282 4160 16245
58293 1550 99679
58318 700 65503
58325 8390 6304
58338 2530 64824
58383 8860 80391
58392 7960 71102
58429 2680 99551
58431 7700 81173
58469 2280 69686
58482 8630 12239
58483 8660 48632
58493 5970 3508
58571 6860 71778
58597 2800 46174
58618 7050 15816
58630 9730 30001
58639 4940 53358
58696 1700 73458
58715 8480 73336
58734 9760 17738
58760 2630 10365
58776 6650 40985
58786 8710 86684
58791 4700 59730
58806 8150 30588
58849 2780 65857
58963 7900 23357
59002 4080 1556
59032 2700 81744
59038 5860 70551
59045 2200 16413
59090 990 82278
59093 3220 24833
59105 9720 5144
59117 750 11790
59118 4770 31781
59129 5840 70955
59149 4970 40309
59171 4710 83918
59216 3910 73482
59228 7570 78579
59246 9030 40539
59280 5600 83091
59281 950 973
59312 4260 77792
59323 8510 7786
59352 1870 12709
59478 810 28355
59482 1000 72610
59514 2650 71085
59542 400 88610
59583 1220 35412
59657 6940 13519
59671 8800 58692
59678 9970 80044
59689 3790 37179
59715 5780 34711
59717 3600 38842
59745 4760 64943
59767 3300 67744
59809 5100 10891
59815 9770 96926
59825 4330 52346
59903 2930 55972
60007 1100 91274
60031 6120 77208
60043 3690 98491
60046 7270 32535
60103 6510 24627
60143 4130 36543
60157 720 45918
60177 1760 99990
60213 4400 13339
60214 9740 41796
60243 9690 88018
60256 760 98254
60316 7040 65800
60332 6550 27340
60343 3300 61782
60395 6740 76668
60500 1790 9090
60544 3960 2414
60601 6800 72583
60682 4050 42600
60738 7210 61313
60853 8920 869
60867 8390 86578
60881 460 34991
60882 8250 79805
60941 8620 9319
60948 50 9292
61029 400 43050
61030 9760 57022
61055 6420 52131
61119 5850 42070
61120 630 11502
61185 2580 35486
61254 3720 72908
61320 5320 87681
61328 930 98478
61344 3420 426
61404 5530 49329
61482 170 4868
61488 6260 29086
61498 4830 4467
61576 4070 56609
61636 280 66291
61649 130 88250
61665 5560 80505
61710 2240 78135
61768 7850 19193
61769 4910 88454
61812 2560 4201
61866 4780 34930
61925 2820 57949
61937 3220 55683
61978 2130 83249
62062 290 94345
62070 9380 52748
62089 9020 23599
62099 9010 9330
62243 3570 19480
62248 6930 23054
62280 7690 85166
62314 1040 89935
62335 9740 33930
62404 9260 48138
62415 2470 94101
62439 6340 38988
62533 4390 91111
62583 3560 44203
62604 3400 375
62637 7290 60972
62743 6220 28652
62765 6790 80778
62791 9540 44948
62805 5910 10382
62856 2430 47208
62876 5230 88598
62888 8970 83392
62899 370 72294
62912 9570 51760
62918 8710 65550
62969 3810 94715
62999 1410 30504
63088 3810 56456
63111 3720 46704
63199 4840 7758
63232 3240 42401
63253 250 43690
63254 5310 5321
63272 6840 55654
63333 4020 99265
63344 8140 17330
63347 8260 97577
63434 2420 63102
63443 9840 34135
63512 1090 44459
63583 1530 22357
63591 9580 466
63626 1770 42400
63643 5650 68327
63646 2760 2397
63668 1360 8778
63737 3320 20814
63746 9910 60931
63773 5350 5687
63786 9910 26853
63802 700 48440
63803 5780 80329
63843 6550 70642
63856 6210 1430
63875 2310 55350
63919 2270 54938
63978 6560 51053
63994 830 48994
64068 4980 64230
64085 8630 46736
64114 7850 54153
64132 150 36064
64150 9060 55356
64162 8610 71338
64185 6980 83250
64200 1710 21380
64214 4570 90236
64217 5580 23744
64269 3070 78884
64291 3620 60618
64333 3480 50692
64369 7830 83496
64410 8330 55331
64417 6440 45960
64464 1340 17254
64480 6500 61412
64497 1660 32060
64589 4570 28906
64605 6820 43074
64722 8400 6345
64744 8390 38986
64767 9170 59626
64795 6830 29947
64825 8370 84423
64879 6490 56602
64892 340 69197
64912 560 37511
64919 6450 47901
64978 4880 96141
64984 5470 85269
65050 7980 42999
65118 250 65610
65137 120 61983
65163 1380 65200
65194 3060 50428
65201 1270 30023
65211 4430 13138
65266 2810 4476
65301 1440 94474
65346 8200 56568
65353 4510 71683
65376 4920 78583
65378 2340 42541
65391 2660 7325
65397 6280 98808
65400 2390 32302
65464 2870 11247
65616 710 12387
65619 2260 25821
65629 770 39188
65639 2670 19767
65664 8650 8001
65710 6110 9558
65897 3060 49349
66040 3660 54574
66086 4950 53339
66144 1830 67632
66177 3950 55441
66219 7570 30389
66340 7660 65683
66346 6320 95566
66394 5470 72644
66401 6170 6610
66410 1460 83115
66525 3830 19104
66551 9470 57871
66554 80 55021
66558 1100 23993
66597 1180 21281
66742 8480 63824
66761 1370 34878
66859 4120 99822
66875 6360 13782
66876 510 92022
66931 4450 30261
66943 6840 1115
66970 1260 5795
66971 1900 27784
66985 4140 85075
67000 2720 42684
67014 1070 72336
67029 3820 9820
67052 8540 49728
67056 4180 97436
67063 5660 41735
67067 3960 27312
67084 2550 54804
67290 6310 16335
67298 9440 85621
67301 8430 15660
67333 2470 79249
67338 3250 75478
67345 7740 28197
67354 9030 53376
67376 7160 24651
67446 7190 88603
67479 380 47969
67505 8690 53671
67555 3700 25365
67616 9850 38337
67692 6170 24444
67728 8410 65054
67735 7680 15287
67740 4870 79107
67752 3050 37180
67790 7670 70779
67801 7150 82277
67881 7880 60740
67908 2870 26809
67976 6670 53862
67999 4630 45468
68001 2130 18940
68014 6110 72119
68017 2960 10815
68032 7770 89073
68038 6530 72870
68047 6760 96700
68056 7350 1563
68156 1600 80473
68187 7790 78345
68205 9430 54149
68219 8050 62206
68228 1200 19021
68235 950 73479
68281 2620 95506
68303 170 30557
68336 7330 32160
68366 9410 68103
68419 2000 29712
68473 8000 61769
68484 800 97211
68574 4150 86820
68585 2350 78559
68795 1790 59434
68809 1720 92297
68825 1570 20643
68832 6220 82197
68851 7130 75647
68928 470 65818
69062 980 63932
69078 4350 62439
69126 9490 65520
69130 5700 41417
69197 5300 36862
69251 9170 59473
69291 7650 99345
69301 3900 93575
69302 9630 51023
69312 4730 13357
69317 7460 96830
69332 5220 29474
69446 1610 94899
69537 2750 86615
69619 3350 89964
69657 7600 88966
69735 5260 42467
69803 2390 2627
69836 9150 57684
69929 7710 50140
69931 6060 67548
69967 1290 61604
70008 5250 65872
70028 7520 22243
70062 5790 11025
70085 6030 37206
70120 9950 19347
70128 8450 3790
70154 5060 38095
70166 2120 56692
70174 610 27305
70215 1030 36850
70249 530 31604
70259 2680 15377
70303 9660 63020
70334 280 41772
70366 9120 84751
70402 7450 67864
70465 6010 37272
70577 6500 26625
70592 420 42500
70675 10 14010
70675 4710 83279
70702 1130 33152
70705 4870 42435
70733 8790 86748
70746 4980 4793
70754 2470 58302
70787 3080 33797
70794 2950 62854
70815 6810 89285
70862 670 74229
70896 5800 12045
70914 1910 67888
71007 1510 13778
71041 500 6136
71055 460 93772
71057 2590 66376
71072 6890 94660
71073 9250 59899
71115 8250 20274
71194 8230 96467
71198 310 12814
71207 3460 24054
71215 4220 33735
71239 7670 69663
71299 2880 23539
71303 1470 92034
71303 9200 96203
71318 360 19364
71369 6090 84314
71376 5350 12846
71410 2980 74200
71464 5200 88516
71499 9530 66541
71504 7760 67245
71509 1360 25687
71548 4840 2703
71549 3640 39780
71596 9360 85076
71664 4660 36761
71665 6000 35113
71669 4760 2595
71702 5200 41451
71704 6990 47243
71713 4540 21317
71751 4740 77715
71777 7080 79532
71829 9960 73252
71834 9090 58079
71855 6750 96371
71870 7580 56538
71931 9450 98714
71994 6690 51374
72047 2800 23016
72084 3010 28320
72094 9120 38164
72141 360 97421
72164 6290 57892
72210 1730 81929
72229 2170 36576
72243 7960 78009
72282 1420 51258
72285 8910 2877
72290 7620 58836
72385 5430 69432
72426 6990 60214
72448 140 24193
72475 3660 70547
72542 5120 94160
72606 4650 96348
72607 5560 71254
72630 3110 29134
72699 5450 65850
72797 2430 29720
72888 8580 96254
72902 1150 89324
72916 9980 72913
72963 6240 81345
72971 140 37963
72976 6200 17882
73005 9550 93653
73053 8240 7487
73081 6980 30499
73102 9750 35237
73116 1200 20443
73162 5390 49066
73164 5480 60594
73194 9050 33207
73296 9970 37334
73312 9780 47572
73355 3410 57916
73405 9830 34321
73433 8040 30994
73475 110 89702
73486 2770 26849
73539 210 20971
73577 1700 17924
73621 3490 56517
73637 8080 55103
73701 20 98108
73704 8730 44689
73773 6680 96142
73857 6150 72065
73920 5030 2353
74155 6950 8772
74158 1630 31643
74255 310 86516
74262 7940 72534
74290 9410 41316
74297 4130 14181
74331 6450 6671
74347 9350 34482
74374 5130 81398
74375 7900 25025
74414 4720 7343
74429 740 35062
74481 3880 47285
74490 6630 12399
74551 3500 34249
74585 1680 26928
74602 2580 91922
74627 2730 34894
74633 1580 96337
74634 3740 50026
74690 6260 99676
74744 6990 13003
74843 1330 49195
74872 3650 4511
74891 6660 88115
74905 5040 83439
74921 3170 15434
75004 8780 90296
75056 2840 24889
75096 2250 90975
75101 2350 8658
75128 9300 48195
75236 3050 23337
75271 7360 68728
75294 2380 86343
75331 20 57210
75370 5380 87619
75404 130 56805
75535 9940 85400
75592 3870 10127
75625 5690 42029
75654 7000 8916
75785 9480 86000
75802 3540 22205
75811 4440 7522
75815 9310 32470
75829 4090 34829
75870 4690 33000
75946 8470 37597
75950 6660 26768
75952 140 36543
75952 3840 93017
75968 960 4064
76033 8190 56569
76060 8900 99804
76062 6020 49814
76070 3640 55717
76089 4180 12280
76098 8000 36948
76111 1630 94835
76177 8820 41178
76230 8680 89556
76231 1090 94165
76240 630 59320
76295 8850 13328
76298 4850 73632
76329 3790 13369
76344 7930 55407
76346 6370 32093
76391 9870 89184
76450 9680 23261
76479 5830 9948
76499 7140 85609
76506 8520 74816
76516 2380 2264
76525 7680 14718
76527 9880 29084
76593 770 88840
76609 6650 66797
76639 8750 27767
76749 3970 69136
76792 6040 83167
76867 3710 30302
76878 3410 88265
76919 9180 26147
76948 6070 38067
76964 9570 98996
77017 4930 62373
77055 4780 96633
77077 6190 10033
77100 1490 71488
77212 5760 19086
77216 7050 4435
77221 4300 53315
77232 8980 34418
77266 6380 8703
77288 1370 72495
77365 8130 25489
77370 1590 4749
77380 9320 58858
77418 4300 82701
77446 2360 8579
77524 7500 20536
77537 5810 71781
77560 1790 62464
77643 1260 38984
77700 5710 90973
77717 7340 99997
77739 9320 91879
77772 6390 44635
77781 2100 57784
77809 7570 32744
77854 4000 31045
77886 8920 24409
77929 1250 35018
77930 4050 7221
77930 6780 54030
77994 6580 66574
78054 6870 47140
78131 9810 67919
78170 9500 32416
78245 1390 41653
78303 3990 77741
78358 2330 48765
78480 1680 12049
78510 7160 76382
78593 4520 90057
78595 9050 93253
78596 4910 99870
78647 5720 12520
78698 7110 50470
78785 3050 22427
78835 9530 88770
78846 8230 53976
78929 1120 57088
78938 7060 11061
79094 870 61995
79135 4780 89924
79148 7690 33146
79275 9260 68708
79346 3450 39749
79375 9510 4396
79407 7860 21978
79410 2040 73319
79423 2730 61801
79431 1520 17515
79445 9920 18988
79454 5090 5602
79463 6110 21449
79475 7750 43196
79506 840 7326
79510 8430 88026
79524 1080 22715
79550 9280 73084
79560 8560 65699
79561 6520 33820
79580 410 69192
79646 8870 82948
79678 570 23010
79734 5700 68822
79742 940 90718
79744 8900 11207
79757 370 29387
79930 2370 68493
79949 2810 78756
79952 4440 19152
79962 2060 1829
79986 470 13811
80003 4960 8000
80013 3670 86555
80039 6380 6110
80051 7780 12184
80055 4900 68608
80075 9650 6757
80116 5440 85717
80160 8450 25850
80169 1620 69479
80175 3010 49061
80212 2150 84039
80240 5930 26458
80246 4850 54965
80254 3700 68395
80261 2760 75747
80273 6720 31813
80301 4880 97551
80319 6610 77420
80352 3190 77305
80358 8550 31684
80374 8960 66698
80387 9820 84918
80394 2560 97482
80403 8370 80532
80406 6140 79459
80408 2170 79531
80456 1170 55364
80504 5120 66281
80511 8280 61702
80531 9240 11864
80559 270 91519
80610 6580 35803
80622 2910 33228
80719 2750 83827
80741 820 32641
80780 490 96258
80815 5370 42291
80840 2350 60169
80872 8330 88926
80951 6390 35709
80964 1050 2968
80985 1950 67677
80998 7490 94667
81058 7180 65888
81097 8750 98038
81121 8670 17413
81122 1810 51128
81160 1820 83266
81286 6540 49142
81294 9390 92987
81297 2450 97691
81322 110 66957
81411 410 15175
81448 3980 56299
81470 4020 77449
81473 3930 71512
81570 6330 93255
81591 400 91043
81667 9430 22576
81684 8560 1975
81795 6510 73971
81854 4620 98884
81882 1660 93955
82030 60 72079
82050 9680 60350
82108 8040 76791
82118 7150 67655
82118 9710 67710
82127 8020 46168
82176 1970 9134
82213 9120 95413
82301 7260 2586
82320 9620 4827
82346 8780 47438
82384 6700 23854
82394 7700 86343
82396 8010 15549
82400 790 56824
82402 90 25350
82419 1740 70983
82435 5740 71659
82472 200 20875
82476 9030 83630
82487 6780 75080
82592 6910 36113
82647 820 22202
82652 8530 52889
82700 100 70953
82705 3150 91274
82778 1290 22197
82822 180 43145
82835 2450 33197
82860 680 47362
83038 1880 64144
83053 9440 45915
83125 9710 33747
83145 930 84807
83179 220 3261
83211 5080 72109
83234 8960 18081
83244 9830 81131
83245 8600 17206
83290 6200 21002
83301 1400 80008
83339 2310 218
83361 8350 97714
83441 6960 66945
83494 6350 65417
83522 7010 15365
83524 1640 21595
83536 9450 26054
83538 6470 2161
83569 5290 19870
83632 4630 24572
83635 7410 40953
83666 8150 75666
83740 6230 15704
83774 3380 23086
83821 5100 37947
83850 4320 68722
83886 2400 94809
83908 8070 51630
83915 8740 47752
83981 4010 99572
84036 930 13405
84072 9900 38571
84105 1760 18504
84112 4920 21561
84117 9490 90815
84136 7060 70825
84177 6490 19746
84188 3750 26597
84237 8760 3203
84274 4770 79098
84336 3780 2073
84439 7270 39917
84470 640 92990
84494 9340 21990
84497 2960 28291
84499 2500 29893
84509 7410 83701
84526 1310 16717
84529 660 39409
84572 8110 28149
84606 2140 47533
84646 130 38667
84646 2720 78915
84662 5290 57317
84677 3090 86693
84700 2550 83015
84709 6120 86389
84711 7100 89094
84837 1580 9016
84938 5920 76531
85016 550 3373
85069 6080 67538
85088 7980 37959
85126 1970 76444
85181 4080 20833
85194 7140 4254
85215 4180 14767
85250 2320 13525
85260 8620 28365
85277 970 26522
85280 5230 47430
85304 8360 27666
85317 320 78481
85345 3940 57477
85381 2270 23326
85384 6790 33188
85488 7940 963
85544 8300 57718
85545 7580 58273
85583 3210 2046
85590 410 63634
85603 5490 18255
85678 7370 32678
85702 4990 92000
85819 5400 92203
85844 4190 57982
85869 8460 80549
85919 4380 31195
85926 5730 28773
85964 1370 34739
85976 1240 15074
85989 4320 80527
86011 8910 42071
86103 6160 87211
86118 7760 35456
86183 8950 1870
86220 3870 75416
86234 3120 2690
86329 9970 47570
86331 250 51055
86343 4530 99443
86361 7420 72865
86366 8770 13938
86401 1590 34085
86409 8490 24664
86590 6380 52351
86615 7330 11957
86643 70 86145
86714 1780 27881
86730 8930 49347
86734 1010 68552
86758 1890 65613
86786 9880 98184
86809 980 13687
86863 2280 91456
86887 4500 10232
87000 3950 55693
87041 450 88945
87042 560 33444
87060 1310 56441
87063 5230 80886
87096 600 44756
87107 8030 90013
87111 6420 83285
87127 4420 65416
87223 860 40730
87237 3900 88336
87238 1040 52128
87250 7870 35802
87254 3710 82074
87259 4550 77162
87327 5990 30788
87392 3710 39639
87412 2210 11433
87418 3230 79007
87446 900 51142
87446 2650 73194
87462 7590 59853
87511 3280 11102
87571 5860 44789
87573 2740 71348
87649 7210 16636
87685 1360 82228
87696 7910 90919
87752 1350 81949
87811 9760 21046
87898 9390 54364
87912 2540 82379
87967 7470 82821
87972 7890 73752
88003 6670 24177
88037 7400 54873
88053 1350 40549
88096 440 54442
88103 6450 17895
88185 9130 20258
88190 6970 37097
88304 4960 62001
88313 9130 98867
88387 9990 38747
88402 9160 68208
88428 6520 34350
88456 8490 97702
88496 9930 99261
88642 7860 65060
88689 5140 42956
88692 5160 51229
88722 4740 15919
88792 1380 63806
88832 90 75408
88943 440 76311
89002 2110 54431
89019 6930 27005
89025 1400 99447
89096 7090 49765
89118 2760 45394
89123 6580 51558
89152 2260 66043
89159 4420 64322
89162 6900 96169
89245 7720 25398
89251 8440 66124
89406 8210 15071
89544 7130 69822
89552 5740 36574
89629 1930 21448
89686 6630 26355
89703 8300 49639
89710 2250 12963
89724 1250 23698
89791 4100 72532
89828 3750 53745
89886 1170 11739
89979 580 58424
90066 1140 57745
90083 4990 62211
90126 1740 50113
90170 7820 73819
90193 3100 67422
90225 2090 16937
90229 5600 45205
90229 7950 9354
90298 4590 68635
90332 4500 73418
90380 4670 38247
90381 6700 69005
90382 8550 78611
90403 8090 54504
90500 7220 62742
90505 8040 83915
90516 6770 78062
90519 7100 56749
90550 3660 10940
90577 720 58273
90598 5020 51757
90617 6130 4496
90660 520 61247
90676 4300 48005
90689 9610 60004
90694 1430 1784
90712 3900 31784
90728 340 36823
90732 2680 68859
90777 1800 12081
90906 6890 62391
90930 8130 9581
90931 8080 6678
90980 3680 14371
91011 4510 26622
91033 2340 28078
91111 7970 53307
91124 1270 18949
91131 7650 3777
91136 2440 93114
91142 3320 2487
91145 7810 13810
91160 5810 29226
91164 8920 24421
91229 8520 55420
91231 5090 54462
91231 5300 45523
91240 8300 91861
91275 6720 75632
91280 1820 26473
91285 9110 9242
91322 7180 92869
91342 320 70192
91378 3750 48550
91523 3360 53772
91526 3930 19770
91536 5980 10979
91555 610 95342
91563 4790 31609
91579 1250 32608
91583 5550 33255
91621 7410 72659
91703 7690 21449
91705 4340 39636
91715 2590 39347
91717 6070 28558
91736 2700 51738
91788 3830 42514
91816 610 84179
91827 6560 39273
91879 9650 14025
91883 9300 95946
91909 7070 10691
91910 3090 39549
91927 5290 64594
91956 7780 33169
92046 5810 43788
92072 6860 43587
92167 7740 27334
92188 6680 72788
92285 3180 79218
92319 4590 73757
92331 8000 8370
92349 7350 33441
92418 5420 82473
92453 10000 78538
92464 2120 88856
92471 3120 12017
92485 8260 48889
92533 5830 8190
92647 5850 24090
92678 4750 79463
92683 3860 25804
92799 4240 98805
92874 3180 47984
92915 1540 38407
92923 6570 50947
92965 8090 96500
93002 2750 38102
93037 1500 66461
93178 2810 27483
93195 3770 97419
93247 8970 53397
93259 7360 55278
93282 8010 67670
93300 6330 46227
93330 5280 33992
93419 5870 90999
93446 2590 90846
93464 4870 33177
93466 8830 62953
93500 6590 66134
93501 5080 47507
93523 6880 37949
93578 640 3863
93579 5690 57804
93602 9310 37344
93606 5190 78208
93608 7800 39634
93677 2030 35841
93726 6060 21458
93754 300 64682
93773 7920 71096
93796 6570 32831
93822 6730 24644
93852 1620 27878
93855 8460 37490
93878 8240 96046
93914 9330 16982
93944 470 71054
93959 4820 49793
93984 7400 74479
94030 5420 24771
94033 2490 67432
94051 7030 62122
94150 3010 85849
94214 5250 23425
94260 3240 81366
94293 5960 81640
94311 5620 25054
94328 9370 31825
94336 2440 27603
94393 3110 23899
94479 3420 70183
94534 7250 51920
94535 30 15087
94596 7610 21670
94613 2200 67307
94625 3920 33709
94661 720 67025
94713 8680 21277
94766 1880 48492
94794 5470 16311
94803 1950 36960
94819 6330 98147
94850 6490 6286
94856 3770 9052
94901 2940 12726
94942 4240 94792
94944 2740 71752
95078 8890 52270
95158 6660 22599
95216 9790 18983
95223 1630 48935
95276 2610 33310
95278 4210 31972
95295 7190 53035
95300 6370 8407
95417 1980 2241
95427 4370 7176
95433 3530 64175
95486 4600 27940
95496 4000 61566
95505 1750 27673
95512 2720 7432
95552 5200 27344
95561 5500 81864
95573 480 82039
95615 5440 51282
95718 2300 94899
95732 8420 1584
95744 9670 31775
95745 5280 78860
95835 4050 58542
95844 110 76403
96028 7290 12067
96037 2460 72695
96048 8220 94724
96053 8890 20278
96072 7490 80150
96074 8540 69157
96099 1110 33734
96100 4810 90566
96119 8180 53688
96132 7510 73472
96200 6470 89665
96209 9550 13681
96214 6270 51094
96216 2160 28460
96257 7200 13724
96308 650 50969
96318 2600 33732
96331 2510 88972
96413 7400 46965
96422 6830 29757
96447 5660 28263
96458 1480 53685
96460 2150 27518
96461 7680 81589
96512 1690 20187
96524 6300 34668
96583 4730 63832
96605 7990 81725
96618 1310 8736
96726 6130 6011
96727 7750 74930
96846 1150 98855
96850 5170 57882
96866 6540 24728
96882 7180 58701
96936 4950 84002
96944 7620 76845
96956 8360 84067
96962 1730 36334
96971 9230 54214
97004 4760 12011
97041 7970 55957
97103 3040 29916
97227 8760 33728
97267 3700 33488
97273 7660 15600
97277 7560 22088
97293 9290 36689
97319 4410 24151
97350 8160 30890
97380 2830 42269
97382 7510 7995
97385 2160 48520
97446 3650 71184
97448 2490 61724
97513 3270 9948
97545 810 8228
97562 5540 24818
97580 210 65579
97624 9110 80571
97641 4150 30220
97682 5840 97110
97721 7450 84045
97735 2920 91090
97800 5680 24183
97814 4370 9694
97827 2690 80439
97964 240 22328
97984 1350 95311
98018 6290 7646
98063 2540 17956
98065 4260 34638
98090 8080 52579
98138 4830 98180
98145 4230 56925
98184 3300 3785
98253 40 30969
98265 6310 20486
98328 5500 41847
98343 5150 22604
98367 9660 82373
98409 620 50566
98424 6190 26945
98434 9590 94963
98440 7630 46346
98464 3350 57788
98466 9660 71338
98485 2580 60231
98508 1450 56263
98513 4880 54736
98564 2640 78581
98617 8180 8756
98648 6090 65311
98669 6140 20374
98696 1340 91981
98765 4350 55759
98952 3800 63482
98999 5670 76620
99077 8290 56212
99130 6100 12891
99136 6910 49702
99163 3040 61199
99234 9400 84383
99234 9420 80245
99299 7210 3111
99324 6240 33886
99366 8600 45994
99367 2060 46787
99386 4130 49780
99408 7720 87631
99490 6170 28838
99492 4150 42372
99527 4290 15477
99587 6760 21096
99593 4340 83784
99644 1920 3160
99647 6080 72710
99685 6770 53753
99711 5390 65019
99740 5920 89110
99821 7790 85672
99885 8770 30071
99925 1380 23760
99933 7440 48900
99942 9280 57175
99986 4480 56733
99993 9560 49923
