3000 10000 21363 32214
15 975 52024
40 3670 84166
60 1780 24309
69 2720 27466
143 2185 71224
224 2215 70206
235 770 3507
236 4275 70144
281 4595 67613
300 4300 91642
304 4075 13827
351 3440 98946
434 1035 95559
454 400 83231
504 335 50904
509 740 97046
516 875 44675
526 3475 35327
531 2250 51323
542 2010 85453
584 1270 23223
591 3240 5771
600 800 45327
612 3680 40004
649 3645 80973
675 1720 71278
704 3390 43364
732 1675 40661
750 250 84445
751 1680 28029
776 2170 10936
778 1150 52140
832 1300 20777
837 1555 19710
904 1710 60672
925 4560 22935
958 3465 55901
969 865 3207
989 4190 199
997 2570 54515
1030 1105 76160
1033 2480 77643
1060 630 33046
1084 2450 21444
1167 635 4424
1167 2535 2865
1170 3550 63922
1206 4795 57853
1230 3385 5999
1275 3740 2070
1295 645 54144
1322 1415 54425
1359 3520 56409
1527 2605 44540
1564 480 34366
1648 4155 30663
1784 1425 40774
1898 2050 84284
1899 4540 47970
1909 1460 62462
1930 110 86126
1942 1575 27090
1956 4240 52679
1966 535 32225
2007 930 56808
2022 4120 9810
2039 3870 11825
2055 3765 69643
2146 1495 88063
2180 4455 75777
2213 2840 24017
2253 2025 76232
2418 3510 77432
2472 3085 52708
2489 260 26867
2499 1180 19696
2554 2615 93345
2569 2665 98684
2587 180 1493
2596 2620 72043
2597 4340 71153
2674 385 64253
2698 2085 60741
2707 4820 33245
2708 3675 34744
2736 820 69953
2774 1245 90170
2776 1135 56096
2842 1365 51655
2849 2785 16832
2874 1970 46349
3025 1200 31197
3032 2785 89838
3039 870 23373
3049 1040 28883
3075 2270 32969
3093 1465 34670
3108 3105 2165
3169 4155 10727
3315 2730 84
3395 4705 40202
3439 1385 27987
3446 2860 68840
3455 3545 89249
3481 3415 13255
3492 4885 51710
3496 1405 92898
3500 380 84452
3507 1625 56549
3510 1595 51022
3510 2155 45635
3520 4845 16893
3622 1280 48232
3626 2470 89819
3693 3660 71188
3790 880 87308
3808 2530 77308
3820 3850 80909
3841 2835 75837
3881 4860 12603
3906 4125 29104
3927 1650 20138
3941 3090 93336
3991 4785 20841
4069 2965 35874
4161 4400 22396
4224 1460 54480
4246 3190 75020
4320 3935 67149
4323 1770 65741
4323 4115 28014
4355 3200 21019
4373 4600 55951
4385 1260 19685
4388 565 83631
4406 700 46455
4461 2100 46769
4538 315 93520
4596 3780 49847
4599 4495 2066
4649 895 26553
4656 3155 37543
4677 815 1160
4753 730 92405
4764 1125 39483
4784 270 62246
4860 2605 77842
4871 4455 50283
4887 3140 18075
4988 185 37953
5007 5000 39571
5058 1800 11231
5082 2130 22406
5101 3795 1123
5108 3700 26453
5115 1525 94077
5137 3715 95842
5150 1480 5421
5179 4360 75751
5183 350 90449
5209 1465 41442
5240 4725 43900
5280 2295 82
5356 4955 79540
5358 2820 70518
5370 1810 72662
5423 4850 47320
5497 670 15013
5525 3795 33584
5557 2350 60992
5585 1115 543
5625 275 34891
5687 760 78646
5716 590 55217
5780 1540 16074
5780 4605 32560
5793 1570 69573
5874 2560 98082
5914 4090 82052
5915 4705 66544
6004 3950 9273
6005 4835 99815
6045 1590 5070
6074 2115 574
6119 2585 58181
6137 2280 42100
6242 790 85893
6284 505 24121
6346 1490 65934
6490 775 58273
6554 3255 97506
6640 4515 72498
6677 4645 18571
6680 1575 18931
6689 1330 89079
6751 4055 37708
6856 1080 75750
6868 3180 3100
6875 4795 46340
6915 4110 72203
6973 555 33311
7057 1320 39934
7086 3050 66771
7120 3830 19772
7166 4635 39175
7240 2005 2114
7292 2100 87924
7345 4050 85653
7386 4065 28370
7388 1250 4565
7399 560 62559
7450 3970 55838
7465 1220 14341
7493 830 86655
7560 4880 12133
7563 3480 98686
7596 2020 77845
7664 1820 16538
7814 1715 31387
7836 1750 20964
7864 2575 92049
7894 425 91019
7923 3670 80300
7949 2890 93765
7959 285 81615
7989 450 66926
7997 3870 12169
8049 335 31227
8075 10 59536
8105 4775 69493
8190 1125 84748
8255 800 18141
8273 4605 4632
8334 2120 20250
8339 745 49084
8341 1010 64001
8351 4815 74755
8357 160 75554
8369 3320 12713
8407 2165 16437
8421 175 51097
8430 3615 77060
8434 315 35587
8471 870 52417
8492 920 81912
8503 4720 27693
8570 400 80249
8575 4295 67517
8659 3695 54032
8711 2745 94668
8750 3720 40109
8805 4115 92991
8872 260 88384
8880 795 40181
8917 4645 50935
8959 365 88910
9000 3975 37414
9034 3925 36853
9053 4520 57287
9060 3665 39025
9090 3445 78702
9196 2110 82165
9220 15 16086
9231 2955 8887
9239 3435 98728
9288 2415 20945
9366 3275 22265
9381 255 14381
9385 1615 8635
9388 2770 62560
9392 1455 99314
9559 1810 2525
9604 3035 61465
9639 2935 71677
9647 3655 64180
9727 1160 55312
9752 3050 3479
9775 1370 1756
9805 405 39235
9806 275 30711
9852 3505 43602
9874 3875 54819
9998 1490 10517
10012 2090 65615
10027 1645 36666
10054 3335 83630
10123 2305 83884
10127 4620 70649
10153 3725 70577
10165 1530 57122
10168 4450 24204
10194 1510 89724
10280 1170 56353
10289 2485 83475
10311 4820 28674
10350 325 66909
10360 3120 99570
10410 690 70428
10422 2300 92934
10472 2145 21391
10489 250 78791
10515 3695 69639
10561 1430 59842
10592 3945 97072
10668 3225 58063
10691 4940 51411
10713 2190 84271
10762 4645 83489
10819 2940 87449
10822 4010 97645
10857 4930 71484
10899 3260 87280
10926 210 86175
10959 70 4697
10963 2470 35816
11004 2340 57072
11048 3335 57014
11052 2220 38327
11115 2870 99595
11159 2815 56750
11204 705 75494
11471 2695 95018
11474 1830 24825
11535 2795 54332
11556 1875 37130
11586 735 69123
11595 3000 94586
11649 4530 89388
11724 395 15761
11772 3065 91626
11784 3075 51320
11807 2765 20448
11808 2650 95783
11829 755 17888
11880 2825 6789
11883 3115 632
11926 1515 23701
11989 125 76447
12012 2985 13904
12014 4585 14752
12108 4810 21749
12134 2490 42673
12235 3030 32879
12279 4895 26778
12310 2515 46491
12328 2220 11172
12429 3400 14879
12434 3080 47442
12535 4695 10876
12539 1740 42756
12573 1075 64775
12584 4575 69901
12585 1345 9915
12601 3600 74160
12611 2865 9189
12692 4965 7892
12707 4970 89556
12727 670 78371
12775 1245 58914
12779 3690 78963
12848 1570 46918
12855 1845 40659
12880 2775 15436
12907 1730 35105
12939 1920 40544
13004 135 20152
13029 4305 88220
13157 3545 79040
13179 660 40847
13196 495 54816
13215 4735 63000
13280 2430 88083
13280 2615 99023
13300 4470 34370
13316 640 4590
13392 3060 36565
13413 1885 45614
13419 4745 44506
13421 4525 13048
13454 2795 77948
13461 4500 88926
13525 340 87905
13540 3595 83524
13556 1750 1552
13616 4805 44821
13637 3815 82364
13716 4655 46078
13746 4745 50282
13750 2555 69106
13820 1100 32173
13856 2085 14808
13860 3685 75359
13893 3805 39859
13942 3710 51203
14033 1840 10080
14052 2445 47699
14092 2580 65004
14096 3605 7969
14111 1900 53240
14114 1525 54272
14122 3300 68367
14154 1870 48952
14176 2640 91466
14287 540 21864
14296 1310 64126
14303 3575 18943
14329 205 80782
14363 295 71008
14473 2135 4142
14529 3240 4560
14539 4085 58013
14564 1060 66413
14597 3470 1883
14672 1800 66672
14697 1935 73324
14726 1465 12255
14728 4100 90959
14839 620 98237
14987 2675 75686
15000 1155 76063
15021 4145 34034
15025 2785 81857
15054 3860 14823
15078 1380 87087
15106 695 61531
15121 1975 7661
15188 4990 98805
15211 1770 81080
15226 2310 20470
15229 585 51170
15271 1065 42971
15311 1990 65519
15317 4450 62456
15347 1470 36392
15351 4965 5184
15398 315 31266
15448 215 17459
15489 1655 35000
15518 235 35559
15543 685 77729
15619 1095 63314
15623 3275 6088
15644 3625 11852
15647 1295 56149
15705 1380 50693
15745 4715 5494
15769 2410 36356
15794 1350 30413
15982 190 36256
16034 120 85802
16097 410 955
16125 1030 23451
16190 3435 90612
16257 4330 89069
16312 1995 56790
16484 3810 38203
16504 1460 18321
16601 1155 67677
16664 3665 45514
16671 3370 87090
16734 3295 92631
16736 3620 48031
16752 990 57289
16758 3975 79393
16775 2055 27380
16797 290 81517
16817 4045 73964
16888 2300 89336
16914 1695 70409
17007 845 51219
17085 445 55056
17165 85 77479
17224 755 56609
17239 4255 54908
17261 265 64353
17286 4885 81093
17396 4110 88581
17401 3560 58191
17408 4855 54485
17453 1865 88483
17458 220 53690
17488 2060 71940
17531 2365 99935
17571 30 51640
17585 4730 75910
17595 3085 13051
17607 3355 31614
17635 1375 70381
17669 1225 53420
17689 1175 96138
17698 2920 30973
17861 65 4789
17878 4160 59861
17907 1515 9368
17920 135 83251
17928 4990 59276
17942 785 4056
17961 2825 84544
18061 1430 86391
18063 1975 67881
18104 1900 9425
18125 4360 75922
18148 3625 7295
18154 4160 13788
18166 4325 90083
18190 2020 90952
18238 2915 81454
18259 3415 65477
18283 3045 41355
18355 2780 34514
18376 3395 65068
18401 2180 40926
18401 2425 32103
18423 2445 80552
18428 3105 50790
18486 735 49332
18488 4130 96322
18505 2285 80855
18579 4020 86711
18622 1310 28168
18664 4775 19141
18701 570 30265
18714 3620 67286
18734 1580 39631
18739 4250 96396
18766 3770 47550
18775 2510 40559
18840 3905 1032
18845 4460 86319
18912 2080 13211
18914 2130 37968
18957 55 12567
19054 4755 7131
19086 900 60313
19088 2910 23576
19123 1890 54988
19144 1085 52823
19148 3225 38451
19150 3355 6080
19189 1210 82609
19277 3925 52567
19301 4015 796
19446 1625 11213
19454 620 60821
19492 4150 29449
19531 2040 12192
19563 2855 81688
19705 1115 74743
19734 2465 50753
19770 3715 57030
19850 1815 33932
19857 1295 97754
19883 2625 89822
19917 2675 40689
19957 2680 75085
19986 4765 79356
20001 3785 95741
20002 1960 73828
20017 2070 59873
20041 240 36086
20041 1305 69170
20129 4480 48105
20132 120 6362
20168 995 22133
20173 960 57594
20191 4465 6478
20231 610 7288
20255 3535 69471
20394 4020 2622
20410 2445 39127
20423 3440 96913
20483 850 10081
20529 630 91140
20564 4315 73806
20593 4430 11709
20605 2570 82133
20610 4060 50065
20623 3145 49685
20644 605 12389
20659 3135 85914
20668 2680 24829
20669 2940 59730
20680 3330 62589
20681 4880 6720
20722 550 38000
20866 2900 82663
20890 4830 14360
20939 2335 86375
21031 3560 33479
21053 1165 5636
21104 425 24286
21105 985 54152
21128 3720 60692
21142 3820 83165
21168 2790 57173
21179 3540 34818
21201 940 88683
21207 2990 30812
21216 2875 26535
21238 330 21001
21245 2315 56618
21255 2295 961
21289 1720 23426
21346 1345 19141
21364 2075 23004
21394 815 61529
21409 3450 19883
21424 780 88343
21424 4685 34390
21455 3580 56097
21470 3165 22534
21535 2845 57539
21555 2660 62604
21561 4435 4270
21573 2750 16825
21603 3230 43488
21638 1530 90339
21665 1790 24703
21706 860 89643
21712 3590 82148
21733 3505 95575
21746 4565 2456
21816 2480 89577
21832 4505 28530
21835 445 21167
21856 4425 70743
21894 2225 56425
21952 1335 681
21960 2705 86123
22013 2070 46055
22029 1850 47952
22121 3115 57410
22178 1360 87786
22189 4760 12096
22205 3865 38533
22288 2125 57115
22325 4205 92570
22327 1340 37162
22355 4085 34378
22384 585 50751
22394 1355 92862
22399 1510 6855
22408 4950 45820
22426 745 61149
22550 3290 76798
22665 1235 46779
22669 3805 50789
22671 2200 63820
22674 1270 7818
22706 2860 53796
22752 1785 63434
22767 2820 89343
22803 3630 6538
22813 2475 43994
22841 150 42413
22866 795 29085
22904 1035 23255
22924 3575 69518
22958 3430 93003
22967 825 18643
22982 3645 53444
23030 4395 84169
23046 2350 70962
23073 4305 44298
23110 575 21639
23185 955 43124
23206 650 49292
23225 3325 64826
23232 4985 26569
23421 1845 39974
23436 1825 56173
23465 4405 23441
23467 4865 48703
23469 3005 92045
23513 3435 77934
23587 4540 26655
23605 3205 14193
23606 2200 21260
23615 1410 92805
23668 3955 30392
23711 4330 65386
23732 2815 49194
23751 905 49021
23753 2915 55099
23828 3835 22451
23844 675 20502
23861 490 56373
23872 945 9016
23887 3450 18007
23920 4660 89578
23922 2685 38550
23944 4250 41023
23977 2975 87303
23986 4285 88413
23991 1070 3327
24010 2640 83267
24039 1835 29731
24051 3305 80788
24070 2105 50444
24117 595 81673
24174 4195 74723
24188 2395 52000
24200 1190 16187
24226 1400 78916
24256 115 76012
24281 3650 41230
24323 450 24477
24363 2100 85744
24373 4910 21222
24390 1065 7725
24407 2955 52701
24440 2665 55342
24459 1350 38968
24462 4335 68114
24542 4200 21430
24652 1910 8058
24691 1835 97464
24699 3340 21734
24759 880 15740
24780 2110 94777
24799 775 40256
24812 2695 2713
24825 3905 12103
24899 2045 58220
24915 200 84381
24919 1700 90097
24938 430 90702
24944 4005 26453
24991 15 21396
24994 2730 23534
25052 60 25902
25079 2205 76186
25100 2600 51320
25103 1865 71546
25169 4445 66751
25189 650 66128
25231 1730 43150
25247 2440 89384
25254 4400 92449
25310 230 60727
25329 4580 98715
25355 1165 28872
25376 2390 85180
25383 1950 5112
25408 4290 6583
25485 2105 46022
25507 1965 2249
25515 3590 82816
25554 50 95391
25603 1425 21748
25632 4280 86142
25654 4660 492
25780 1810 6578
25785 4365 8586
25799 2985 39080
25831 40 42753
25843 4035 87792
25858 225 19502
25967 730 78612
25999 2890 19974
26066 4340 63316
26082 3140 24776
26099 3285 38937
26135 2520 84758
26181 2870 70761
26276 2240 89160
26292 910 44338
26314 1805 78004
26408 1290 33068
26410 890 14672
26492 3735 71235
26495 4025 38991
26521 565 66441
26595 3760 89754
26602 690 99136
26613 2105 11582
26620 4835 36025
26761 2930 25369
26803 1670 56282
26823 3980 58114
26958 2805 35873
26961 2660 56251
27068 4410 11053
27145 420 59701
27238 3700 94424
27249 4035 15104
27286 1525 70191
27289 2200 86164
27302 1375 32720
27316 1350 40800
27343 4680 44056
27359 3170 41548
27518 1950 76017
27531 1020 79590
27551 4650 71701
27621 1110 44381
27625 30 39376
27655 2320 72024
27703 205 72314
27736 2745 10773
27751 3775 23010
27777 3705 32084
27805 980 27351
27821 1225 11526
27826 805 88211
27832 5000 47713
27873 2645 5241
27893 915 57495
27897 4735 99399
27903 2670 43958
27967 2655 94256
27968 1705 11911
28004 4265 14188
28049 3310 64344
28083 3985 90196
28106 35 45917
28108 2550 99670
28117 4365 48805
28262 1830 68389
28343 1005 28570
28384 325 31105
28448 1140 25869
28554 2175 18674
28586 3145 20508
28628 1550 28920
28630 470 29930
28721 1900 8814
28784 4770 99218
28855 1775 63647
28882 2260 75687
29153 270 84107
29166 2495 23196
29174 3675 10741
29190 4405 62180
29248 1760 40122
29434 4825 42295
29440 1000 28249
29519 2840 77562
29534 1500 49765
29631 690 20197
29648 4025 21725
29663 1635 40156
29677 1930 55250
29687 2325 66928
29690 1310 447
29726 2025 54490
29756 3890 97737
29760 2230 82738
29782 3820 47557
29792 3945 31174
29883 3270 95357
29969 1450 27975
29976 1075 52162
29996 140 15073
29997 3730 83195
30015 2795 76483
30015 3970 97409
30038 3540 92771
30046 3730 186
30059 3295 83791
30082 480 54061
30086 310 81441
30110 265 58432
30145 435 77182
30148 280 14116
30226 1275 39432
30308 3560 145
30318 1745 97271
30365 95 11342
30367 2910 23748
30379 4230 36598
30414 950 12600
30497 3470 35581
30498 390 46253
30553 4000 49159
30554 4865 49182
30568 4915 86016
30644 3105 93335
30656 1170 69969
30656 1520 46595
30695 540 32015
30728 2995 43663
30738 3340 98782
30755 3840 89485
30768 3345 10260
30773 395 79504
30796 2610 22837
30860 1470 31142
30873 365 23437
30912 4290 28503
30917 155 86350
30919 4765 11769
30940 2165 64854
30951 720 41430
30969 1435 70839
31020 4790 29333
31096 4565 79968
31117 2920 94805
31176 4200 74882
31185 4805 21534
31217 1270 28105
31261 4175 50782
31279 155 23197
31317 1575 18835
31321 960 17677
31338 4715 14040
31385 545 11746
31454 3025 75872
31501 2835 72238
31503 4245 58226
31590 3045 44341
31649 3425 56082
31657 640 89342
31698 765 67012
31752 2120 8995
31774 4295 75237
31786 3865 4432
31823 1710 57582
31840 1215 47452
31865 4375 94948
31895 1735 31399
31980 1965 89917
31997 3395 83394
32111 530 98686
32152 1395 51907
32242 3290 32151
32308 2005 31997
32334 3895 61829
32358 2060 8186
32389 510 33289
32489 4490 75901
32512 175 8150
32519 3475 6416
32522 600 55467
32531 4470 81791
32546 2775 82487
32590 3290 27078
32603 2855 16524
32616 4750 38332
32665 3115 22238
32684 4460 25669
32795 2820 6202
32924 2340 57761
32937 4095 30993
32940 4595 31159
33058 4925 43661
33136 710 31248
33169 3260 3235
33197 3280 71895
33284 2455 20805
33374 870 76287
33412 3845 21665
33471 4820 69383
33488 145 50195
33496 3250 96989
33578 495 97224
33621 430 93291
33660 4125 23028
33675 2425 8021
33757 3430 14158
33770 2915 53286
33859 4005 12552
33926 4520 3212
33975 3080 26024
33978 355 71345
33996 965 35728
34034 4260 58393
34096 3075 68586
34117 4990 48650
34153 3120 92840
34176 4205 1156
34247 4740 94764
34365 4610 47040
34433 4975 26202
34464 4965 23419
34478 3985 18615
34490 170 77675
34493 3535 57976
34575 2505 50014
34828 835 58870
34865 2465 75091
34893 2350 20170
34925 1345 61972
34927 4975 7927
34969 2540 2000
35000 2880 67172
35004 1440 7161
35035 1285 49840
35040 885 71994
35076 2475 59255
35115 3910 999
35178 1520 60559
35179 2810 57672
35199 1985 43290
35222 4790 92954
35293 3175 50000
35299 180 84088
35359 4445 49274
35361 4270 34435
35363 3640 95036
35395 1230 52594
35407 4185 92851
35437 3960 74752
35560 1795 56301
35598 2315 66346
35623 1880 69984
35636 2755 53764
35770 90 65916
35775 2725 27189
35791 260 40456
35804 3635 97711
35812 2340 56682
35823 2065 84749
35875 3595 30595
35923 1105 52359
35930 2590 52553
35943 1420 2900
36055 3425 78442
36061 4785 33602
36097 3640 1968
36118 3380 65107
36123 1785 14490
36184 3140 92457
36197 2555 25883
36220 1665 82014
36297 10 74485
36323 4390 67272
36378 2045 45091
36382 4440 19305
36398 1040 4328
36399 3690 49189
36421 2370 10804
36421 4790 15320
36464 1545 89866
36479 3705 61638
36523 1075 56952
36536 4300 51482
36588 1890 77688
36625 2040 40947
36634 1120 69971
36649 420 73868
36704 130 9276
36732 3455 15185
36775 195 96476
36809 5 70917
36839 4575 72148
36840 3840 2628
36852 505 42654
36869 4095 5668
36907 4355 87742
36946 3270 98504
36962 540 17647
36967 3630 29271
36986 1455 98259
37033 3065 91782
37053 4420 55656
37073 1745 71141
37119 1600 51003
37128 4780 65693
37171 3565 11108
37205 1885 30801
37241 55 53283
37257 4655 15038
37279 4550 33212
37294 4005 4181
37308 3865 22404
37317 4815 1816
37327 840 85615
37377 2210 36793
37388 4630 10836
37390 1985 14995
37391 1630 68698
37391 1635 57816
37454 4930 32390
37519 3790 95209
37524 1660 19288
37579 295 88214
37650 1725 188
37718 4890 50398
37733 380 77878
37752 3995 71308
37753 3195 99936
37755 240 72805
37765 2505 31184
37791 4785 6966
37811 1715 64106
37821 1610 46775
37841 2635 9966
37873 710 51424
37919 2020 76228
38004 1515 87945
38126 3180 11397
38145 1055 35375
38280 4830 70375
38304 4150 17712
38350 3385 88640
38391 2470 73723
38452 2045 45970
38474 735 51729
38513 2095 72782
38515 4935 97487
38545 3265 21976
38556 4860 37615
38575 925 27756
38585 2035 5044
38586 1190 45355
38594 3440 22608
38607 2780 90354
38667 3185 46964
38679 3675 26410
38683 205 15841
38692 4485 35414
38711 485 62138
38751 2355 32438
38883 2335 46863
38885 2620 10230
38933 1115 2700
38940 2800 3015
38961 455 7148
38973 305 22602
38993 1030 5850
39002 365 30239
39018 1935 28917
39029 1570 13556
39029 1940 62479
39070 810 2636
39174 1755 17118
39176 4380 4320
39221 3070 44598
39222 2490 28307
39232 1560 75562
39233 1360 91657
39321 4440 39190
39425 700 87836
39510 4585 60086
39515 760 25667
39568 4380 12147
39603 1390 95737
39624 4915 73264
39651 630 76495
39683 4260 21106
39707 3660 24128
39715 1400 12807
39757 265 41295
39762 2760 92900
39785 4395 48451
39795 740 38617
39918 920 96007
39928 4360 49348
40079 775 84271
40083 3640 95293
40100 970 53805
40129 2970 98615
40159 580 28651
40199 810 25639
40303 1795 73364
40309 200 9633
40345 1840 19437
40370 1205 21490
40411 4535 17446
40473 2185 19785
40485 4070 56091
40493 4920 96838
40500 4415 94681
40515 4425 35446
40570 1565 93818
40588 165 85433
40595 2985 50763
40632 4000 97570
40636 4325 76065
40688 550 15148
40703 460 95358
40704 1770 8407
40717 525 10889
40720 4385 86073
40721 4855 19052
40732 1980 85257
40776 3205 34210
40891 290 93945
40898 1735 80511
40921 1545 67962
40921 3455 14235
40939 4705 58206
40950 485 66373
40956 790 51130
40985 3575 41484
40987 2735 64378
41035 2120 1127
41063 3750 60008
41083 4930 88029
41101 4590 21731
41182 80 11689
41188 4170 72953
41219 780 44681
41238 3615 21517
41244 3460 59095
41268 390 80278
41287 595 46807
41303 440 97848
41308 2520 20
41326 2665 7795
41351 1995 28494
41358 1700 44666
41431 3620 22709
41453 2625 77361
41468 2190 79147
41484 1195 86822
41510 3835 97023
41558 2680 7418
41738 2690 39433
41765 3215 27923
41773 1160 61789
41775 1835 31535
41777 4045 96565
41792 4815 44837
41861 4670 83818
41880 1200 8276
41882 3785 90576
41993 340 81575
41994 2530 94508
42002 4130 58348
42030 4330 55658
42044 3485 68935
42066 1485 9646
42083 215 10907
42086 1665 12724
42089 2280 35916
42112 4075 78676
42132 1135 41186
42194 4080 97130
42226 2645 70020
42228 725 64805
42231 245 45404
42256 1535 28822
42259 1085 59534
42355 255 95632
42357 3315 50060
42419 2945 38060
42510 4665 66135
42565 2980 60782
42578 2265 98948
42613 3995 94540
42614 1065 60954
42633 1540 58677
42635 2290 85922
42644 4390 59806
42657 190 56117
42686 3365 93235
42697 3420 23497
42745 4060 23810
42751 3740 77486
42795 2990 19433
42849 3265 50721
42976 3935 15768
42976 4205 82520
42989 950 55508
43013 4985 65766
43114 1495 15084
43134 4075 58193
43180 2590 5163
43192 1020 38855
43224 105 81101
43299 4590 39349
43301 1695 88987
43334 185 26048
43336 280 5699
43360 150 16395
43577 2160 32350
43623 4165 4629
43641 3965 88116
43660 4350 28859
43697 2925 62415
43709 4725 10457
43748 460 94044
43799 2895 84173
43871 2435 36441
43875 1050 31766
43893 2365 33446
43944 3830 1376
43971 3775 65888
44015 4900 37057
44052 3460 26811
44113 1765 11716
44114 1505 31683
44130 1910 37376
44243 2325 98743
44327 4715 8324
44349 1435 5253
44358 4320 34503
44362 885 30351
44407 70 30689
44442 1790 92638
44447 4110 97517
44468 75 42444
44479 1450 760
44535 1095 86527
44574 110 24407
44577 2540 6812
44733 1480 19582
44735 4160 52244
44801 3375 45241
44880 665 51123
44930 4385 26033
44953 4015 64310
44974 2330 40167
45020 4030 85791
45052 1870 74587
45172 2090 86340
45217 3880 66611
45252 4115 46919
45295 1795 89721
45301 1255 41238
45315 1580 39468
45363 60 71120
45366 2150 92471
45417 3325 41040
45455 2475 29221
45563 125 83084
45577 1130 77687
45577 1470 8210
45616 4525 99108
45623 1045 32566
45627 1560 75520
45636 2060 65480
45703 635 22484
45748 2805 54463
45753 4475 95325
45776 3020 67651
45791 1275 6023
45802 3760 13222
45809 4530 79872
45810 860 71637
45841 1925 61178
45870 1060 63305
45963 2275 8333
46006 210 87433
46022 3540 1382
46108 3480 99680
46150 1775 8743
46173 3230 70685
46187 1915 45165
46194 4410 53601
46217 3985 68469
46250 2880 58604
46263 990 82644
46272 4540 64972
46325 20 17866
46342 4275 68258
46353 410 27504
46359 2890 89112
46372 100 22536
46415 4050 36745
46428 2545 82337
46428 2805 74678
46444 905 7344
46500 3295 83356
46511 3220 11153
46529 1965 80628
46543 3320 57315
46644 2500 16654
46666 2255 48204
46680 645 84661
46704 4100 82949
46753 4465 10839
46808 2090 73816
46819 2435 63792
46847 1300 41580
46877 2845 59456
46915 905 38283
46937 145 76184
46983 3215 17996
47118 3335 62506
47139 975 62690
47151 180 96191
47185 1705 20928
47201 1620 37040
47228 715 15601
47244 4750 92222
47272 2380 32596
47290 940 19777
47290 2855 98476
47315 4245 62704
47320 2645 45834
47375 560 9002
47423 3010 27306
47424 3555 75716
47474 2635 49731
47499 995 49465
47506 305 53751
47515 1805 29429
47579 2935 33093
47634 345 64077
47663 2555 91696
47713 75 49911
47745 3420 59723
47801 2460 5441
47814 625 48191
47831 1960 68422
47858 85 70726
47880 2490 10349
47937 3405 13563
47946 2965 9891
47964 3960 24569
48076 2495 1019
48128 295 84029
48163 2545 76036
48176 1560 4610
48201 4870 22969
48204 4345 52342
48223 1930 61224
48274 1370 76620
48284 2360 68984
48399 1660 98745
48413 2285 40591
48437 2190 64905
48449 3445 90226
48546 1830 75615
48612 3370 74940
48613 945 88756
48627 3390 56976
48645 4950 28053
48666 4680 75377
48681 725 8768
48693 2515 94952
48710 1235 76741
48723 4555 98599
48748 1565 19395
48779 2235 32540
48842 3820 60907
48849 2375 91081
48853 255 66007
48892 3850 46213
48897 1680 1462
48924 2215 16978
48934 2960 73120
48950 2235 83514
49004 1685 5988
49039 2750 62407
49100 2525 96958
49159 2830 5833
49165 1325 12690
49169 4985 8191
49170 3660 7550
49267 665 9456
49270 2135 4181
49296 4045 70460
49310 480 16846
49327 820 90952
49335 2160 26697
49348 1610 63286
49365 1020 72496
49385 4430 49275
49450 530 41996
49521 2580 22100
49647 3110 55061
49652 500 92754
49653 4080 9569
49763 3875 74067
49780 550 41929
49809 3385 3237
49809 4750 61487
49820 2455 28494
49853 1725 52989
49853 2115 38984
49954 4850 18282
49957 4910 13961
49963 1620 21285
49989 2205 51465
50008 1045 39652
50020 2755 46426
50128 1390 46536
50141 2435 61037
50156 335 67745
50178 3525 74792
50284 3160 58217
50287 2460 68364
50331 4935 24832
50395 2615 90605
50434 955 99029
50457 3635 73838
50474 4665 75166
50478 2455 97852
50532 2495 29125
50563 4055 73402
50716 3765 97249
50723 1675 68959
50752 4730 37058
50778 3890 80279
50792 100 98158
50816 2130 28966
50841 4175 50603
50863 375 38567
50885 1775 17492
50924 1850 31756
50980 1635 76279
51005 3300 96777
51022 765 89119
51051 1445 45250
51080 2225 55597
51089 4215 6653
51093 535 93008
51166 3845 9416
51210 2735 18876
51219 930 17486
51235 4500 6940
51266 4490 89323
51321 4095 34106
51336 3935 86434
51342 4855 50788
51398 4845 49644
51403 2195 11386
51415 1100 3706
51489 225 19177
51538 1255 88670
51561 3175 2554
51563 1890 70827
51619 4640 34901
51629 2800 83404
51631 3570 32183
51635 4190 69394
51661 980 82290
51667 1585 87145
51668 3195 65761
51689 1645 45639
51695 245 49040
51702 3060 80501
51704 1825 18386
51709 2800 84849
51745 1165 21157
51764 2385 95707
51765 1520 25911
51768 845 83236
51809 625 32005
51825 3510 26243
51876 4025 14883
51940 3365 86951
51967 3225 49125
51999 3825 38452
52011 810 70848
52031 1970 79333
52061 90 78976
52082 4400 10287
52108 2790 93082
52133 2650 37866
52144 4200 19613
52205 3845 64496
52257 1185 53323
52301 2040 62056
52307 3750 93166
52309 4145 10202
52310 4840 2945
52350 105 24913
52457 470 39145
52483 2710 66411
52511 4765 29670
52514 4300 40414
52582 1990 15883
52594 3450 44968
52628 3020 16275
52640 395 60353
52644 2150 81383
52678 4655 8405
52726 2535 91995
52727 4405 60348
52797 270 71472
52800 2700 89673
52811 1905 73431
52833 4185 37213
52836 1285 33073
52838 4740 55138
52846 2395 44627
52864 4225 23197
52877 840 36736
52914 4680 60352
52927 4350 63982
53008 4795 7144
53032 1685 57473
53061 2345 4820
53063 895 99838
53073 640 34639
53121 1815 35991
53150 3600 82381
53185 1225 98369
53195 3940 29120
53200 865 32626
53223 2265 51111
53287 3515 52231
53402 3060 19155
53404 3005 30270
53536 2740 36170
53581 980 68047
53604 3915 50576
53695 1125 78353
53705 2240 57598
53772 1710 18945
53797 3740 4330
53849 2135 90236
53865 230 56275
53968 3155 74515
53979 4255 29282
53995 800 70752
53999 3925 96789
54009 4440 74121
54032 1275 6717
54167 50 73916
54209 4040 39440
54230 1280 98190
54234 330 27902
54304 360 20482
54320 900 12930
54324 4225 30880
54409 4760 22564
54457 3400 86716
54467 4260 25459
54541 2885 93095
54544 1290 63217
54591 3890 40695
54660 2945 24634
54674 3250 83396
54720 1600 23327
54729 4635 86305
54738 1665 35411
54763 3010 61141
54779 1985 45376
54810 4010 93349
54817 4610 68244
54827 865 28834
54876 4945 41467
54907 2905 15387
54986 2715 33294
55012 2305 6439
55027 250 4191
55047 4595 65958
55084 4570 85219
55178 2075 47826
55341 2635 98294
55361 2055 65350
55391 2875 53794
55490 2300 32839
55536 710 30345
55561 75 65937
55575 935 17384
55591 4860 53590
55606 1885 17687
55698 4265 35992
55760 3410 41264
55773 2845 86714
55778 1325 29416
55839 3490 87051
55847 1445 69856
55877 680 94997
55889 3895 53906
55937 4310 37332
55968 3265 75368
56055 3485 31282
56067 2895 57888
56072 4650 76779
56087 1945 98567
56128 3880 25862
56130 4550 3717
56177 3735 83970
56182 2710 56715
56221 930 79076
56259 4435 58807
56278 3330 39990
56332 140 99297
56440 2015 81313
56445 585 83268
56470 3685 5018
56480 3495 15434
56519 1315 67324
56525 2970 70889
56546 4690 33839
56562 2765 17597
56562 2865 54441
56567 2660 81270
56572 4495 8180
56657 2345 38851
56677 3500 25960
56753 910 24780
56754 4355 33933
56786 355 35943
56825 1680 37188
56826 600 43367
56870 1740 28542
57001 4130 13039
57010 2050 55437
57015 215 72976
57037 3485 73463
57041 245 57194
57053 750 87749
57066 195 46360
57126 4755 17525
57172 3685 38119
57222 3025 10154
57228 3345 40323
57254 1940 23979
57260 2205 39240
57268 2265 38884
57367 3915 48101
57398 4720 59940
57434 1285 44539
57434 1595 5128
57444 975 99607
57481 4070 82361
57506 3490 49051
57512 1195 43021
57537 3700 54414
57573 700 81063
57618 525 50769
57620 1605 17810
57643 1150 88589
57684 3075 37701
57701 2275 76956
57708 555 2092
57754 4970 13234
57789 2125 15671
57915 3930 14607
57925 4285 13202
57956 2180 63383
57993 1240 3633
58024 4635 20930
58039 2010 9885
58070 4265 90933
58089 4125 32688
58146 2895 81183
58160 725 7664
58187 1130 88096
58204 1140 79702
58246 3150 7834
58261 15 73458
58271 1070 34
58276 45 4780
58282 2760 58711
58343 3010 28936
58395 1080 31666
58399 4625 367
58510 4145 98734
58536 855 93077
58565 25 87202
58611 3765 46199
58643 4560 97946
58691 4895 25092
58725 1475 18095
58727 1895 44780
58729 3300 6073
58731 3410 49097
58738 1565 45103
58786 3220 83841
58875 1745 58324
58984 760 53638
59008 3910 10
59036 4510 57118
59046 455 94482
59064 2725 85336
59127 2180 40964
59130 3045 63658
59150 3185 32295
59173 2790 92398
59187 4040 25978
59210 3990 92768
59227 2535 89984
59301 2585 56961
59306 665 2820
59388 4230 81131
59441 235 70360
59571 3365 34846
59585 3350 59233
59649 4365 51763
59702 2025 41118
59714 2720 3662
59801 2885 29861
59844 1090 4133
59871 675 89466
59874 1040 7230
59928 4475 28703
59937 3110 76430
59951 435 7218
60022 4700 29447
60070 3815 40874
60097 3465 47056
60168 4720 44493
60201 3130 14567
60238 1215 87933
60254 3800 94788
60343 3340 6765
60426 3220 82996
60427 2195 55259
60434 3885 89476
60455 1760 15626
60468 2195 58347
60471 4980 58825
60486 1840 39375
60529 3130 16452
60545 4545 97863
60587 2260 64384
60638 580 39179
60698 2705 25780
60723 1870 1057
60760 3535 98343
60792 4900 655
60844 3610 67013
60891 1860 46530
60926 3855 86636
60929 1180 65703
60981 4410 57900
60992 4955 21854
61010 4165 78469
61020 970 48061
61023 4870 2963
61036 650 94402
61048 2720 79972
61054 2275 3311
61074 500 47816
61083 385 37908
61107 3330 35512
61116 35 93173
61123 115 5176
61165 2375 87439
61224 4375 85208
61226 4710 41199
61280 405 59012
61297 2810 40637
61306 1545 54014
61420 3230 53751
61488 4220 94990
61660 4615 16294
61697 3315 29569
61697 4600 79026
61706 4905 88315
61730 1505 68749
61732 4080 72243
61778 4585 21212
61780 2270 18473
61819 3775 75763
61864 3615 8590
61916 4495 69867
61953 3015 6765
61972 1170 51190
61973 4675 21371
61977 4305 85905
62147 2030 27950
62169 805 70743
62171 3745 47133
62241 2730 49539
62320 3035 31341
62321 2505 32326
62364 2055 83742
62371 965 38162
62404 3920 32668
62410 1945 4571
62440 1765 40770
62494 2000 58586
62501 3550 47819
62593 1945 93291
62669 1440 9949
62671 3940 87609
62672 1320 83529
62680 3405 59130
62705 510 90668
62742 3470 19643
62775 3380 46051
62825 4670 96997
62837 1630 75881
62889 3455 91201
62940 575 88457
62972 1825 86447
62995 4245 7106
63032 4700 66140
63066 2850 82283
63218 4105 66076
63219 1405 63489
63254 715 96728
63264 4545 36694
63270 3040 75762
63270 4435 5128
63284 2835 31424
63293 1050 46037
63453 4800 4166
63545 655 79196
63549 465 48981
63554 4620 81128
63579 1610 7320
63677 4580 96820
63822 4120 22913
63837 4660 21862
63869 820 53205
63925 1335 73946
63954 510 87297
64100 4335 59890
64206 785 73614
64284 1195 51332
64343 4220 50201
64427 920 14024
64468 3040 15712
64473 285 20378
64564 1475 14603
64579 2405 95973
64674 1190 32574
64695 1355 51619
64698 4975 9149
64750 1670 95980
64780 1365 99277
64789 695 81476
64884 3975 38991
64985 3650 36443
65062 3790 43684
65076 3320 33681
65158 4255 62420
65234 170 94283
65238 3185 90202
65306 1455 46770
65309 750 55708
65327 1005 12853
65329 4980 30092
65455 2295 78582
65488 1255 76634
65540 2750 20718
65554 2365 12158
65557 4835 5885
65565 915 42961
65587 3880 9984
65602 525 89102
65611 3585 3202
65624 2010 67770
65632 2330 90573
65637 1105 4472
65641 1955 62653
65729 945 57835
65759 1230 68237
65787 2270 95587
65823 4100 76757
65842 1590 50278
65883 695 34257
65889 4925 55502
65901 1855 47498
65964 750 10886
66034 2410 90682
66039 4665 66082
66042 3625 88287
66046 430 20455
66052 720 51231
66071 1660 69227
66089 4920 89066
66149 2775 82376
66162 3315 65572
66194 465 80415
66196 850 67332
66321 1670 64130
66346 2500 12568
66415 1395 71326
66417 2670 54821
66458 1205 57771
66464 2550 16415
66467 840 14507
66491 3180 32661
66505 1975 36589
66590 3710 13293
66606 1595 72539
66644 1980 82665
66648 2170 95931
66739 3825 92501
66824 1095 46292
66903 2840 86723
66918 4615 79635
66920 2420 38982
66997 705 44575
67001 3235 98136
67028 915 91009
67099 3405 29158
67100 1015 19391
67121 1700 31774
67136 2725 39053
67175 2830 31582
67242 4425 13422
67256 1305 50854
67309 1305 76833
67313 1645 48590
67334 900 92850
67334 3005 48338
67341 280 19303
67351 3170 93430
67417 4370 46716
67419 3355 74220
67464 2995 59603
67486 2510 48896
67583 3240 49397
67610 835 73522
67659 3955 47461
67670 165 53072
67722 5 26060
67778 4310 90202
67792 1765 63243
67805 1880 85984
67840 3525 21433
67873 935 55405
67887 170 36408
67897 1030 86081
67933 80 72901
67952 1585 68540
68010 210 20466
68044 1705 64457
68072 3150 12438
68097 4235 99240
68124 2650 81703
68132 3465 21761
68347 4270 99412
68365 3020 76812
68373 2245 94827
68382 2250 1046
68419 4340 93326
68432 785 425
68445 1430 45073
68464 2595 90468
68483 4455 68091
68502 1540 59184
68519 3030 87013
68536 2570 90939
68551 2765 24645
68573 620 34581
68589 2410 75224
68589 3090 12675
68641 3555 7642
68646 4555 63175
68687 2810 14871
68707 4485 92221
68826 2825 44409
68865 1790 84640
68971 755 10855
68993 2165 63747
69036 4760 19500
69053 1500 22832
69066 90 38581
69085 490 96709
69093 3190 36983
69099 4735 3981
69116 420 32804
69127 4545 39838
69132 3785 20813
69144 1295 17092
69185 285 99770
69220 345 18735
69243 3000 9837
69279 3830 11322
69299 925 86160
69353 1425 199
69422 4170 92973
69487 4950 27116
69496 40 85789
69521 1360 97556
69538 4445 85968
69568 2450 36353
69635 3070 57550
69657 835 14532
69693 3400 87718
69710 2815 87121
69714 3945 86390
69754 2290 4458
69815 3745 98911
69823 2355 44306
69834 2145 54707
69839 2485 48738
69886 3770 34801
69997 4140 6223
70001 615 69711
70024 2255 45335
70058 2940 33763
70141 1140 69264
70221 1025 70599
70244 4515 84613
70254 4770 96199
70272 3590 57730
70301 2235 61890
70315 4625 54501
70319 3780 15702
70360 3725 5265
70412 2140 28878
70418 1535 76762
70422 1120 20767
70440 4520 59208
70503 3310 31358
70574 4805 45822
70593 1145 50018
70710 4700 54035
70718 2115 26059
70804 4535 11260
70825 2960 36235
70838 4610 29552
70846 1780 67034
70857 2400 76944
70878 4740 8090
70902 2995 70496
70965 3950 89984
71047 415 14033
71078 2360 13894
71099 230 57699
71168 4320 36158
71188 1850 63851
71192 370 10927
71250 855 69472
71260 3855 58994
71319 2965 47133
71357 4630 11089
71377 2230 50773
71381 485 98289
71405 3235 63219
71490 320 19352
71546 275 85038
71557 310 84795
71565 590 8684
71579 860 34504
71589 3965 3721
71599 560 35191
71631 4480 98623
71644 2620 47152
71672 130 13231
71695 2290 48632
71712 2870 87713
71721 410 1269
71852 375 14015
71862 1260 1102
71918 1615 69654
71922 320 37402
71932 4180 99885
71969 100 6293
71973 4755 49392
71986 4630 82217
72010 3595 25703
72041 2075 66816
72046 1445 49749
72052 3460 58620
72085 1865 91817
72087 3915 83858
72101 660 24152
72101 2630 73899
72137 4140 94113
72216 4235 13353
72229 2690 55047
72283 895 35163
72303 4240 51350
72316 4570 86678
72319 3645 13072
72385 115 97866
72435 1725 45559
72442 3965 87543
72468 2185 27405
72482 3170 43565
72488 875 2800
72506 3530 28516
72549 3195 10768
72588 4530 14658
72595 4155 60742
72625 4105 60955
72637 3950 84410
72662 530 40608
72698 1690 29414
72701 475 75827
72723 4020 22354
72790 1895 99799
72808 1605 66803
72837 2990 15108
72843 3735 27347
72889 440 7438
72893 3275 75852
72898 1490 13987
72935 220 62029
72935 4590 99
72937 2460 79073
72942 4465 13666
72999 2950 41356
73012 2400 94263
73053 3310 23894
73068 1235 17774
73070 165 19436
73195 2125 36047
73210 2430 78108
73253 960 98745
73262 2110 78482
73287 940 38001
73303 2255 52828
73354 2015 48082
73375 1505 21960
73385 4745 99310
73526 1875 2562
73529 970 67666
73531 1980 21404
73563 2155 10724
73611 1320 41464
73675 1435 53816
73699 3145 76963
73744 1330 54682
73881 1260 45757
73917 570 97201
73951 2560 34526
73960 535 49384
73980 3800 33951
73994 2905 77321
74030 240 39268
74056 4685 65375
74064 225 13843
74069 3885 52678
74124 3580 99081
74164 2360 83171
74216 4910 16802
74219 2385 3385
74230 1760 39081
74231 2545 99188
74241 3705 80263
74294 4945 53228
74301 2945 2822
74319 1215 49124
74337 380 10227
74360 1675 11270
74438 3200 65046
74460 2280 19437
74465 1450 63820
74472 235 10265
74474 1405 29826
74518 3510 41797
74552 2325 61126
74565 3555 64455
74654 3285 63176
74665 2385 65280
74677 4945 5035
74730 655 54161
74791 220 757
74829 20 9966
74830 1530 74039
74857 1185 13659
74917 4515 73371
74947 2960 29149
74976 1325 22485
74999 4995 44747
75004 1415 55189
75010 1655 12984
75034 2400 43975
75046 1950 24963
75064 4775 80637
75100 1250 57687
75174 2440 76646
75199 3655 67185
75203 2320 57980
75222 2920 5330
75249 4995 85828
75250 1785 98731
75427 3125 67908
75464 610 50423
75471 300 29935
75471 1025 82128
75483 2655 59024
75491 195 92975
75562 3605 63844
75574 4960 45904
75635 4040 71405
75645 520 3762
75645 2285 46098
75666 1970 90965
75758 3050 92303
75804 3995 97927
75828 3210 16042
75844 805 68760
75873 80 85318
75883 2210 79143
75941 3585 11588
75995 2390 86427
76019 4510 83341
76031 5000 79762
76058 3530 81692
76068 2560 74913
76228 3425 93884
76348 350 79041
76362 590 85478
76385 5 98006
76520 4250 64912
76577 965 33984
76612 1400 33574
76615 325 88630
76650 1740 66241
76704 1200 81189
76724 2000 46862
76747 655 17678
76771 4295 55204
76801 1055 17607
76814 1690 39672
76827 995 97554
76864 4915 20495
76890 3095 48255
76973 1385 74414
77032 1110 26767
77049 3610 49396
77179 3650 59913
77189 4390 67291
77197 405 76254
77214 4190 52404
77257 2715 55778
77289 1630 38562
77292 300 78413
77302 505 22573
77524 95 46225
77545 545 50107
77632 2700 22760
77640 3530 19509
77693 3255 55224
77699 1145 26693
77729 1650 54564
77826 3780 45913
77845 4380 9449
77936 45 18645
77950 2405 48730
77950 3055 70456
77995 4685 85141
78022 2315 7653
78032 2005 31198
78060 1855 93500
78061 3695 2274
78153 2510 98424
78240 1650 87206
78296 2885 84705
78300 2050 54008
78351 3080 62697
78363 20 1265
78368 4570 98096
78375 3760 57883
78391 645 63482
78395 2085 18451
78402 3690 64409
78452 415 7835
78504 4780 67922
78533 360 14251
78543 4050 24283
78560 1055 48530
78570 1905 51386
78595 1860 39350
78670 3545 68519
78682 495 9296
78685 2565 72972
78722 950 49674
78722 4030 60538
78723 2380 67862
78767 4800 26363
78807 3920 46526
78935 2780 4062
78953 2910 19010
79012 1085 97389
79108 635 98544
79141 3200 47588
79146 2950 50633
79159 2520 67575
79175 1335 19317
79182 2500 22221
79281 3495 56193
79291 1720 46016
79302 4135 71905
79337 305 11412
79362 2525 49508
79387 3980 15720
79419 4150 22388
79514 1485 70832
79531 4210 95590
79548 3790 24922
79577 4690 11498
79615 3040 57991
79631 2065 43693
79673 3165 47118
79708 570 7053
79740 1230 94774
79742 2035 15887
79770 3160 65619
79775 4230 25031
79849 4345 59632
79860 3015 33816
79955 2975 73411
80033 150 34236
80111 4970 28725
80115 4900 39688
80158 1100 40255
80167 3130 33274
80184 2395 32817
80191 1185 97770
80214 4845 87919
80231 3350 61469
80247 1550 60334
80259 3565 78470
80280 2175 14278
80333 520 68985
80440 2710 35468
80450 615 19792
80499 4525 20560
80502 2415 96738
80541 3990 30223
80560 4960 50604
80565 185 44290
80597 1060 88822
80604 3800 59501
80637 4060 3131
80674 2880 8000
80708 4215 82236
80726 1265 99365
80734 4895 87236
80751 1925 76125
80870 1820 43205
80887 2640 37974
80896 1935 44931
80905 4355 3474
80912 2930 45307
80920 125 27329
80960 4290 26411
80995 2220 81667
81082 425 41304
81091 1855 55372
81099 4420 73234
81136 1315 15631
81182 680 90696
81184 2420 1993
81202 4695 35153
81206 1990 63117
81207 4370 81858
81213 2355 65743
81231 3515 95916
81234 3855 4670
81238 1340 92947
81294 3635 75537
81299 35 40269
81310 340 79914
81361 3840 15972
81380 2595 3556
81398 770 14012
81440 4105 2713
81453 3795 38811
81459 3235 74190
81535 605 12328
81556 3755 15394
81567 2905 58199
81607 2150 97287
81635 140 51995
81652 4920 8337
81711 1010 37020
81726 1005 14986
81804 3135 87504
81843 3360 21040
81858 4905 595
81867 3990 90848
81895 1415 51159
81908 580 11317
81917 2345 94852
81931 955 71031
81953 4650 3662
81955 3135 21748
81976 2415 57327
81984 1915 71356
81984 2865 17149
81991 2625 78885
81992 3095 31099
81997 1330 85653
82021 3810 876
82066 4195 79413
82121 1240 36523
82233 60 85756
82237 3710 23531
82297 515 81717
82324 3610 19836
82355 3210 99753
82355 4940 94595
82373 2480 7854
82394 3035 38839
82396 3445 44837
82416 3280 61794
82424 2425 27507
82511 4890 73390
82512 1500 17049
82577 1410 60532
82649 1845 86378
82715 985 47912
82790 475 99871
82891 3245 45636
82897 3680 41770
82909 3100 93031
82936 565 83987
82945 3000 32568
82968 4135 96190
82995 2370 30528
83066 3160 44500
83082 1555 97929
83090 1735 86966
83108 355 93391
83134 30 20710
83173 4600 32187
83185 4625 19295
83210 2370 14803
83242 3305 77393
83273 330 51584
83273 3100 88310
83321 1070 44059
83329 4940 16854
83380 4415 63892
83412 4275 63891
83439 3755 68885
83449 3600 48304
83502 55 75294
83513 3515 4882
83524 3745 60811
83550 1035 99569
83676 3215 17756
83693 2930 27647
83731 4550 85786
83780 3670 19623
83824 2685 2452
83864 2530 33944
83865 350 63919
83898 3375 95013
83909 3955 9752
83914 4580 34837
83922 1930 73199
83940 1555 55883
83982 830 43929
83988 390 32421
84028 1480 57746
84037 3715 31924
84061 3490 87573
84071 3885 55570
84080 3910 77002
84132 450 69350
84139 4770 43858
84240 2465 42271
84265 3030 97797
84294 3110 49171
84296 2700 25081
84373 1915 85368
84398 4905 64962
84442 575 8945
84457 4675 58360
84472 2685 19910
84488 3500 86032
84524 3090 46610
84611 4555 62057
84690 1250 9913
84707 4285 14841
84718 4955 81907
84763 2600 55908
84814 610 38892
84814 1150 71222
84881 1905 91135
84897 4840 39334
84952 1495 77325
84993 2850 22446
85008 70 11526
85010 1265 15330
85038 4695 10531
85103 3305 13477
85180 2770 35671
85257 4225 58152
85268 3370 49606
85274 1695 64187
85283 4180 17652
85303 1300 8816
85361 4880 74984
85388 4170 97448
85569 1045 55521
85681 1780 60525
85730 795 12260
85735 1175 12759
85742 4135 37347
85759 3420 21007
85882 2770 62918
85894 4165 67969
85931 3360 67256
85940 4270 51927
85958 3930 5897
86000 1395 94465
86001 3605 61907
86006 3630 33185
86042 4315 52148
86087 3500 99432
86109 4280 76305
86155 4670 70836
86183 4015 30729
86255 1880 20563
86289 4875 86021
86296 435 73278
86304 3480 51939
86311 65 12803
86337 1640 41060
86337 2900 77060
86379 1015 39693
86384 4010 50240
86391 890 27088
86407 3900 51853
86435 155 93382
86474 4460 77475
86534 50 81393
86551 1535 71407
86556 4830 63861
86561 4375 42876
86623 2575 12372
86628 1090 28689
86637 4210 1564
86647 1240 16335
86650 4180 14300
86705 3730 85891
86705 4865 18340
86706 2745 23401
86724 1875 20698
86741 2565 86058
86753 1690 36552
86866 3920 55351
86964 4565 38396
86997 3380 74907
87033 4640 84506
87049 2080 82497
87054 475 84075
87054 3190 11767
87069 3065 14414
87070 2320 38192
87090 4710 68234
87122 4825 27205
87211 2140 36344
87219 2430 96164
87219 4690 21716
87222 3980 27134
87226 3120 26523
87318 2140 71667
87357 4090 82777
87359 3755 41755
87369 4535 41536
87398 1605 83353
87403 2590 15907
87415 1955 73032
87437 2015 16860
87450 3070 67996
87505 4710 49667
87527 4995 96716
87528 4420 1990
87536 3810 25792
87567 200 67693
87670 4505 63492
87675 4210 39665
87714 10 45201
87732 855 49431
87752 1290 49016
87814 1365 36439
87820 680 67535
87843 885 56004
88070 3570 39785
88108 1580 76736
88131 615 4362
88171 4960 42600
88185 4730 67725
88187 4055 81400
88204 370 95873
88246 2175 87647
88250 1960 10635
88310 1820 46791
88326 3565 60555
88338 2330 44209
88355 3525 33524
88392 3205 84334
88429 1510 11371
88435 2575 63222
88465 4870 63992
88470 3210 13032
88519 3250 79692
88549 685 61549
88559 3375 92675
88603 375 50016
88614 2950 76249
88645 3410 9518
88651 2250 3809
88663 1355 32454
88665 4470 2264
88682 2550 97477
88820 1375 13348
88839 4485 79777
88900 3815 32722
88934 4175 87015
88956 3475 56150
88963 2610 94918
89004 770 97054
89007 2485 65354
89020 4875 83044
89068 1210 77641
89096 4890 11231
89168 3255 81900
89188 4450 72206
89244 1015 29596
89245 1550 82192
89320 2245 72404
89417 765 39031
89439 4560 9750
89494 4120 15423
89530 1920 14783
89548 3875 95512
89579 515 54024
89632 1180 26284
89647 345 23159
89671 4065 7572
89725 470 24381
89728 1380 2891
89748 2310 81834
89785 3390 36742
89798 4980 91895
89848 1440 40841
89849 1615 47121
90089 2260 9883
90208 555 97540
90264 360 30231
90336 1995 8400
90339 910 79990
90370 2035 63865
90421 3930 38379
90465 1755 28205
90473 4725 51018
90567 545 80844
90594 3970 7794
90666 4070 73221
90675 4140 92383
90726 2540 92158
90730 2170 46791
90734 3680 46636
90788 65 76487
90829 3495 51371
90842 3150 21085
90847 1755 4082
90871 1590 42420
90874 3125 57325
90920 3100 15195
90971 515 42252
91014 3585 58597
91027 2065 28472
91052 3125 79862
91057 2980 88154
91065 3345 32640
91087 880 71757
91104 3960 92667
91132 1135 99385
91185 1920 13909
91186 310 57357
91198 1600 96395
91205 3850 93816
91213 1620 26107
91227 2335 13197
91228 1910 34778
91293 3665 40986
91295 1390 70354
91321 2715 59875
91323 4605 36832
91400 1940 85048
91424 875 10650
91435 4510 7365
91440 745 27167
91476 4215 77393
91500 730 72809
91511 1205 20037
91530 625 38733
91540 4500 60035
91548 3870 4048
91551 25 2974
91575 400 30497
91582 1485 85385
91668 1340 59177
91794 4875 89950
91802 4490 61611
91806 2980 12202
91814 1640 77044
91814 4315 97882
91899 1475 97935
92004 4475 44366
92013 2525 52302
92020 1315 24168
92076 4840 71382
92086 3825 27914
92112 3895 85334
92117 2030 48994
92121 175 66528
92142 500 7021
92169 2690 23039
92203 520 89048
92229 3245 95877
92233 1955 17838
92313 985 35342
92367 2655 44609
92377 3860 68086
92378 3055 99346
92424 4480 12832
92466 3245 58303
92484 715 99776
92569 4195 33720
92613 1155 8949
92699 1860 40442
92743 2080 69390
92803 2225 37494
92969 3280 74160
92991 815 35611
92996 2380 89215
93001 455 41118
93030 2610 33903
93057 3550 96887
93068 1805 55367
93101 135 5385
93128 2630 3723
93177 290 33291
93182 1925 935
93204 1090 47844
93258 2735 3328
93320 2215 96641
93346 4280 45997
93384 3325 56597
93431 2580 94924
93473 4935 7796
93486 4620 16068
93493 4825 83980
93524 3720 63565
93547 25 43982
93592 440 148
93593 790 84704
93615 600 26335
93648 2030 86742
93689 1420 61150
93750 1050 11477
93796 2515 51668
93834 4505 55293
93851 845 79397
93892 1685 99687
93892 4925 74521
93964 1385 27435
93993 2155 84017
94080 2705 19511
94091 3940 17248
94140 2450 59039
94205 890 66879
94210 145 43220
94229 4240 98043
94320 3770 4302
94388 40 969
94401 2565 764
94424 1000 78370
94436 1280 63937
94463 2675 98527
94486 3860 51463
94522 300 29502
94533 3155 28360
94597 385 30934
94602 2095 80030
94609 2695 58731
94616 320 44134
94641 160 52172
94692 3520 65484
94733 460 90412
94753 2755 94703
94835 3505 2630
94860 2375 87089
94902 3085 4761
94978 660 5577
95024 2595 26392
95027 935 52653
95032 85 4948
95093 1895 64953
95100 3520 93388
95106 190 56620
95159 4350 63679
95174 4415 57593
95325 740 14380
95337 3835 60149
95404 2305 41028
95437 4090 99302
95455 2630 20792
95495 105 54982
95575 3750 23589
95611 2390 33677
95716 1010 74687
95738 1730 62400
95771 160 18092
95772 3900 27928
95783 830 36486
95814 2740 4658
95834 720 89866
95838 4065 11056
95839 370 95093
95845 3270 65582
95903 4220 13235
95917 1750 21370
95933 465 31423
95941 3905 62606
95984 3395 69848
96078 850 20117
96117 2145 29436
96159 4035 66462
96231 4675 8639
96239 1655 37191
96242 4810 48577
96261 95 91684
96271 670 9391
96318 2975 99109
96387 2585 42539
96406 4085 33940
96416 4780 90858
96429 4335 35786
96529 990 89420
96561 3175 24499
96583 1370 56137
96586 2245 65774
96601 1715 3136
96612 4395 45521
96720 3430 13413
96759 3570 6915
96763 4385 99164
96794 685 72045
96857 1245 46504
96900 1175 50756
96950 1080 43544
97034 2440 5317
97041 4310 35354
97063 2970 77659
97075 1110 64780
97091 3805 72912
97091 4345 53910
97186 1815 931
97190 1220 98510
97217 4320 50867
97226 2405 45671
97237 445 10006
97255 2420 31030
97281 3025 85593
97282 4235 92101
97287 1130 24141
97466 2000 88827
97472 45 84248
97483 2070 67033
97529 2760 39825
97600 2600 8788
97636 705 98967
97638 3285 46963
97645 2900 59308
97702 825 75909
97706 130 32225
97728 1265 30735
97841 2230 49039
97934 1585 98431
97959 2925 81430
98043 110 71237
98102 4575 67711
98131 1220 50698
98181 2860 26024
98197 2210 31143
98235 3900 1781
98272 2240 74875
98281 2875 37934
98281 4800 96348
98316 1160 83324
98344 2310 69968
98406 3015 54172
98450 1625 87933
98520 4850 14985
98545 4885 31795
98552 1420 85475
98557 2740 18564
98579 1145 38967
98598 3260 44211
98633 4000 11065
98639 4430 16023
98671 4810 96520
98711 2850 91984
98762 2925 41806
98865 925 43722
98866 120 70612
98866 825 13572
98901 3415 83540
98930 3580 13866
98931 3055 25713
98941 1800 91531
98950 4185 37969
98952 4615 50510
98975 490 31241
99041 4370 99773
99122 3360 88701
99123 2955 49286
99130 1410 18323
99132 1120 25953
99181 1000 83881
99194 3655 61448
99198 780 91009
99214 1210 24304
99228 2095 85506
99266 595 35227
99385 675 58502
99389 3095 54652
99399 1640 30732
99409 415 69828
99490 605 60893
99505 2830 5317
99616 2160 31880
99630 3350 7483
99674 4030 85721
99741 4640 66043
99746 2605 69581
99799 3165 95163
99823 2935 97042
99883 4325 16650
99903 2670 84779
99935 1025 11126
99959 3725 42757
