3000 10000 25126 32623
10 30 2308
34 190 24342
40 120 93116
125 580 3747
140 220 55812
154 170 26915
185 130 29838
207 430 74059
257 110 87317
285 300 27001
339 180 34059
416 350 70603
435 530 86995
447 10 86616
450 570 20417
469 460 30035
469 580 58552
478 400 35179
495 590 10936
513 550 8137
521 190 36463
533 210 38563
547 190 5066
569 110 38034
613 510 39862
619 10 36714
652 190 62765
670 410 69155
671 450 85288
781 390 78833
789 570 65452
844 70 24338
855 140 65025
1120 80 77225
1131 100 14238
1149 280 99307
1188 310 28731
1221 190 32789
1262 310 11019
1276 360 96887
1277 440 94828
1315 480 90980
1317 20 58827
1355 260 67470
1437 120 59507
1514 220 26988
1598 560 35253
1608 160 57467
1626 230 41807
1662 590 27753
1688 230 16564
1688 330 7813
1791 460 91787
1817 270 53338
1839 270 16390
1960 390 52793
2018 280 13002
2031 360 80198
2058 280 91456
2078 230 35261
2105 50 1102
2124 540 25674
2172 490 22324
2188 290 23313
2230 490 89260
2256 50 13828
2278 150 68744
2323 360 69630
2366 230 46284
2442 180 35665
2481 130 93684
2631 270 17658
2654 160 78161
2657 490 10669
2667 410 69774
2672 70 7031
2691 100 56681
2759 330 34134
2781 440 2917
2784 370 31
2808 310 83837
2971 590 16415
2983 100 22571
2994 380 59309
3010 60 81135
3021 320 18129
3030 480 25601
3180 210 29911
3180 310 31578
3214 550 37639
3259 90 28013
3332 220 61070
3341 250 87305
3378 500 2363
3382 310 808
3480 500 77661
3484 210 35777
3489 530 44279
3499 320 38940
3531 60 58517
3534 90 76734
3546 280 14300
3570 410 47890
3577 340 44985
3601 390 53388
3622 440 39262
3659 150 30914
3766 370 79908
3857 340 41221
3860 550 64109
3890 160 47683
3901 20 86328
3909 390 10475
3922 200 11821
3935 140 56310
3938 260 58826
3976 150 32995
3996 330 61101
4093 600 98727
4127 240 667
4146 140 71805
4157 230 31334
4172 300 86702
4271 580 56954
4272 200 58563
4324 490 49879
4377 300 75868
4422 440 13289
4449 600 53884
4462 380 28569
4462 580 42404
4482 400 7888
4588 290 96901
4654 200 9458
4696 290 60923
4722 130 3
4750 520 96972
4754 390 66032
4768 370 94290
4793 490 12617
4822 340 94242
4825 400 23477
4833 160 14436
4843 130 30246
4963 250 86180
5001 210 95638
5081 10 15916
5147 10 56153
5161 140 65851
5203 70 1180
5212 150 60892
5230 100 66367
5236 350 54866
5239 220 25652
5249 230 12416
5335 120 79665
5336 380 78046
5339 50 34033
5347 110 44746
5370 530 94765
5392 510 77996
5425 570 12158
5433 300 40583
5443 310 16660
5534 190 41642
5547 90 86723
5577 130 53938
5601 340 54388
5617 100 68380
5617 310 72851
5629 400 74689
5638 240 40388
5655 260 47056
5699 590 39118
5716 470 63381
5738 240 27249
5769 520 1405
5775 130 31803
5820 400 15616
5839 380 9444
5850 380 84548
5963 360 35099
6002 80 58720
6015 450 13940
6037 250 58113
6120 260 87308
6127 50 8300
6147 340 64398
6170 220 751
6187 190 10060
6204 110 66601
6241 530 67244
6271 410 79113
6321 190 39185
6343 20 85151
6352 140 17190
6386 380 52322
6402 330 85043
6404 500 63884
6443 470 26540
6475 30 37595
6518 530 55009
6551 530 31758
6584 90 57683
6726 280 61435
6780 70 29837
6792 450 45521
6849 550 29714
6872 110 47439
6885 30 6959
6902 330 41624
6907 410 99211
6954 100 11248
6979 60 88559
6981 260 94717
7035 420 39145
7075 310 21626
7115 330 86376
7138 450 18968
7157 270 1523
7188 590 13189
7253 530 86435
7263 170 60097
7265 170 17102
7316 180 39222
7323 70 62319
7334 340 34774
7346 120 82057
7490 70 61973
7490 270 73294
7507 560 34834
7532 280 30488
7556 560 2304
7580 290 16852
7599 40 60711
7724 280 27864
7828 440 84866
7940 210 20978
7957 420 52566
7971 20 82054
7974 80 27724
7974 110 65124
8000 460 6145
8074 10 9543
8079 540 83614
8110 600 33417
8136 540 35684
8165 240 56667
8179 370 12838
8243 160 95618
8244 280 36845
8356 360 21588
8373 120 75401
8373 400 66785
8380 340 11522
8384 10 71257
8394 280 25445
8424 240 70336
8576 220 45764
8591 90 27140
8617 500 47289
8676 370 5710
8796 520 99333
8848 490 95416
8858 170 17137
8865 250 7573
8875 510 50922
8915 460 99380
8929 410 34327
8945 110 58503
8946 310 85478
8998 600 28937
9200 590 55065
9260 580 35445
9346 370 37925
9365 390 41941
9373 310 48282
9377 420 21071
9378 390 50136
9397 420 52386
9449 470 7399
9485 350 16782
9488 400 77572
9489 50 2286
9645 510 13427
9679 330 25955
9705 510 88529
9721 430 68091
9727 240 81078
9800 580 419
9812 30 14722
9841 120 69257
9851 480 91499
9885 420 91060
9902 250 88069
9908 90 12573
10041 390 15392
10056 220 51870
10088 480 42044
10092 320 39486
10143 480 82822
10147 400 56800
10151 120 53398
10208 400 26675
10236 130 94677
10259 550 30955
10278 150 60002
10327 560 82810
10383 350 15986
10495 240 67997
10501 410 49029
10540 500 46159
10595 70 11154
10611 490 30280
10621 520 74598
10630 450 63266
10648 440 18033
10664 70 49190
10686 320 15778
10726 420 10845
10745 510 44458
10752 230 85589
10763 440 4341
10965 240 78524
11095 470 4304
11104 60 19948
11127 330 96311
11130 50 73177
11131 480 31423
11139 360 69777
11224 410 98286
11236 240 38882
11243 600 12424
11250 310 73561
11271 240 75763
11299 560 13565
11331 350 62157
11385 540 46534
11389 140 22601
11438 430 78038
11462 350 48195
11476 120 19502
11517 210 85739
11525 30 28777
11533 140 83026
11534 180 39706
11541 320 87802
11542 270 57700
11564 540 82526
11583 410 38666
11639 580 37411
11728 340 25425
11799 80 43350
11806 270 67800
11858 510 48493
11868 190 37604
11868 260 55537
11885 70 82678
11904 600 96752
11917 210 84761
11931 220 43361
11944 440 59176
11955 170 22018
12001 190 2959
12002 390 94249
12010 160 11522
12090 480 5132
12110 180 79740
12218 220 34875
12219 120 6041
12233 460 67191
12249 100 46580
12251 90 42277
12252 330 86865
12263 150 23213
12276 270 58503
12323 550 13796
12327 220 96751
12354 120 258
12552 60 81865
12587 400 83633
12647 30 34103
12661 70 78518
12710 230 62072
12720 60 15762
12733 150 1638
12759 450 44399
12762 50 53145
12838 10 55210
12872 590 52055
12897 380 41553
12926 360 17627
12996 100 91589
12999 440 98242
13078 430 21206
13092 140 58288
13118 250 848
13142 530 48337
13143 300 69977
13157 350 50043
13239 260 19897
13269 280 97634
13299 110 1044
13299 450 95011
13390 350 16450
13450 470 61879
13485 180 15670
13496 480 3195
13502 480 17973
13503 110 58217
13582 300 71371
13595 420 95649
13642 490 64869
13648 560 59993
13675 390 80605
13699 70 59960
13808 320 47318
13849 320 22371
13925 220 4757
13958 310 64762
13958 450 678
13967 110 40075
13975 210 3124
13985 350 32467
14042 200 1411
14069 280 13545
14148 530 89627
14235 230 61657
14247 190 84599
14269 340 82500
14297 140 18223
14317 550 69608
14353 60 9481
14378 350 94659
14474 550 75651
14502 500 84865
14581 30 14318
14593 320 7341
14666 250 78509
14668 390 71029
14693 50 73453
14718 600 87724
14774 600 65755
14836 400 28126
14837 150 7532
14860 380 65053
14872 350 5851
14972 560 90554
14987 580 4229
15008 570 59378
15085 550 76235
15107 560 93311
15143 520 34785
15169 80 53251
15322 370 37405
15345 210 91325
15379 230 52138
15407 50 58233
15418 210 75824
15456 190 53066
15460 590 22236
15471 510 29061
15486 20 60174
15504 520 59068
15505 140 12531
15531 140 66790
15548 30 56030
15564 290 21615
15565 130 47542
15567 270 86174
15589 20 35770
15613 500 65440
15619 370 55413
15657 190 32062
15677 120 88700
15718 470 95279
15753 190 3932
15774 460 7276
15828 70 60846
15945 50 77813
16001 540 8839
16055 520 81458
16070 290 92344
16130 140 74925
16176 460 54585
16232 110 16022
16252 100 66605
16280 560 67003
16327 70 92686
16328 160 48692
16375 360 6893
16435 360 32784
16443 290 29706
16470 470 37894
16486 380 98432
16498 460 90287
16606 90 30706
16612 50 18642
16620 260 78095
16639 330 24756
16677 230 20975
16679 410 6464
16682 430 35771
16700 430 25990
16707 350 26127
16722 460 2620
16752 190 49257
16778 460 41601
16791 470 90598
16802 210 19857
16822 110 1896
17015 390 65117
17023 130 71991
17057 440 81607
17114 170 35000
17117 560 35011
17129 590 78819
17199 450 38805
17255 240 56678
17321 530 32203
17359 600 89931
17380 150 20730
17397 250 92887
17397 560 2551
17413 390 98967
17548 290 59646
17557 380 67057
17617 140 57453
17682 580 54893
17780 50 63685
17786 400 3727
17798 420 4399
17816 550 49084
17846 130 34144
17865 580 6153
17871 10 31385
17899 40 2756
17899 510 33090
17962 390 64799
17963 240 35766
18009 600 55911
18084 320 49284
18114 600 89269
18130 240 53166
18162 350 32264
18169 190 51675
18241 490 3414
18257 120 54104
18296 40 42331
18322 330 60602
18334 420 32683
18356 520 16638
18363 570 87613
18375 400 87989
18398 160 36425
18581 270 4173
18654 80 6632
18726 470 48024
18773 30 12320
18795 430 49254
18836 290 8881
18865 470 90330
18872 240 76090
19074 460 39599
19158 560 43035
19349 490 22864
19368 80 33116
19368 390 7008
19382 450 79809
19407 90 63622
19429 50 87864
19460 510 33581
19514 250 66989
19533 510 7109
19588 210 34193
19590 440 42505
19635 470 34586
19662 360 56864
19704 130 54528
19718 160 2548
19757 90 88931
19802 160 79391
19810 520 96489
19877 480 99395
19878 240 98129
19935 360 59099
19951 360 32330
19954 340 58246
20001 500 72211
20049 150 29837
20073 450 31349
20107 210 75414
20216 20 39088
20270 120 69191
20314 190 97759
20327 190 96740
20348 120 91090
20358 240 81034
20461 450 80621
20476 490 64658
20478 240 26844
20551 120 36302
20560 300 51654
20570 200 88292
20728 530 88985
20746 70 93882
20761 420 67071
20788 560 35239
20911 190 25378
20929 480 77111
20953 540 77082
20954 570 1976
20996 140 66017
21007 400 69275
21044 370 22470
21151 10 10156
21169 490 89107
21228 280 76527
21390 550 97974
21402 80 52702
21413 310 35625
21455 310 52425
21473 60 16020
21531 250 4459
21533 600 11914
21584 580 41697
21595 420 33716
21635 310 45677
21650 300 93525
21685 240 93788
21720 510 75612
21727 10 62466
21730 590 90859
21780 450 48830
21786 430 42988
21808 450 12709
21814 530 67431
21855 370 74180
21997 600 39913
22025 240 57287
22154 210 42152
22214 60 51922
22224 320 84440
22290 400 67221
22302 360 89277
22312 310 9672
22340 60 40249
22392 180 38837
22425 530 6199
22463 50 95301
22465 500 54108
22494 50 66290
22500 130 99124
22581 330 584
22635 70 70025
22654 70 56554
22672 110 98930
22681 10 61466
22713 60 77195
22757 510 72989
22847 70 98478
22859 470 41266
22864 60 55781
22941 380 4303
22997 340 2230
23013 370 44617
23019 250 82098
23028 40 64475
23036 20 23511
23058 80 70705
23064 150 12423
23071 490 44252
23092 380 89660
23128 230 69335
23239 300 15008
23294 60 69025
23299 90 46908
23323 150 14693
23333 110 64391
23343 200 37573
23350 460 35544
23367 160 48382
23367 170 29847
23410 540 17448
23547 330 69345
23593 80 79783
23596 90 15230
23649 180 60218
23670 110 93923
23677 230 36535
23677 600 41393
23696 320 25888
23717 410 22601
23729 220 69556
23731 370 61634
23765 370 33086
23772 220 80121
23801 160 14670
23820 560 29637
23854 500 38798
23860 370 66431
23910 430 86593
23963 80 78332
24010 570 53492
24023 590 70576
24039 580 7784
24065 40 12734
24070 90 49968
24079 130 23677
24198 380 34106
24362 530 32882
24374 520 80202
24390 260 1241
24408 560 37233
24475 340 36841
24485 10 11851
24493 80 61596
24607 170 47475
24723 180 78919
24735 310 5057
24742 520 78402
24749 490 84199
24753 590 86985
24767 600 12282
24781 230 99690
24795 410 37763
24822 280 26380
24900 570 63060
24909 550 85666
24937 390 10610
24939 330 10938
25009 260 84609
25065 160 9588
25078 180 54761
25114 130 59722
25141 190 72117
25155 430 52333
25210 580 77009
25214 560 2114
25218 180 81591
25225 90 3718
25256 400 76820
25260 410 1744
25278 390 46006
25323 170 30684
25350 570 43863
25352 440 23960
25461 110 62994
25488 310 36850
25492 160 75539
25499 380 31221
25499 510 56614
25599 540 98000
25704 380 88047
25707 110 63727
25732 420 16778
25734 250 43499
25753 420 7305
25753 570 61133
25786 590 49403
25851 470 6419
25898 160 85204
25957 180 52285
25972 310 78978
25989 230 25686
26081 270 70728
26185 100 55164
26253 310 57768
26343 440 97326
26397 500 97200
26424 580 33408
26436 210 11897
26437 530 34864
26472 190 10176
26508 320 37951
26509 360 52010
26527 530 69630
26529 430 23775
26544 350 15107
26550 230 9510
26558 470 66770
26618 380 51060
26634 40 2432
26640 490 21638
26650 90 81276
26665 380 38399
26666 130 70674
26695 100 84238
26703 350 69921
26703 530 53201
26738 310 53732
26743 340 81015
26767 70 76718
26785 110 2059
26796 410 26459
26801 190 64598
26832 90 1052
26871 150 68159
26979 530 34639
27021 290 56412
27050 270 72456
27085 240 87030
27099 360 766
27133 100 12042
27154 180 67213
27181 270 25474
27200 370 85528
27211 70 451
27229 430 63390
27237 170 30174
27398 30 59116
27416 310 80134
27434 540 90606
27461 70 17918
27471 40 24648
27523 140 86040
27523 520 83327
27528 90 82892
27549 190 61861
27554 340 80536
27602 170 48641
27625 370 8899
27626 210 55782
27649 170 31129
27677 220 13871
27682 140 19779
27695 220 62716
27750 460 19776
27799 440 49269
27833 340 26490
27937 150 71782
27941 290 29561
27952 510 62539
27984 10 85917
28087 600 11264
28120 480 93563
28165 540 81738
28169 590 42279
28249 40 10328
28281 310 15159
28320 410 60342
28344 140 71506
28376 560 68079
28387 200 11663
28436 400 4956
28482 600 89152
28491 360 93772
28537 60 7011
28734 410 21070
28769 330 24619
28821 350 90480
28854 420 53666
28868 20 80439
28982 540 71015
28996 170 23997
29011 380 70467
29044 50 73182
29059 10 93416
29094 120 86956
29100 460 35847
29116 370 361
29139 290 94745
29166 390 7200
29177 210 94621
29243 440 50110
29245 200 16106
29247 430 18908
29248 130 18426
29250 410 70207
29325 510 32477
29342 250 94218
29439 20 35378
29461 330 5960
29538 160 36993
29563 490 89779
29605 150 88141
29718 420 63712
29829 270 74928
29849 60 58948
30007 130 61905
30041 520 67684
30046 230 76522
30096 100 78268
30126 330 11118
30127 600 69738
30129 350 15838
30206 140 97878
30245 460 29479
30285 590 75109
30308 30 43542
30352 310 55122
30398 600 23415
30453 50 32093
30493 110 42703
30493 440 7355
30596 350 3057
30636 20 9265
30644 580 20973
30709 160 25602
30730 100 17034
30733 220 94884
30746 420 340
30758 180 6545
30760 60 98290
30778 490 11353
30821 80 43895
30835 500 46793
30852 380 66507
30856 360 83063
30860 280 76272
30908 320 93184
30926 40 79894
30979 260 83266
30981 40 23412
31019 280 97800
31054 200 47106
31081 140 46917
31147 70 9593
31165 140 8562
31167 100 79541
31187 240 90520
31216 230 23534
31233 120 12957
31247 200 85234
31286 170 4645
31298 590 13579
31304 470 5583
31326 70 43480
31330 250 26518
31412 240 56947
31490 410 11799
31560 320 85066
31564 300 86416
31571 70 76775
31579 280 33245
31643 560 64009
31655 360 76712
31679 430 22256
31760 430 41914
31762 60 31570
31814 200 92853
31910 550 83274
31918 440 23033
31928 140 6820
31959 170 98605
31990 20 50771
32024 50 91737
32040 220 22975
32055 250 62852
32128 230 18699
32130 430 15033
32194 210 1750
32216 570 9523
32254 480 16431
32261 560 50626
32278 320 79970
32323 320 78173
32383 490 38656
32397 500 54921
32477 40 96517
32485 530 43356
32493 400 1860
32541 530 21913
32570 10 13830
32583 20 40741
32629 540 19054
32643 590 83817
32646 140 14393
32658 440 86794
32659 500 63820
32786 520 6609
32800 410 9217
32809 60 85463
32815 290 34212
32817 430 78821
32829 580 17573
32843 390 84490
32916 250 99890
32994 470 82927
33098 530 80012
33109 220 16813
33115 550 41050
33127 460 66116
33134 230 70696
33211 440 85539
33215 80 45121
33259 220 62584
33344 490 21504
33370 260 78483
33408 340 27027
33408 440 26615
33419 150 49407
33434 220 54673
33512 450 81240
33574 100 82944
33598 480 70409
33651 510 9128
33730 400 12168
33732 230 45980
33734 320 82967
33767 490 88306
33853 130 35425
33872 80 98889
33902 570 66265
33914 220 90018
33983 170 50385
33986 20 82397
34027 280 34906
34066 170 24047
34083 420 41214
34107 30 71136
34132 100 87556
34142 320 47022
34162 160 15074
34248 450 49342
34282 500 4641
34319 500 1507
34337 260 85000
34342 60 41756
34372 190 96720
34386 250 77047
34390 380 54224
34417 340 46651
34448 220 16900
34451 500 62454
34484 200 83652
34516 430 31584
34545 70 68380
34585 80 83589
34610 160 94995
34637 60 14358
34669 220 64644
34682 130 26298
34691 370 19406
34713 200 47570
34758 290 66082
34765 230 63970
34798 110 57378
34839 470 15095
34861 140 78796
34917 510 58986
34987 560 49894
35023 270 56720
35140 580 79229
35164 190 61934
35200 510 49000
35212 110 52340
35217 230 43947
35226 540 99665
35229 370 94414
35250 300 94260
35315 590 45530
35340 600 70925
35389 310 89480
35402 40 29570
35413 260 97968
35415 30 2970
35425 120 47370
35479 400 38608
35520 330 16302
35525 350 22127
35540 600 33211
35545 80 9825
35550 20 38670
35567 440 5748
35581 530 6443
35584 350 99515
35592 150 95791
35597 240 45494
35642 310 50399
35644 440 47751
35722 90 63955
35734 590 23390
35798 600 34106
35803 450 4714
35837 400 33970
35864 340 53387
35924 420 61770
36088 50 52732
36100 50 66557
36104 420 45626
36125 90 35027
36129 530 24633
36179 520 86877
36223 600 36499
36272 250 20561
36330 460 94189
36338 260 14077
36353 330 74896
36457 580 10625
36512 320 10368
36547 110 45218
36584 450 162
36701 10 96654
36701 450 3451
36738 150 65188
36739 180 5198
36754 320 83326
36773 420 88635
36782 110 38456
36792 420 25519
36795 120 83973
36825 350 73179
36907 300 6482
36916 480 5563
36944 530 33562
36980 150 40616
37002 510 12577
37082 200 38116
37101 490 66848
37125 30 15177
37130 520 83477
37158 540 98983
37173 150 60991
37205 300 21516
37215 110 50337
37255 480 33215
37289 460 93851
37338 260 42492
37367 420 14501
37375 280 77678
37407 500 10770
37451 480 9963
37476 190 75970
37492 390 12334
37522 110 81270
37591 340 50988
37593 40 4284
37600 500 81207
37623 90 98281
37725 270 6713
37728 570 88619
37738 100 88098
37758 150 21630
37767 200 49008
37805 190 3367
37833 190 82284
37845 580 25930
37896 300 59886
37986 10 93820
38032 310 29260
38043 50 62683
38091 200 77092
38102 240 22638
38160 40 37327
38160 470 82173
38171 290 85909
38175 550 889
38190 250 48896
38262 50 2131
38297 90 99392
38315 30 5049
38319 180 56256
38320 130 45539
38374 390 27743
38431 60 2130
38501 430 35522
38525 430 10695
38663 550 31701
38665 430 37588
38666 40 70079
38749 350 19915
38761 20 88780
38772 360 11199
38851 80 25505
38852 50 18113
38869 550 55480
38883 260 19029
38894 330 14837
38896 570 16010
38912 340 78674
38925 340 69179
39038 90 94620
39054 70 98878
39103 180 46516
39115 350 8192
39170 180 18553
39193 20 88617
39238 120 66338
39316 590 26987
39388 530 3684
39412 400 85
39417 460 98490
39419 60 76140
39424 350 72610
39517 530 76146
39650 440 36429
39694 500 60731
39720 140 25035
39729 180 34084
39786 60 50472
39806 120 16572
39809 320 79824
39875 90 27122
39944 100 96712
40088 80 53286
40140 330 21392
40143 400 89678
40251 70 32926
40275 250 15260
40311 330 47193
40442 90 59862
40450 570 17929
40460 80 69422
40484 540 43371
40505 280 8402
40543 220 82868
40569 240 24914
40581 310 23374
40593 480 18269
40606 60 17927
40676 100 64686
40679 530 79450
40685 360 37765
40686 430 5439
40696 370 11617
40786 430 9190
40826 290 83219
40833 210 43865
40860 580 97038
40866 170 96979
40881 260 28982
40952 10 64061
40959 490 18706
40993 570 73729
41057 470 14917
41068 30 94780
41094 200 54626
41181 30 16026
41181 170 13903
41185 300 38470
41203 600 23747
41260 540 82416
41273 10 32672
41354 470 17943
41378 300 92213
41507 270 19472
41561 270 57439
41584 310 21725
41615 110 32159
41638 140 87846
41675 90 6573
41731 450 83206
41802 250 98614
41828 290 68893
41831 50 61440
41868 550 25272
41877 360 77943
41909 320 2167
41912 100 63231
41939 440 57315
41946 530 85438
41972 210 62538
42011 200 28108
42067 240 70602
42095 270 24282
42105 500 239
42113 480 68572
42145 200 11098
42163 310 86363
42228 330 32423
42257 430 28056
42274 210 81821
42288 140 7235
42290 160 41212
42301 60 99114
42336 510 20770
42355 460 54331
42455 600 38590
42479 100 21700
42481 590 15744
42549 100 82469
42550 150 10450
42552 340 7302
42568 550 95243
42575 190 62810
42590 40 86140
42592 450 7798
42635 60 81074
42636 20 83837
42697 320 47630
42765 380 36648
42791 60 81348
42911 560 78452
42920 390 46786
42934 140 82699
42937 100 12375
42953 390 71960
42986 430 6122
42997 30 25442
43115 190 88451
43120 60 15067
43288 250 84412
43288 470 12724
43392 160 58046
43417 260 64488
43480 560 87824
43487 420 9342
43505 40 62034
43585 180 21335
43590 150 48960
43611 520 34205
43635 300 86063
43657 530 77445
43693 380 86119
43699 40 69899
43826 60 27396
43850 80 75097
43852 590 24636
43863 360 28848
43880 150 75417
43943 400 17098
44010 310 74061
44040 530 70267
44078 150 19172
44088 260 64642
44138 350 94939
44140 120 47483
44170 550 98424
44191 510 47527
44194 180 37982
44197 140 8432
44210 300 72952
44247 360 58399
44250 410 15748
44351 410 38717
44359 170 2011
44367 460 53339
44392 40 51360
44396 550 755
44398 100 44200
44481 560 36165
44540 180 21339
44584 560 92059
44608 470 83249
44612 240 28600
44649 520 28807
44673 590 39768
44713 450 80935
44745 30 54939
44825 460 98036
44832 30 55023
44848 120 23626
45005 210 88278
45006 280 99233
45011 360 76083
45107 430 94166
45127 240 41545
45161 480 57989
45221 80 5978
45267 410 35480
45342 540 54371
45430 470 96536
45477 330 38310
45484 150 2503
45488 90 26955
45574 400 66325
45599 570 32087
45610 50 78888
45618 130 39642
45677 440 19414
45749 370 49278
45755 40 421
45762 160 74912
45796 390 45813
45832 190 90934
45848 110 25343
45907 380 53226
45929 50 80937
45984 260 8733
46088 80 64275
46092 220 91987
46153 570 24869
46157 310 91561
46161 30 86289
46209 510 79036
46234 550 27319
46301 510 87632
46310 270 60730
46340 150 69964
46380 440 75292
46385 520 45667
46390 180 77272
46434 580 14568
46478 160 78967
46493 270 60428
46544 330 33952
46570 50 49428
46658 280 92183
46762 520 31313
46771 400 53072
46808 370 43597
46858 150 94418
46885 400 33257
46892 260 35220
46945 320 10815
46951 570 68792
46960 300 2592
47105 260 49701
47127 600 69282
47136 340 26877
47159 390 29274
47177 510 67185
47191 120 52687
47266 70 54045
47268 450 67708
47293 390 25005
47407 50 70497
47440 470 37286
47440 560 24419
47567 150 89318
47743 80 21438
47796 180 80190
47849 440 27911
47864 500 89145
47949 370 70665
47998 50 22462
48050 440 93904
48118 220 31676
48127 80 98734
48215 240 36027
48249 350 5189
48293 70 65431
48297 310 82565
48335 310 84727
48391 580 68533
48429 280 69846
48455 360 43759
48471 250 35140
48527 570 7832
48555 260 65244
48558 110 27864
48709 510 79575
48720 600 99340
48814 410 79981
48826 490 64121
48863 570 38635
48892 570 44670
48940 20 30294
48979 180 91064
48995 240 15592
49024 510 6328
49110 340 57321
49117 250 39780
49152 100 81557
49204 80 75578
49274 410 98716
49291 170 44747
49301 330 92527
49307 100 2568
49312 40 2576
49362 120 42651
49364 410 366
49368 60 74051
49417 370 5079
49448 480 3837
49490 590 95123
49521 580 47342
49586 410 90450
49601 190 73378
49605 510 32684
49657 430 64660
49658 320 5034
49660 270 87502
49671 400 29166
49679 500 58842
49721 70 78846
49722 540 21964
49750 500 36159
49859 370 84412
49877 270 16368
49940 350 47493
50011 290 74637
50035 140 12555
50065 440 36424
50102 460 70373
50113 490 81084
50178 590 31987
50222 220 74123
50362 240 18525
50381 80 76546
50404 590 69398
50405 400 96356
50495 450 46283
50519 400 41398
50582 520 39229
50623 210 37406
50693 490 16988
50715 470 33351
50747 460 46818
50763 90 17158
50767 400 19091
50783 300 58607
50813 260 33463
50822 70 40103
50880 260 95628
50897 570 84535
50913 260 90222
50916 160 47781
50924 240 94501
51025 460 33978
51044 10 30295
51056 490 60672
51070 390 60672
51119 260 60283
51133 450 25606
51151 480 15141
51152 570 52930
51161 540 71557
51179 100 46519
51183 200 47692
51187 460 6007
51210 300 32109
51244 30 77343
51355 510 38469
51365 390 19317
51379 40 82301
51400 250 74098
51401 600 40369
51405 360 14277
51436 80 32727
51441 250 92428
51657 400 46970
51669 50 49363
51772 550 76118
51784 350 82638
51792 160 13265
51810 470 79383
51832 440 87159
51849 500 64458
51866 200 15948
51873 380 95945
51941 380 11591
52012 170 38066
52038 30 2967
52044 580 12842
52050 310 52449
52117 190 9659
52149 260 8799
52203 130 85641
52229 390 76441
52270 320 1966
52291 170 90240
52312 270 88376
52320 190 19954
52344 450 87061
52368 230 99131
52409 90 50909
52409 560 9389
52424 10 91244
52424 130 48543
52436 30 84915
52446 260 2384
52456 230 20952
52465 560 28698
52472 30 83749
52490 480 55830
52540 330 79129
52649 90 35864
52654 70 38770
52691 550 78366
52729 20 68516
52746 370 30668
52759 580 84252
52761 470 2128
52806 550 46079
52831 420 96224
52906 330 12896
52908 600 78982
52957 490 85040
52975 60 92769
53054 10 14358
53065 480 44788
53134 540 28912
53189 330 4419
53204 160 21277
53208 210 78293
53228 230 10605
53341 190 91389
53452 300 80691
53462 290 7654
53468 290 54741
53499 170 83764
53519 310 25243
53561 390 22072
53563 430 83199
53632 500 13669
53656 110 7949
53736 90 71749
53753 400 10533
53754 120 89525
53756 400 48493
53845 360 81299
53906 450 31293
53913 50 63284
53940 410 89819
53958 130 87869
53975 410 31227
54008 100 69172
54082 580 20522
54152 380 13007
54166 490 73911
54253 160 49568
54351 230 79103
54360 570 96073
54381 340 19905
54397 280 76451
54413 220 78688
54424 80 69010
54507 390 10313
54540 100 34871
54565 170 80590
54571 370 82840
54612 570 19717
54624 240 6106
54630 170 97201
54651 330 92457
54658 280 60587
54783 130 15187
54828 220 3624
54829 20 42827
54844 500 29738
54871 360 29994
54884 410 21530
54939 480 23278
54973 490 79163
55001 280 95102
55002 60 15920
55091 40 37811
55166 200 44222
55207 150 79347
55219 220 43609
55221 280 54604
55225 130 17008
55257 250 33593
55310 160 16949
55372 380 92476
55379 320 45103
55383 460 94008
55392 120 30354
55408 220 96274
55409 140 92982
55411 380 92528
55421 270 46496
55426 110 782
55450 160 51237
55480 300 36273
55512 270 97913
55649 470 19840
55668 270 36033
55695 420 31787
55697 260 75361
55737 560 18977
55762 400 99395
55785 340 59093
55794 490 90474
55952 300 1791
56044 280 40935
56115 80 85057
56142 220 86888
56178 440 89159
56198 140 83536
56208 310 74813
56272 40 10669
56331 300 97932
56348 600 35003
56354 230 51633
56360 140 96746
56368 210 87082
56440 430 95129
56465 330 72206
56469 90 13603
56523 370 64736
56554 70 61204
56562 90 9849
56566 490 69774
56610 570 79609
56617 210 32023
56624 360 16422
56717 290 21982
56723 350 16510
56739 530 91403
56749 520 56085
56768 390 62913
56770 130 7226
56784 600 28185
56787 50 65654
56799 530 72986
56801 30 55476
56853 180 3909
56860 30 87321
56887 540 53719
56900 140 69114
56992 280 28789
57036 500 83485
57147 410 55107
57149 430 78594
57165 170 34173
57165 570 65907
57188 210 86126
57232 410 18113
57233 530 50763
57235 530 98067
57256 410 29169
57263 580 2238
57415 590 36558
57442 440 54088
57463 520 99251
57561 200 51131
57579 590 92779
57608 10 50090
57627 380 4776
57656 300 20822
57670 100 98029
57837 430 31086
57844 300 95093
57853 170 24528
57854 480 38634
57886 140 2359
57924 40 29654
57941 480 72459
57995 80 88945
58037 200 22439
58221 450 10530
58238 10 99868
58242 180 66544
58259 400 37109
58282 550 67494
58284 590 36831
58337 250 94061
58381 60 40234
58382 230 61062
58400 510 47668
58402 250 15927
58413 580 15283
58495 450 37487
58519 140 17082
58522 510 12679
58550 590 60171
58556 400 28062
58569 540 10033
58574 110 11582
58580 240 4958
58581 40 76794
58630 460 91583
58646 190 38890
58653 430 9908
58665 240 78008
58669 450 96030
58684 490 14910
58708 250 12752
58749 500 68016
58781 110 61361
58800 420 94467
58839 540 17036
58842 550 80879
58847 340 20111
58851 110 60769
58874 190 54935
58955 200 61064
58963 220 732
58980 290 52610
58981 140 72764
58981 250 16948
59004 520 57505
59038 130 52715
59117 330 24750
59170 400 13829
59189 100 86088
59190 50 58783
59258 150 4569
59298 60 57252
59311 200 23170
59313 420 10563
59341 290 67489
59399 140 79431
59415 180 37292
59600 450 52944
59699 450 78117
59706 480 74618
59759 530 75854
59783 280 39773
59802 120 38188
59828 470 7015
59841 160 99155
59849 140 75345
59892 570 71001
59932 290 98820
59936 540 49229
59951 380 23600
59991 470 5733
60080 540 25777
60089 210 85984
60107 310 11733
60142 200 52587
60145 280 64958
60224 210 3279
60278 40 72316
60278 420 15126
60282 200 63604
60301 180 81682
60353 20 72891
60398 470 44926
60404 280 16529
60421 270 2108
60441 120 78644
60486 170 1215
60512 80 20789
60515 510 10458
60548 250 63160
60563 500 41530
60586 150 75411
60655 270 33601
60670 330 49315
60811 400 60989
60838 480 4879
60923 340 85027
60961 580 45162
60972 300 10814
60974 170 17447
60992 200 81384
61009 430 63391
61059 560 78792
61125 590 9691
61144 270 44420
61189 280 53682
61189 360 12585
61217 40 16602
61250 540 15899
61305 100 64228
61322 230 23800
61330 70 39821
61429 270 76376
61434 470 83885
61445 550 89601
61466 480 62050
61479 580 20495
61502 470 95561
61513 570 61278
61531 320 12487
61554 120 51043
61565 120 47947
61573 460 72288
61700 580 33676
61714 10 53407
61727 460 95504
61746 490 39875
61751 430 1728
61758 550 82704
61767 180 34248
61810 400 89271
61819 40 7034
61823 560 61757
61826 40 99124
61850 150 9142
61947 460 58425
62079 230 22066
62083 200 14285
62084 400 37646
62100 480 62374
62147 270 88077
62173 480 13769
62192 80 23549
62216 260 40316
62218 520 26028
62257 100 37714
62260 240 66727
62260 540 92714
62264 300 91723
62279 130 18795
62329 20 39771
62335 200 31004
62336 550 89750
62339 200 84817
62375 20 71334
62412 390 5541
62437 370 38629
62441 300 63446
62485 70 17215
62664 350 68947
62688 520 32698
62822 360 64824
62838 500 49298
62866 540 44353
62869 160 49434
62897 270 1014
62931 510 95185
62938 110 64535
62941 470 19835
62956 110 77974
62975 420 99670
63083 590 39424
63090 420 91968
63093 290 44491
63103 410 64346
63114 210 46176
63154 140 79362
63160 350 20017
63185 590 84796
63196 180 77070
63202 190 44521
63212 170 25918
63220 240 58453
63237 370 7865
63244 380 13301
63313 340 71133
63321 130 23481
63321 140 7673
63348 340 32172
63377 420 37701
63408 510 45259
63418 440 71671
63425 50 83073
63429 290 83931
63452 490 55841
63464 60 74400
63525 280 14632
63602 410 35317
63642 290 17370
63642 360 16244
63658 540 94139
63659 590 75839
63666 40 39826
63707 320 48108
63708 90 67224
63803 80 22615
63818 520 74323
63849 480 67308
63867 290 58696
63933 560 59194
63944 600 12302
63946 40 91883
64054 270 77865
64091 330 12997
64144 540 38016
64153 460 59840
64194 480 39608
64216 480 64875
64337 200 17065
64405 300 97878
64470 60 6797
64506 560 1659
64572 430 56236
64617 570 92924
64619 30 97297
64665 440 63287
64674 10 21622
64716 180 17640
64753 50 87264
64780 20 64737
64784 300 59857
64808 310 13902
64836 340 64327
64904 550 68607
64937 540 39338
64953 410 69800
65073 490 71549
65083 30 4965
65092 160 33547
65132 350 32829
65156 420 31196
65163 370 50335
65176 170 47696
65204 40 33480
65207 10 40585
65218 380 27160
65233 200 77315
65243 160 52445
65282 430 80440
65405 240 29503
65420 450 33482
65457 440 19521
65545 300 85485
65555 310 27012
65602 500 77587
65630 440 33648
65639 570 89286
65711 260 21468
65714 400 45501
65731 110 19875
65747 80 36867
65757 150 40445
65783 270 48790
65859 330 17417
65903 300 27662
65911 20 56092
65961 510 96737
65973 380 66687
65976 350 66023
66000 230 19912
66031 390 40144
66032 280 37770
66050 300 85271
66063 130 63973
66129 340 59928
66159 190 92389
66216 400 64401
66235 360 8037
66245 450 40462
66271 50 44400
66293 20 62887
66341 20 53567
66377 550 39455
66411 130 57826
66506 550 23380
66582 180 23368
66607 10 13768
66625 80 42481
66698 380 64521
66703 40 94334
66721 460 36234
66765 420 68602
66772 540 99029
66777 440 25209
66841 550 40714
66861 490 87936
66876 600 23871
66881 420 55865
66909 150 81414
66956 370 37991
66963 600 6932
66970 10 45931
66981 260 99995
67001 360 40926
67013 200 6906
67134 490 18484
67180 410 77162
67209 120 60248
67237 520 45150
67293 520 3046
67305 80 35992
67377 530 93444
67415 90 27807
67423 500 1694
67432 320 10442
67436 480 22741
67450 210 84121
67510 40 68513
67531 340 41081
67539 390 23217
67571 450 69047
67598 210 81858
67634 590 60192
67708 580 9014
67719 20 33741
67758 190 50044
67769 530 92675
67828 40 89984
67863 460 79376
67901 500 55764
67925 10 75559
67950 70 46020
67995 100 83972
68003 540 22985
68265 320 9834
68281 400 88282
68305 480 75626
68341 150 22660
68416 390 41608
68440 160 76279
68453 170 15473
68581 470 41700
68616 90 85190
68669 340 93949
68678 100 3744
68685 220 35880
68686 350 54533
68699 330 35194
68749 470 93722
68751 510 5083
68791 100 50368
68833 340 69307
68861 530 55931
68941 440 40539
68970 570 8174
68983 520 36206
69052 170 68436
69144 120 58343
69169 530 16879
69198 270 17098
69240 520 39550
69267 320 40477
69269 320 85359
69272 330 85552
69304 410 27595
69305 280 8524
69309 500 69295
69444 540 58537
69447 300 42751
69488 220 63066
69527 290 80278
69593 520 79159
69599 40 52875
69599 470 86413
69689 380 63627
69696 510 83976
69727 560 40525
69782 440 37122
69812 550 66032
69857 450 32039
69875 450 19813
69915 220 23055
69955 350 74464
70033 580 28042
70043 260 11362
70052 380 80093
70092 160 67609
70106 390 35526
70179 470 76786
70289 370 52059
70298 210 89160
70325 580 56786
70355 340 38652
70356 10 31798
70381 190 6787
70382 220 52863
70430 540 72104
70530 580 2699
70566 540 27989
70734 600 2516
70738 240 81847
70743 430 21499
70755 360 84199
70762 250 48146
70762 540 26817
70766 210 49
70828 580 64199
70848 520 88480
70854 410 41681
70871 480 83061
70884 140 69278
70904 20 80683
70911 40 40932
70920 240 72661
70983 540 66291
70985 80 47639
71085 220 8057
71140 190 33388
71161 230 19681
71247 250 92982
71267 580 72383
71316 200 72715
71367 320 76479
71455 130 27600
71461 520 33664
71464 380 18545
71499 210 55334
71543 410 61266
71560 510 23372
71561 160 22500
71602 150 58949
71603 510 10140
71622 370 18846
71713 180 42006
71729 340 94598
71738 210 34489
71771 570 87012
71777 400 71748
71826 200 3418
71876 30 5754
71885 390 52901
71898 160 68430
71934 130 78901
71951 450 74053
71954 10 94832
71958 300 49068
72029 420 12685
72154 120 59132
72159 100 42190
72207 30 26243
72236 300 28145
72243 420 2596
72320 540 98806
72349 500 13258
72387 290 79438
72426 360 98141
72440 390 7025
72448 270 76894
72514 410 17439
72550 500 38309
72582 480 62692
72672 290 22593
72753 110 47379
72765 550 82846
72814 490 71822
72852 210 71425
72879 190 54724
72936 530 81521
72972 210 20305
72980 420 99180
73048 440 23801
73079 70 31446
73110 330 36342
73113 440 84185
73155 260 72767
73161 300 54736
73171 80 90299
73196 130 21425
73237 20 65644
73249 370 59839
73280 200 15423
73384 590 21819
73385 360 92682
73414 130 71343
73493 240 20943
73500 150 19715
73501 420 58117
73511 30 66360
73514 430 30419
73528 560 18346
73529 130 99238
73552 370 63617
73574 290 38705
73581 390 55335
73584 260 92768
73669 510 53607
73719 460 97341
73736 540 19682
73859 260 88733
73884 160 33657
73903 180 26047
73945 40 76350
73956 290 61176
73969 80 42961
73969 570 56521
74038 20 21791
74043 150 87571
74093 320 42689
74201 210 97842
74202 510 83863
74234 540 80977
74256 250 90619
74269 330 84390
74350 570 92342
74357 170 47968
74394 30 88006
74397 380 94019
74406 310 62592
74416 180 83572
74426 550 66305
74434 600 89679
74523 420 40340
74526 570 31490
74527 250 87276
74549 320 90051
74552 500 34972
74583 360 4772
74597 150 4926
74641 280 6650
74659 340 33905
74698 70 67743
74749 450 15814
74757 600 90622
74770 120 61925
74792 190 30546
74812 420 26816
74906 410 74689
75138 240 47845
75192 150 84470
75218 450 86490
75220 450 42382
75365 80 19089
75425 520 68483
75442 530 29733
75453 140 45997
75472 540 61180
75492 450 50207
75506 460 7871
75522 420 96319
75531 30 84057
75555 160 55346
75576 150 82830
75711 530 40463
75714 250 78547
75747 40 61794
75839 80 66564
75908 360 41971
76008 240 89350
76059 570 10595
76095 110 11348
76127 510 9552
76201 310 46327
76205 370 12502
76234 550 49914
76268 280 60540
76288 200 52113
76340 520 53969
76375 210 53141
76402 70 88723
76407 560 56580
76449 130 16084
76493 350 5684
76546 550 87491
76551 70 47394
76586 120 45866
76649 90 27113
76664 530 51560
76671 450 42076
76682 280 19650
76701 530 83505
76711 10 37688
76712 410 65569
76752 50 34889
76770 60 92023
76789 550 29367
76794 500 24472
76940 70 29311
76946 180 74478
76961 420 45165
77009 270 15093
77041 120 15802
77091 330 48105
77105 580 12472
77150 490 30367
77230 180 50678
77260 420 24539
77268 490 33011
77274 460 13114
77280 120 5057
77281 340 28408
77300 340 47104
77327 470 12113
77334 160 20379
77438 350 34066
77452 510 65348
77460 280 65995
77509 430 17845
77514 340 77597
77547 210 806
77560 170 85539
77621 100 80790
77670 570 18809
77690 340 59456
77725 60 75762
77728 280 50582
77738 290 90577
77763 220 6247
77812 600 84161
77841 380 31035
77842 250 45927
77898 70 61642
77934 70 52296
77950 440 3379
78025 140 13529
78071 560 56851
78101 230 64105
78118 570 33852
78163 30 77245
78171 30 56750
78175 350 80010
78216 70 99482
78261 20 53131
78268 90 31112
78295 300 81913
78381 390 66499
78411 30 22045
78434 140 96027
78449 160 69298
78563 220 71003
78571 60 34346
78573 350 53919
78603 420 89763
78618 230 33903
78705 230 71821
78781 480 42592
78912 260 31358
78982 330 89374
78982 450 30195
79060 40 231
79207 400 6510
79235 310 23161
79314 210 52274
79314 370 78116
79336 380 98182
79362 230 84577
79372 540 24827
79399 320 88994
79403 170 75520
79409 330 11185
79413 500 22149
79422 310 20199
79432 350 39958
79470 550 87896
79476 50 12269
79586 430 65566
79661 190 58858
79690 80 56104
79830 500 79439
79833 470 72391
79834 530 20659
79839 350 83892
79861 20 55494
79871 10 50810
79883 510 93464
79888 240 97052
79893 120 32907
79897 60 28144
80009 110 75057
80010 460 8466
80016 500 8509
80062 340 28232
80077 220 28834
80111 50 88049
80215 470 79787
80236 210 27520
80248 100 63488
80253 20 83037
80306 310 90861
80341 140 17399
80378 40 61082
80381 250 4845
80403 570 65514
80413 320 84215
80502 300 70798
80541 290 18906
80577 150 57656
80577 180 4107
80583 300 29316
80605 340 83996
80687 520 39253
80712 20 38874
80712 500 73388
80727 460 49256
80740 250 68204
80749 390 91520
80789 20 22122
80797 500 69806
80852 520 90552
80871 170 45692
80955 340 4994
80966 150 93353
80976 260 26176
81008 130 53344
81090 270 22822
81152 260 93305
81164 140 27623
81186 80 5488
81189 510 96576
81199 560 42014
81227 380 90595
81232 240 65133
81249 110 39759
81287 270 14330
81294 60 81264
81295 410 7931
81328 10 96689
81380 560 61396
81400 10 24235
81431 320 19544
81504 520 91663
81519 460 5259
81562 10 1725
81619 220 32509
81620 230 74453
81666 70 52838
81682 480 97733
81743 420 31194
81747 490 4694
81764 590 28130
81769 430 39473
81819 520 32036
81855 540 32824
81893 10 91450
81901 110 63544
82011 70 39032
82030 380 18832
82038 160 31534
82040 140 4606
82073 120 89295
82090 370 65079
82097 430 26189
82122 250 23859
82168 280 7382
82198 220 92729
82204 370 8175
82211 20 59323
82293 40 1618
82341 270 56443
82351 440 80458
82352 350 17895
82381 270 78654
82409 450 27610
82446 570 48257
82492 370 97543
82512 150 25475
82623 360 70156
82644 150 95898
82705 370 75400
82877 500 26830
82894 530 71585
82948 20 66353
82956 290 65769
82957 380 89404
82987 390 41432
83024 480 38966
83118 310 76613
83118 490 71836
83133 410 36275
83137 210 90823
83172 170 19527
83175 470 96012
83194 130 13297
83204 470 3511
83248 480 61408
83406 500 28547
83445 600 465
83472 450 20372
83497 570 59806
83557 160 28336
83572 180 8970
83595 290 14509
83629 520 77358
83648 140 20086
83654 180 95816
83722 130 53156
83735 480 34592
83783 530 15871
83879 120 38214
83932 260 47128
83954 50 81173
83964 100 20659
83987 470 97021
84073 460 87381
84105 120 52699
84115 560 98123
84180 600 73083
84226 540 79530
84234 80 15944
84253 530 22290
84258 20 26080
84342 10 29452
84354 440 27266
84388 290 51341
84450 60 31811
84495 600 20637
84502 200 79246
84507 510 54402
84519 200 84255
84537 530 78754
84587 480 40615
84644 120 38816
84662 230 56662
84678 100 62119
84702 370 55796
84705 560 5726
84771 10 60273
84826 230 85322
84827 60 86043
84831 560 65275
84836 490 52437
84841 290 19428
84843 120 59267
84879 480 36113
84890 240 42213
84902 390 68584
84911 170 18866
84929 170 94516
84949 40 7078
84952 490 26923
85044 300 68855
85074 340 97977
85098 10 32181
85170 440 88720
85179 490 40776
85217 410 96106
85238 170 6350
85245 460 60878
85301 110 59670
85318 320 26331
85362 190 69881
85438 20 86128
85480 240 34536
85527 110 55517
85541 420 46722
85561 40 89538
85617 40 70513
85619 600 21463
85636 180 7177
85646 220 71421
85656 30 89715
85731 270 50149
85756 540 22327
85827 30 49967
86004 100 77446
86006 430 63154
86040 250 77163
86108 170 40513
86112 90 54518
86180 380 62306
86193 580 10856
86201 60 11414
86319 70 38648
86338 490 46585
86416 160 26365
86444 240 35026
86453 280 83159
86510 480 53496
86563 430 17589
86620 100 94129
86651 490 61391
86652 280 36971
86737 180 981
86880 550 74340
86897 360 16741
86956 50 49363
86968 400 51157
86971 490 69035
86981 160 43512
87006 340 27325
87013 440 92071
87015 470 90894
87047 180 15081
87200 140 43559
87219 360 73010
87238 200 50665
87292 200 79966
87295 120 70495
87307 580 97834
87315 170 58203
87329 20 59238
87374 30 14849
87400 530 66596
87467 310 76205
87528 300 86355
87530 110 73121
87530 210 76635
87532 550 62072
87561 100 10944
87588 360 66428
87630 20 30933
87713 460 56211
87720 310 26911
87727 590 56110
87778 90 10276
87848 90 2237
87852 210 60329
87864 460 64184
87870 580 90756
87879 90 30270
87919 170 18171
87991 600 61441
88041 80 19610
88085 450 18701
88287 550 78928
88318 260 80160
88324 280 6042
88344 570 87862
88365 150 53896
88370 390 27736
88444 330 49352
88461 90 73584
88490 340 9152
88514 520 57887
88533 10 32523
88552 130 68147
88556 590 30047
88584 410 86334
88646 230 86051
88656 600 4267
88726 40 56781
88728 590 63428
88875 10 68723
88957 350 36161
88981 560 28991
88992 50 4445
89004 600 46376
89019 10 55535
89040 180 59922
89091 110 16393
89103 580 26345
89154 390 47737
89211 150 46986
89226 360 51779
89238 80 20628
89279 580 58933
89294 70 34563
89306 150 16016
89307 90 75418
89309 360 85313
89322 320 12614
89353 40 93304
89371 130 91247
89409 100 19252
89459 400 20906
89521 120 71851
89528 570 92667
89629 480 52674
89647 130 59099
89674 360 20827
89753 380 6024
89783 290 11807
89818 60 52077
89825 600 55620
89840 600 63140
89880 20 53396
89923 570 22387
89951 560 70489
89995 190 2419
90034 560 91117
90035 90 86727
90060 220 68206
90064 360 80268
90180 510 33356
90193 590 39055
90237 290 48376
90269 180 81101
90288 590 69718
90328 260 88099
90374 590 55517
90437 180 72676
90450 170 39164
90452 400 2164
90496 190 85254
90511 390 95615
90545 500 82004
90575 590 71194
90609 300 1225
90686 480 13965
90739 230 85885
90742 30 60502
90750 50 69492
90802 380 79900
90836 160 51915
90867 200 1566
90872 430 95895
90893 40 62233
90896 70 89241
90899 140 6141
90929 300 75414
90978 350 88307
91008 330 34658
91035 420 20444
91100 210 95518
91100 280 82437
91196 260 31857
91285 360 82260
91293 430 33871
91299 520 69849
91364 30 89803
91370 320 36820
91374 510 24120
91383 330 56681
91391 250 94797
91412 210 88584
91429 260 22771
91455 460 97077
91534 290 87030
91555 260 87165
91574 450 94001
91583 400 17397
91602 370 45713
91638 280 76875
91671 100 1673
91708 170 77276
91754 250 98417
91754 290 96732
91845 290 40460
91876 430 20414
91969 520 45544
91971 270 64258
92027 460 83565
92043 370 26722
92101 470 54847
92134 570 87506
92167 590 9936
92220 180 86238
92235 420 45771
92242 130 15223
92312 30 88030
92327 180 56111
92393 440 23176
92397 520 65242
92417 30 98512
92454 170 55727
92474 190 63578
92569 20 4137
92571 560 96883
92661 230 53295
92684 330 18790
92779 460 83050
92867 330 50130
92919 180 57585
92983 590 1236
93018 500 96755
93030 590 4745
93056 130 16171
93136 100 98589
93137 60 56300
93187 290 15019
93228 320 91444
93266 160 19050
93357 460 29354
93455 500 48315
93569 30 24699
93592 20 92592
93625 30 36632
93698 260 26428
93711 160 85920
93721 60 3538
93777 590 34911
93829 250 64015
93865 430 35434
93908 150 61369
93914 230 14934
93975 50 65817
94016 20 86334
94117 560 88273
94122 30 22863
94135 370 11982
94317 80 66420
94385 320 27722
94419 230 40737
94453 250 47629
94497 340 70435
94533 170 67077
94568 370 69201
94586 220 68121
94609 230 97416
94632 280 2320
94729 90 54790
94733 130 35553
94803 560 26242
94807 110 19188
94813 450 25171
94819 350 42667
94843 520 1519
94872 210 37101
94889 50 52910
94890 460 55501
94893 280 32226
94938 330 3222
94990 50 71891
95020 580 52627
95080 420 53927
95081 10 76227
95113 490 33818
95177 370 89144
95183 440 86384
95195 10 57242
95214 230 47835
95226 160 22612
95252 410 55328
95284 510 19788
95295 580 48817
95371 130 81882
95388 170 78569
95394 230 3293
95395 280 74677
95471 290 33049
95489 370 65942
95566 550 10042
95582 260 58839
95625 20 864
95655 40 55599
95693 70 55830
95733 70 60002
95745 550 99966
95776 450 84057
95812 550 55554
95837 110 5529
95866 60 99191
95871 320 45721
95888 300 21585
95925 270 97334
95969 230 40152
95979 570 60592
95988 290 72449
96052 320 16570
96104 290 54361
96123 390 23178
96149 120 22529
96154 600 70297
96221 580 94335
96246 250 50667
96264 380 1470
96266 200 19147
96293 300 92011
96308 600 12087
96347 200 49120
96352 410 87913
96358 590 74276
96441 360 96592
96479 30 65813
96484 470 98472
96565 410 92661
96605 570 29626
96606 90 27322
96612 390 69351
96615 100 89721
96646 380 30904
96667 120 35807
96735 350 4947
96790 110 72837
96818 520 28288
96841 320 99107
96844 80 78753
96872 300 72506
97028 600 23023
97112 90 82602
97126 520 77643
97177 290 71004
97189 410 12412
97197 430 70154
97206 320 33349
97246 580 90397
97248 390 90271
97326 380 72186
97336 80 92652
97339 270 43746
97406 250 18969
97420 250 78201
97458 10 30911
97518 340 59675
97525 550 18075
97594 300 58778
97598 580 88293
97624 370 66352
97676 560 36393
97687 220 64911
97769 350 48591
97778 280 80004
97787 60 61233
97813 310 36796
97828 520 85968
97846 350 98129
97869 240 49310
97926 320 62228
97937 160 29939
97958 480 59463
97974 90 7959
97977 270 38169
97996 130 59703
98023 270 61310
98029 580 84128
98056 470 58353
98069 230 40732
98070 270 64743
98114 320 66042
98139 110 14494
98164 470 53167
98307 350 27019
98311 460 52483
98341 350 43022
98384 200 75782
98441 290 83788
98492 550 94822
98523 200 17301
98526 130 78199
98551 50 43154
98562 510 77857
98575 570 9194
98576 250 93155
98643 10 26183
98650 380 40106
98742 430 35181
98748 220 56917
98754 500 54422
98796 310 30046
98811 540 79250
98812 90 33500
98866 110 36788
98916 420 44545
98948 560 66126
98949 560 3270
98958 190 60664
99009 200 6527
99069 200 8095
99091 50 45390
99125 270 11556
99134 490 9057
99145 20 56410
99145 60 72644
99173 50 53159
99270 580 33398
99280 50 36292
99305 440 85064
99342 240 76664
99344 210 15926
99353 20 93380
99401 220 53344
99437 120 81074
99441 550 97882
99457 330 91950
99458 260 33308
99499 540 359
99553 540 49178
99563 10 59411
99571 100 22425
99634 30 70253
99643 360 27994
99646 220 44
99651 30 48112
99716 470 84477
99753 10 22955
99780 440 56356
99829 330 83223
99865 90 9813
99911 120 6790
99984 520 49778
99996 590 88344
