3000 10000 10620 99659
15 135 39601
67 45 20677
129 250 77775
250 105 41223
258 135 73220
260 240 17660
272 5 98816
280 155 28368
349 295 80892
387 85 93483
397 155 66465
436 20 38597
462 45 51298
464 140 41901
512 155 11769
514 235 95780
702 250 12770
744 255 10258
812 20 14607
873 180 2516
914 280 95590
972 155 39077
1010 130 72357
1107 210 15873
1125 200 56366
1179 160 95827
1185 220 57174
1199 130 15765
1255 230 67066
1287 265 21272
1290 120 77876
1328 25 84961
1347 160 53277
1348 160 56829
1374 30 85638
1396 80 34289
1415 185 8481
1505 300 16117
1546 45 91269
1580 30 25880
1588 260 76709
1740 80 171
1760 115 85335
1777 40 22359
1833 165 4563
1888 25 64371
1893 190 1291
1923 5 47649
2017 270 68114
2019 20 39115
2036 205 76874
2060 65 96941
2077 150 47386
2117 210 97379
2117 260 38006
2221 120 16664
2254 170 95377
2317 85 86435
2338 140 3919
2351 75 6029
2388 150 20057
2443 130 62308
2488 85 59554
2577 40 96818
2607 100 11684
2611 225 78462
2660 175 53812
2735 155 34503
2769 175 8067
2862 255 70411
2901 220 26642
2992 15 23634
3002 250 99158
3033 130 83904
3059 110 95930
3126 30 28321
3149 275 79537
3246 130 97667
3263 75 64193
3264 245 99115
3328 90 67127
3328 280 10824
3367 195 34225
3397 260 56359
3408 175 23483
3443 110 31165
3473 125 78509
3482 180 56189
3488 150 63510
3497 210 29831
3537 85 87538
3542 210 87458
3691 230 69693
3703 280 86222
3737 270 72843
3781 295 92265
3807 105 90160
3839 40 39417
3848 130 83542
3859 180 27414
3903 270 40748
3907 85 31797
3965 50 5993
3978 125 81526
3995 75 25346
3997 295 11365
4058 115 43406
4111 265 58059
4150 280 69654
4152 140 5938
4329 45 64246
4341 300 54765
4360 85 38945
4372 60 77065
4411 175 82169
4438 205 47806
4467 95 82738
4494 245 12036
4609 280 46468
4660 215 59114
4695 120 8070
4700 210 72742
4704 240 49374
4719 80 47539
4745 100 96308
4748 250 59936
4793 115 16928
4805 100 89731
4808 200 68480
4813 205 96252
4825 140 53340
4829 110 9119
4859 90 6460
4901 175 45438
4979 255 79322
4999 205 8612
5027 130 91785
5040 120 61833
5057 180 44794
5087 105 57681
5181 45 35855
5193 150 36224
5217 15 7898
5270 50 98361
5286 210 4825
5289 215 97221
5298 285 92220
5316 60 14367
5481 280 49999
5520 205 35639
5536 10 51659
5590 240 51175
5635 255 26138
5653 280 24992
5666 235 44764
5694 255 43285
5703 240 2868
5706 240 75736
5739 25 80692
5757 40 13626
5765 50 26547
5780 270 67658
5829 85 29749
5849 85 78742
5930 280 70900
5968 50 88250
5972 20 55259
5977 180 34854
6028 180 86923
6039 140 8553
6094 15 53981
6146 170 16227
6193 165 70127
6205 250 91153
6304 150 7680
6329 190 15524
6335 95 92505
6401 175 35290
6415 40 93079
6440 85 11571
6496 145 83380
6514 210 32576
6516 40 46271
6572 145 95647
6579 155 4159
6585 85 75997
6594 220 21326
6612 240 44797
6627 45 4248
6630 245 17849
6694 250 2065
6703 60 33050
6742 10 83068
6807 10 85303
6823 240 48168
6828 120 79167
6842 25 85152
6849 180 10571
6862 170 97759
6885 95 49248
6891 60 84402
6892 120 92213
6935 170 92303
7035 145 22049
7038 120 36602
7084 250 18764
7129 195 92499
7132 200 41131
7189 130 87096
7194 115 55470
7206 5 45106
7271 220 64807
7304 50 49351
7328 75 228
7363 120 20341
7370 135 2608
7372 265 87370
7388 15 6308
7403 170 7537
7418 215 7459
7477 190 82482
7514 80 75982
7516 45 32064
7516 140 25638
7576 240 53322
7582 85 47529
7624 165 66269
7642 285 55603
7703 160 18570
7780 75 90678
7786 20 16617
7812 75 86346
7902 240 32689
7912 300 20269
7913 100 7387
7976 80 69352
8017 235 42853
8031 40 67235
8036 40 50024
8049 170 74724
8058 295 53647
8063 95 66678
8149 275 6706
8197 160 52233
8206 295 26768
8339 195 80742
8392 130 90226
8410 85 89632
8423 155 7406
8443 140 49515
8502 15 40981
8549 160 86164
8577 120 6051
8595 45 68970
8626 200 30622
8692 180 94939
8696 65 9179
8702 35 4591
8706 70 64343
8733 155 96680
8810 295 91429
8824 160 23425
8840 185 45859
8851 195 90976
8867 125 13022
8869 25 59579
8873 180 46328
8942 165 11460
8964 260 67997
9047 80 11051
9085 265 93887
9156 40 18
9206 235 54686
9249 140 50689
9329 75 949
9382 155 300
9395 275 90116
9410 180 89523
9410 275 1221
9437 145 27590
9476 255 13863
9558 200 84169
9572 65 38103
9644 210 62361
9653 200 91852
9666 220 42613
9670 275 2756
9682 295 18580
9699 170 83645
9705 100 45222
9707 200 79238
9734 10 50249
9737 215 52237
9748 225 48891
9751 95 55138
9752 110 77051
9754 40 93950
9762 280 21138
9767 225 25964
9769 165 56346
9793 200 18652
9860 90 98380
9879 195 73543
9903 65 22051
9928 20 99183
9966 260 39362
9968 75 66054
10044 35 33918
10053 235 67462
10072 35 13
10085 300 34892
10157 205 36098
10173 55 55295
10175 185 33789
10259 180 27794
10315 150 28347
10354 85 82380
10356 205 47294
10397 215 30337
10415 25 93051
10448 185 59778
10503 130 30813
10512 210 10897
10514 235 83172
10522 140 64571
10564 190 51796
10602 60 78772
10607 5 8415
10617 60 25404
10630 70 3729
10650 250 2031
10661 100 97183
10685 45 75481
10694 225 40219
10719 280 18003
10830 220 35003
10900 75 91306
10921 290 60051
10958 170 1319
10969 170 56429
11098 280 65241
11100 170 61036
11131 205 28313
11144 15 99129
11144 175 44827
11160 60 86008
11219 55 24474
11229 195 18126
11251 245 80303
11274 90 82414
11326 115 94119
11337 110 81508
11372 90 88560
11413 230 16442
11460 180 7026
11478 35 53701
11556 260 47850
11564 20 20753
11582 215 1821
11584 265 56769
11639 280 90733
11654 200 26460
11717 210 46676
11723 295 20784
11760 225 43765
11796 230 26558
11798 290 8170
11806 295 55300
11985 230 63300
12032 55 28427
12050 235 99682
12151 190 83779
12182 245 96303
12188 160 4957
12196 25 84513
12196 110 48946
12210 185 88202
12222 275 3372
12242 80 75428
12269 45 32569
12308 195 1224
12324 100 92201
12334 30 9839
12343 235 99404
12354 175 31776
12362 240 22727
12362 290 74035
12421 185 89608
12448 70 84040
12529 275 49871
12574 100 64024
12606 185 31745
12641 55 6078
12699 125 49626
12709 15 88358
12738 285 35837
12784 155 10351
12835 260 12881
12840 180 10993
12846 230 5000
12931 20 45656
13064 35 82618
13074 195 23843
13133 225 50839
13151 220 56288
13188 275 78368
13217 10 25208
13232 35 79442
13236 145 21168
13255 140 91145
13278 300 54722
13330 45 58060
13340 155 37320
13347 85 8036
13397 130 15143
13424 195 94713
13458 235 17323
13523 110 81879
13600 75 58793
13602 60 73364
13673 85 98826
13716 275 56275
13718 85 2277
13726 135 5920
13734 185 70012
13783 200 48082
13838 160 77154
13898 125 37699
13918 255 56244
13934 200 90522
13938 250 53886
13963 100 55469
13972 140 17873
14005 35 39911
14011 30 40371
14102 105 98872
14153 50 55740
14169 185 53867
14182 25 46669
14191 130 2381
14259 35 90761
14308 220 45811
14358 60 2289
14394 230 19197
14423 65 43193
14485 100 61243
14523 110 28676
14553 20 36002
14611 90 64183
14658 15 69886
14667 245 46841
14825 145 36508
14857 50 85792
14995 40 29434
15050 290 92894
15054 20 49861
15100 295 61971
15107 35 87044
15124 235 39947
15130 20 72055
15205 160 94642
15240 25 67682
15250 255 57969
15255 230 3756
15377 205 95805
15390 90 44807
15399 145 58267
15466 70 36211
15477 185 77596
15504 205 43955
15520 110 3481
15529 165 99852
15554 105 33081
15577 130 7764
15593 60 65110
15664 45 11787
15668 75 40228
15691 30 64419
15707 105 17492
15773 105 35872
15794 140 64067
15815 40 6175
15817 265 90153
15822 5 41656
15866 275 85780
15980 255 11751
15986 230 21918
16011 245 41397
16038 100 91461
16054 75 92751
16093 125 41642
16107 180 2776
16127 120 77923
16179 110 68352
16201 10 16644
16202 210 80450
16227 280 495
16237 130 70666
16266 160 90224
16284 20 98543
16301 290 61992
16311 280 94649
16312 170 89939
16325 155 88154
16351 250 6894
16391 165 15181
16509 205 91437
16582 130 72692
16601 55 44618
16614 235 74221
16651 10 32315
16725 20 50247
16748 85 11048
16867 300 42340
16871 195 54277
16872 55 61530
16885 145 46018
16999 180 37165
17033 110 44369
17037 215 70469
17073 190 10471
17079 195 64523
17080 240 27996
17107 150 60455
17138 105 76366
17172 175 85446
17247 40 44718
17253 70 34470
17255 80 13256
17340 85 25862
17340 210 86729
17362 165 45278
17371 290 43842
17394 220 76334
17417 285 39972
17425 30 62233
17471 10 91332
17471 65 31703
17572 150 19879
17578 95 59031
17586 235 62488
17596 35 98708
17680 150 41738
17700 55 3138
17714 5 51456
17751 175 68420
17793 30 42430
17806 165 17648
17809 110 51603
17840 300 74125
17857 40 73017
17910 160 77587
17914 95 63889
17938 120 79723
17980 180 90788
18011 270 89229
18024 125 76939
18044 65 12963
18056 260 22256
18108 40 99674
18201 280 45707
18206 285 31538
18213 80 2382
18216 135 51103
18216 300 36607
18240 70 76536
18484 65 71362
18485 40 98786
18526 200 48539
18569 125 36864
18580 215 51032
18586 245 99306
18622 170 35773
18680 265 49984
18708 40 6921
18764 265 70329
18771 25 63943
18780 105 10747
18791 115 43452
18799 265 66348
18821 200 74832
18841 95 54729
18867 215 56327
18870 230 3874
18934 60 56674
18937 250 29426
18958 175 33098
18981 240 62457
18983 205 28213
19165 175 73589
19204 150 4885
19226 230 30939
19279 300 34111
19293 270 1194
19316 270 12760
19319 105 89135
19339 280 5524
19362 240 67619
19369 295 17206
19452 85 6442
19462 285 27412
19468 45 33607
19488 185 52195
19586 195 58361
19610 115 7555
19646 70 61085
19648 115 49332
19668 50 62738
19748 165 73470
19754 145 41021
19760 165 87397
19796 145 35630
19816 60 95916
19898 70 85784
19900 225 39376
19923 195 79446
19927 125 24973
19960 270 72739
19965 25 85581
19971 180 15936
19986 175 87071
20006 30 45757
20042 230 63202
20111 270 81013
20189 85 30667
20196 70 81784
20205 120 85269
20260 285 24068
20301 25 911
20324 215 66038
20329 10 49313
20334 80 85570
20374 175 69219
20378 245 3568
20388 15 35109
20406 25 9261
20419 195 67351
20434 15 96505
20461 165 35045
20498 170 1881
20521 125 29369
20552 60 84137
20558 170 85590
20631 160 41955
20709 160 11015
20716 75 8981
20744 280 82611
20752 250 43911
20780 270 10607
20991 105 55847
20999 95 59098
21011 10 18813
21038 145 55108
21043 210 52598
21053 225 55977
21084 220 32094
21153 155 3328
21241 245 77297
21256 40 33606
21261 155 4534
21263 15 45379
21276 250 97519
21278 280 13419
21287 175 1600
21428 155 89125
21459 260 9176
21600 75 10210
21651 145 8102
21656 250 51296
21671 50 48429
21710 40 84542
21714 280 65839
21831 195 84958
21839 185 77357
21879 65 81772
21942 105 72809
21965 15 25127
22029 100 28703
22050 245 60172
22136 300 32892
22218 65 60103
22221 100 37614
22229 250 40399
22256 135 57232
22281 155 48
22294 235 54482
22318 100 84411
22324 245 13914
22396 95 59234
22397 50 27478
22480 130 11491
22546 50 25405
22563 290 5805
22596 5 46012
22637 270 43013
22651 70 43643
22740 80 17393
22798 30 82082
22842 10 11749
22860 5 72031
22895 115 57947
22920 125 26543
22953 170 64466
22956 5 72572
23075 80 54441
23118 245 73079
23143 40 67592
23212 185 39751
23214 205 87109
23216 40 87674
23216 280 13261
23230 215 8905
23234 70 98336
23255 75 97794
23263 80 98755
23266 110 72801
23295 205 71413
23295 300 73523
23313 250 11712
23313 295 23278
23319 160 54325
23368 210 75954
23495 150 26613
23541 10 23374
23569 295 70659
23605 160 22070
23619 140 30360
23621 175 4258
23662 95 55599
23745 5 85757
23792 205 13149
23795 185 40654
23813 60 22348
23840 115 94501
23869 65 74057
23891 210 4581
23906 155 30244
23909 60 41221
23921 50 58475
23938 80 37876
23938 135 22353
23940 110 89053
23987 40 64732
24034 225 2680
24062 290 8982
24064 275 19669
24087 275 13383
24131 65 68925
24159 85 11258
24166 65 37950
24205 300 25355
24221 60 72092
24222 10 54064
24223 160 3926
24303 225 93208
24336 250 52433
24404 250 8929
24451 300 58796
24466 145 20432
24480 175 93084
24513 165 13
24584 125 76385
24664 260 42848
24679 35 60830
24688 115 6269
24692 285 26124
24714 270 10972
24740 20 77986
24771 65 92443
24807 175 48980
24839 60 73356
24857 85 50636
24873 130 6614
24906 235 47412
24969 160 28621
25002 275 4487
25059 270 81798
25106 105 85111
25118 45 59180
25304 160 70638
25333 215 18299
25344 140 66641
25345 290 64975
25389 270 43967
25414 40 48055
25465 65 68078
25475 60 61696
25498 140 56930
25501 205 83102
25538 195 46542
25587 55 92275
25599 20 46581
25634 180 23727
25643 165 7473
25662 200 93410
25692 225 44073
25693 225 11893
25711 115 42206
25719 35 53105
25746 135 3099
25827 165 11750
25865 200 70473
25940 115 32155
25957 270 34093
26030 140 18108
26035 185 13801
26037 180 7097
26070 215 95781
26114 50 81448
26146 145 95889
26155 95 12674
26231 165 20015
26326 145 51569
26343 10 43411
26415 205 1602
26440 50 57229
26499 140 43279
26506 135 34251
26508 290 33043
26571 30 30556
26572 160 61155
26641 220 40573
26647 75 32414
26657 85 64143
26677 165 37859
26810 65 33996
26833 240 13788
26858 235 77214
26883 260 79670
26907 255 66862
26936 275 42825
27028 290 75597
27065 190 95488
27084 155 27499
27100 15 27567
27172 150 16674
27193 265 6974
27211 55 8064
27215 30 25250
27241 190 50061
27242 285 59794
27247 265 78861
27363 215 74990
27480 30 32091
27483 95 71283
27517 210 40802
27545 90 2690
27572 255 3912
27584 5 34343
27617 245 91052
27628 90 21828
27790 50 28576
27791 85 8536
27796 90 33931
27852 105 44836
27870 125 92869
27885 225 71503
27945 175 71928
27979 135 3669
28037 275 25536
28038 5 12256
28073 275 67624
28074 215 71332
28130 25 95050
28136 20 94088
28149 215 81242
28150 45 72160
28155 145 44253
28183 185 79296
28196 110 33386
28238 250 75459
28260 75 64333
28263 255 99144
28285 290 30023
28303 45 18320
28317 200 4318
28393 220 17784
28395 110 27034
28459 75 90589
28551 5 17982
28565 125 9016
28580 280 46517
28588 120 40591
28590 100 72238
28595 20 780
28605 100 1544
28661 120 10042
28662 195 7894
28666 220 69892
28674 35 39981
28681 200 3310
28717 110 39201
28724 255 18067
28757 245 89629
28765 155 15694
28802 255 87161
28817 85 95636
28876 155 1168
28955 170 83249
28973 70 79319
29001 65 93039
29021 235 65126
29058 200 15557
29062 225 37870
29111 155 41877
29125 215 36165
29179 220 72045
29204 135 32342
29254 240 1579
29289 285 85329
29327 255 87258
29331 295 37443
29370 150 77921
29376 100 2581
29446 270 14864
29452 225 37537
29466 20 47481
29493 135 30504
29499 145 37840
29582 65 27328
29642 90 84676
29684 50 91537
29726 80 95059
29738 20 34994
29782 60 6964
29799 205 93895
29816 245 54926
29828 60 67428
29927 140 74564
29933 90 76326
29947 205 16216
29953 180 83340
30014 195 96528
30047 65 41164
30051 120 23787
30107 185 31172
30154 25 12360
30186 50 80075
30216 295 45106
30308 300 70081
30322 275 82864
30458 140 80915
30558 175 61128
30627 260 12214
30634 55 60562
30644 280 87896
30760 60 64791
30780 50 81261
30793 265 78715
30812 60 68093
30852 240 81030
30853 250 90076
30864 40 40537
30923 285 85222
30988 265 87911
31093 200 30549
31121 250 73135
31178 195 36027
31216 45 2989
31335 155 43390
31360 95 36879
31385 275 91087
31394 255 94375
31444 160 78172
31451 40 27789
31487 65 69114
31496 260 86521
31537 30 26503
31541 140 80062
31556 40 30163
31606 200 53541
31626 170 21588
31629 195 76909
31655 55 87254
31783 185 18412
31917 155 58188
31928 25 28326
31951 230 44914
31957 225 2499
31984 120 93043
32044 250 57568
32087 195 2440
32125 300 38772
32136 95 99160
32155 80 91487
32218 115 961
32221 285 28087
32245 140 32999
32258 205 76112
32278 245 98925
32288 65 99279
32342 170 71659
32409 190 12229
32415 145 60225
32454 265 99204
32455 250 42983
32471 85 55053
32481 290 15725
32501 25 16466
32547 10 93794
32604 20 25797
32639 25 99252
32639 120 11563
32659 25 90904
32669 210 60398
32685 170 69023
32712 165 71923
32714 90 94172
32714 295 2125
32726 115 20640
32778 250 37569
32792 35 56814
32850 70 88599
32860 80 85214
32881 145 10582
32882 185 68866
32893 165 72186
32912 220 90591
32918 190 38221
32978 180 21997
32985 215 21290
33000 220 7533
33013 285 45316
33041 25 14746
33077 185 18853
33097 85 45113
33373 230 4178
33432 170 38193
33450 180 8185
33507 160 67033
33551 185 68505
33598 240 21740
33607 285 42332
33617 60 36025
33708 195 40982
33735 70 2763
33742 165 97106
33761 285 33273
33784 80 67507
33836 195 37514
33837 80 34436
33897 95 1896
33921 140 71771
33922 70 32658
33937 295 90142
33951 5 8059
33953 220 35567
33993 255 46463
34038 215 36057
34050 275 72888
34063 145 23188
34077 195 35905
34091 75 25436
34149 230 21154
34171 155 36466
34179 285 75958
34243 45 82302
34263 100 9795
34306 300 27687
34312 165 34576
34331 255 2250
34356 270 28444
34367 200 53936
34394 250 94695
34397 120 88420
34461 60 94690
34490 85 47213
34502 270 999
34536 295 55722
34539 175 93226
34555 95 96270
34655 100 65353
34673 250 76332
34691 225 19311
34704 255 38370
34734 50 30883
34808 10 61332
34854 300 81598
34894 45 25683
34944 30 56598
34947 230 53172
34954 180 12802
35018 125 4096
35049 295 11978
35054 290 92043
35063 20 61995
35078 180 73764
35100 25 69214
35101 135 86707
35120 30 89132
35204 235 45720
35220 50 32609
35222 285 63432
35223 150 58016
35255 110 39108
35273 165 62473
35333 75 11690
35497 190 79620
35529 290 83246
35544 185 99815
35618 65 71185
35647 230 27817
35648 275 50320
35676 175 8324
35727 205 83917
35735 115 32411
35758 35 49378
35766 130 25107
35787 55 44588
35890 210 2805
35908 245 66140
35909 150 6778
35916 70 5501
35966 5 77949
35974 220 32956
36051 95 42507
36141 120 11130
36384 255 1576
36393 35 69266
36404 265 20633
36421 35 64340
36454 255 51718
36464 115 28159
36521 270 83811
36532 120 32696
36591 280 1464
36654 140 28081
36690 270 28183
36697 270 26552
36703 25 43265
36741 65 20317
36800 25 3385
36811 85 34412
36841 260 46338
36842 40 60097
36843 140 98776
36866 240 25090
36879 270 95014
36982 190 35572
36983 115 20200
36991 160 93579
37010 235 37134
37022 180 60015
37092 115 57849
37112 230 30478
37146 100 91577
37150 95 67782
37157 10 32706
37169 95 88324
37186 60 82617
37264 65 28367
37305 135 846
37332 115 9051
37343 265 12585
37357 225 84460
37367 200 66409
37408 170 43538
37413 235 77614
37457 75 4500
37532 15 86330
37545 20 22754
37578 5 65917
37663 5 32052
37725 105 38714
37816 260 99143
37823 95 23119
37880 100 32922
37893 90 18543
37901 170 73615
37995 230 21986
38018 225 50513
38046 10 75642
38200 160 53920
38211 105 81999
38212 255 4808
38219 30 85713
38276 100 56222
38303 45 63186
38309 190 4370
38317 70 10358
38345 30 79401
38394 190 44670
38409 205 3096
38415 110 7759
38418 130 25165
38431 170 61012
38462 250 56216
38487 120 26711
38544 105 43568
38549 170 62346
38567 20 85284
38583 265 39098
38588 45 1782
38596 120 91405
38678 170 84328
38723 135 66971
38750 165 57979
38866 170 33525
38882 180 30365
38930 85 58216
38959 265 55204
39051 60 3268
39089 70 2258
39094 110 4990
39097 140 26001
39104 55 13890
39188 200 42428
39207 285 13243
39227 190 2819
39271 130 59854
39303 145 82519
39448 290 92463
39453 245 73579
39485 125 46267
39489 160 99895
39569 25 40661
39625 175 61581
39649 290 8208
39657 15 87630
39831 5 32261
39849 215 17339
39872 70 89478
39892 230 84842
39922 10 5141
39927 265 43435
39995 60 9313
40012 180 67389
40103 245 73446
40123 195 47278
40131 20 4601
40210 205 46272
40230 135 62114
40234 300 89439
40273 165 61127
40282 135 75144
40299 30 20902
40331 260 679
40378 155 64807
40400 250 49053
40465 185 55230
40476 235 8126
40491 270 5480
40493 285 23589
40589 300 5272
40595 150 49528
40622 190 62390
40635 95 60278
40713 160 10947
40723 100 4974
40731 180 20557
40757 220 6387
40769 265 68497
40817 10 27259
40904 230 29879
40929 260 92406
40949 130 53821
40973 120 75462
41021 120 86114
41114 20 11632
41121 200 14406
41173 105 90539
41229 50 78356
41232 120 57595
41266 40 80835
41277 55 34437
41289 260 49745
41290 270 55221
41336 50 75342
41422 200 98167
41435 220 33405
41444 180 78490
41457 175 6428
41473 90 64607
41481 50 2703
41533 195 46355
41561 205 95912
41598 5 67518
41625 135 1585
41632 300 33183
41702 265 10069
41704 165 38129
41740 15 73567
41751 35 35371
41769 35 39998
41774 15 39691
41781 120 69839
41834 240 20075
41844 240 13805
41864 205 49005
41887 300 57898
41970 155 82099
42046 15 58644
42155 135 78327
42204 10 603
42206 295 23477
42226 300 36876
42253 210 98683
42268 100 45332
42268 230 85677
42304 25 22533
42306 225 66140
42323 265 5397
42413 145 14804
42422 95 23635
42426 250 33127
42439 80 98804
42449 140 87620
42465 175 17024
42523 175 52637
42537 160 86197
42614 200 96664
42641 115 98848
42651 280 9347
42658 240 7477
42704 230 76627
42723 180 73164
42741 130 57305
42772 25 37190
42813 125 94299
42857 105 8090
42975 240 45252
43082 25 84265
43107 135 84487
43122 235 59081
43142 240 68489
43196 95 25481
43202 165 83035
43207 10 53928
43212 235 67569
43215 45 93864
43267 240 72255
43279 240 24685
43297 35 87181
43369 15 73232
43404 85 75914
43511 255 54557
43597 235 44944
43709 205 10707
43732 260 45450
43757 75 74945
43817 50 47188
43818 230 83568
43847 265 9981
43850 45 87945
43868 170 27401
43891 120 19377
43966 85 79165
44083 80 63460
44105 195 43082
44181 195 3088
44253 240 27729
44264 145 62461
44270 60 47416
44315 60 69795
44324 45 97710
44348 205 75542
44387 225 75379
44392 300 98112
44397 285 48324
44422 295 10615
44575 195 7522
44597 145 28036
44635 80 70716
44665 90 60629
44675 10 41145
44682 80 6180
44694 20 61741
44707 135 78956
44727 110 15386
44782 185 5644
44931 45 64524
44951 95 33029
44976 150 15557
45046 40 30220
45093 190 77148
45102 150 3996
45175 65 76300
45212 90 47238
45216 210 58858
45231 175 89559
45289 120 93036
45329 115 57533
45335 230 51355
45389 195 58972
45408 230 28166
45485 95 86184
45529 150 28277
45544 175 87006
45544 270 80462
45566 165 61076
45622 250 97243
45622 275 22441
45633 100 9107
45633 115 55238
45681 75 49669
45722 220 42561
45750 110 47398
45811 185 85522
45826 105 30900
45855 135 99906
45875 40 35755
45903 20 25721
45991 15 4657
46008 140 82243
46122 55 40645
46183 110 30016
46189 70 71355
46194 75 15036
46312 30 11872
46375 245 45169
46381 275 39230
46388 80 38037
46422 80 36617
46431 10 11998
46471 135 64880
46517 270 96258
46552 85 11205
46609 205 34398
46622 295 37990
46640 240 34309
46748 250 39769
46891 80 78277
46897 25 39361
46908 185 86374
46922 160 74495
46923 300 78240
46968 20 46679
46970 115 390
46971 250 79494
46991 145 93889
47010 125 42315
47035 140 49715
47066 295 47202
47128 280 40455
47164 140 32214
47172 145 57687
47210 260 20868
47229 10 77170
47356 125 71910
47386 295 67327
47394 265 59067
47425 45 3034
47488 225 40979
47519 300 53042
47521 105 48876
47559 165 41597
47564 250 10423
47662 75 89545
47669 50 55168
47699 100 41730
47794 105 79809
47796 30 51975
47804 150 72527
47808 220 42053
47814 70 86496
47894 210 18843
48076 300 39450
48084 140 27499
48104 65 99670
48152 210 81510
48183 200 94329
48190 150 90186
48230 35 27922
48234 145 25283
48266 185 52331
48269 35 80796
48272 295 129
48365 30 28913
48498 140 92400
48503 75 92124
48510 5 60980
48525 225 89602
48533 80 1944
48578 10 90118
48596 135 68959
48642 265 71405
48648 240 88276
48729 25 31990
48733 145 59433
48742 130 29096
48799 300 42788
48875 115 77816
48882 5 5132
48934 45 9745
48990 270 73455
48991 260 98740
49007 215 11214
49028 220 85463
49059 35 30276
49062 195 1166
49071 35 47667
49078 100 67370
49085 30 88300
49096 240 70148
49181 60 69641
49285 35 18366
49363 165 43300
49370 125 75806
49373 295 38235
49448 275 94911
49474 115 91184
49507 260 74862
49532 105 22014
49536 285 43257
49546 210 50070
49546 245 13904
49594 260 42505
49599 15 46584
49610 35 71284
49758 110 2530
49785 290 90452
49883 205 65968
49885 295 4311
49901 120 43954
49920 85 87396
49954 220 79440
50007 160 65700
50009 170 2860
50018 250 46854
50030 5 56380
50049 300 52483
50050 235 45622
50060 280 33163
50086 5 51177
50088 115 52779
50114 70 1424
50133 240 44117
50206 30 88373
50332 35 71029
50339 40 95723
50382 125 70533
50394 5 6274
50469 265 23522
50571 175 97878
50577 185 17717
50580 275 95028
50634 75 53516
50662 135 28972
50767 180 71702
50819 190 58834
50913 240 29609
50942 265 10333
51006 280 31632
51065 35 96282
51076 95 99927
51144 35 4515
51144 120 44153
51146 175 29143
51147 80 36832
51170 150 60998
51193 145 665
51223 270 94494
51238 245 53646
51242 195 43630
51272 80 54835
51349 50 21923
51372 300 54154
51393 190 33592
51429 10 77657
51478 260 2396
51500 55 34310
51561 90 84003
51573 110 71711
51578 200 94847
51594 290 3731
51598 65 93467
51600 290 52063
51691 75 71144
51708 80 54737
51779 115 36319
51815 90 14993
51827 125 21547
51872 220 79550
51887 160 69646
52110 5 11472
52110 275 18529
52188 45 16276
52192 165 3154
52230 35 12268
52251 150 12472
52318 35 13017
52381 130 25175
52446 90 492
52493 135 29029
52553 295 49702
52576 45 86133
52604 185 32445
52625 225 32893
52631 220 65206
52703 155 60432
52759 165 92939
52866 175 37055
52909 100 33100
52950 5 28945
52976 140 84108
53022 240 25251
53025 100 17245
53042 85 57228
53046 90 81360
53050 105 90234
53120 145 55305
53208 60 66724
53259 160 14711
53291 270 17437
53303 215 46104
53311 150 13017
53412 70 42810
53431 225 57177
53441 20 10659
53555 185 3944
53562 105 66374
53585 130 94592
53585 165 61887
53591 235 86970
53597 15 5173
53616 50 54125
53664 90 61972
53667 15 55086
53683 190 51001
53717 15 89653
53722 65 55976
53725 125 17381
53749 160 40
53805 190 16743
53810 10 70014
53950 280 24398
54030 255 40688
54054 95 8478
54103 140 37424
54152 255 39143
54167 190 33542
54276 165 78110
54392 130 84248
54404 150 30329
54411 175 5259
54460 280 15910
54480 300 67491
54483 90 9260
54497 160 69961
54507 240 6287
54569 5 1755
54598 115 44938
54620 255 31413
54663 270 10145
54671 130 36043
54722 200 76797
54740 90 92192
54749 290 23099
54774 210 80705
54813 170 63352
54832 220 46161
54982 45 67614
54990 30 97670
54997 40 80101
55025 15 14215
55062 210 77887
55138 205 35526
55180 185 26822
55223 270 38603
55318 235 37561
55330 285 13853
55360 275 21622
55370 280 68792
55373 45 72817
55381 145 49020
55509 210 9106
55573 70 23443
55588 300 31380
55612 205 46559
55659 110 36879
55803 240 67866
55883 195 44001
55920 185 11898
55944 55 77687
55959 15 49793
55980 70 92713
56032 235 70468
56074 160 690
56105 30 10931
56122 115 29023
56190 215 51598
56200 185 13035
56258 45 69980
56276 30 95209
56303 290 66056
56320 275 9647
56362 230 25633
56391 160 81109
56493 135 9876
56543 95 92902
56566 100 2249
56606 110 87776
56617 260 35482
56676 20 52258
56758 210 84385
56836 165 99217
56883 65 99955
56924 300 50447
57050 90 93243
57050 245 22143
57067 170 40882
57076 290 12465
57177 120 2481
57339 165 74619
57380 65 77552
57380 245 78974
57407 170 74594
57424 155 25670
57431 90 20791
57490 200 8587
57560 130 31987
57582 260 23016
57616 15 38900
57642 200 83790
57649 120 98285
57660 215 69807
57664 105 1951
57671 85 73253
57716 55 30235
57764 260 57228
57832 275 63892
57841 95 88056
57860 275 98639
57880 215 32806
57882 150 26842
57886 105 44010
57955 95 65005
57969 110 81834
58037 45 93722
58079 100 55050
58128 5 60310
58210 230 71578
58218 220 59336
58227 295 26506
58294 55 17677
58299 250 36987
58379 270 40570
58466 125 6728
58466 130 18647
58479 50 63715
58499 175 42564
58539 135 64963
58552 15 76365
58562 80 37356
58728 30 69565
58748 280 3655
58786 90 54541
58819 95 76368
58865 55 41313
58950 10 53001
58957 180 59969
58976 295 43171
58996 215 32513
59134 75 44727
59142 235 93112
59150 15 67148
59160 165 87181
59258 70 81326
59262 225 3145
59296 280 45936
59318 80 29407
59368 290 20996
59411 180 33891
59432 50 41114
59449 150 20023
59468 275 24722
59480 75 40473
59494 170 50576
59501 295 96144
59575 65 64547
59662 215 31184
59676 125 5430
59694 65 11218
59766 200 82041
59779 100 27994
59807 160 11029
59820 210 81627
59829 60 52144
59833 75 45571
59922 190 87254
59935 145 40795
60024 135 55751
60067 240 97102
60072 70 19792
60083 285 36612
60100 295 19240
60118 270 67879
60123 85 44555
60136 155 31575
60163 290 69769
60211 135 60154
60249 175 54390
60343 195 70931
60351 15 75582
60352 150 58141
60371 15 82843
60376 25 24680
60377 120 52330
60382 5 19312
60479 105 83858
60582 195 99530
60594 125 54277
60603 175 10047
60612 290 11550
60623 60 10082
60655 275 58321
60668 115 62652
60695 290 53367
60709 175 3491
60747 230 72120
60787 290 46110
60832 200 71028
60859 265 2944
60903 20 95614
60913 110 9739
60953 220 19838
60980 210 16804
60998 25 82661
61017 125 53411
61041 275 39985
61148 280 7806
61153 70 18432
61157 185 29825
61201 175 43694
61213 15 87628
61215 255 24015
61274 300 86394
61291 110 21990
61311 75 50364
61311 80 84724
61333 85 86686
61340 30 73740
61398 240 76586
61408 120 30894
61452 30 55417
61463 155 30755
61478 175 61257
61511 40 97505
61573 200 91482
61594 190 57358
61597 265 84102
61676 25 15567
61692 215 67699
61741 145 88116
61755 260 45148
61810 105 4529
61884 115 83036
61942 165 94309
61949 20 99912
61963 5 60655
61970 65 8647
61973 155 10224
61974 110 22360
62049 130 50823
62088 140 65925
62115 235 58628
62128 95 87276
62227 160 53042
62231 65 39314
62318 50 60128
62320 65 85960
62355 205 86993
62436 70 89538
62499 235 86865
62514 175 55919
62528 125 69200
62536 110 29858
62553 185 80031
62566 150 68321
62636 160 980
62707 55 51064
62723 65 11313
62788 40 28420
62788 280 65745
62814 5 96138
62850 35 87974
62853 75 86006
62868 20 55069
62871 90 44951
62887 100 20989
62888 225 59145
62931 130 24701
62977 70 83338
62981 145 32069
63040 135 96855
63079 300 7687
63137 245 73853
63153 35 54439
63153 70 87644
63213 220 27693
63256 215 91829
63333 125 48921
63373 100 44247
63411 80 54049
63442 225 13994
63486 275 48817
63494 140 24481
63511 300 76087
63532 25 6521
63571 155 29512
63603 140 47597
63682 140 95226
63717 35 32631
63765 225 27979
63784 170 41944
63797 125 13911
63797 255 40470
63844 40 96459
63874 290 73671
63922 45 5664
63957 230 87981
63983 55 10921
64027 215 29437
64031 145 45447
64082 160 3111
64085 55 18967
64091 260 3016
64111 35 37239
64113 285 50878
64162 105 62268
64202 25 61873
64279 285 81715
64317 110 12669
64321 130 63641
64321 140 45668
64375 125 18098
64435 155 53285
64489 290 3282
64556 230 4469
64647 90 18578
64690 260 12441
64704 210 78735
64764 100 32333
64929 270 10788
64967 130 89476
65012 260 44216
65102 15 55157
65127 290 49912
65150 265 79650
65192 195 72129
65192 265 21289
65308 225 9764
65322 285 47874
65352 300 12102
65378 45 78070
65420 85 11106
65455 275 75780
65462 245 6894
65505 115 33556
65505 300 12200
65529 270 27113
65548 60 61766
65551 40 95603
65562 255 63336
65572 105 32213
65612 280 39157
65618 55 51049
65707 60 47496
65720 40 7150
65752 5 16995
65762 170 98186
65786 35 18981
65813 70 14231
65876 115 94197
65940 165 54704
65962 235 98275
65989 135 83601
65990 75 48809
66008 90 88945
66021 150 37059
66024 20 17178
66061 175 11596
66076 295 95540
66092 260 6656
66158 45 54587
66219 70 86581
66318 300 39914
66336 225 57592
66342 35 86911
66360 185 71352
66376 180 15547
66388 240 13067
66396 225 82991
66472 40 78575
66515 55 38416
66584 205 88275
66586 230 6372
66610 70 81597
66645 45 17737
66656 15 72542
66661 190 40825
66693 275 82961
66700 130 39967
66716 185 22388
66748 265 40120
66796 225 77168
66807 300 82711
66828 235 46175
66835 20 58553
66860 150 19156
66860 225 69453
66881 30 36871
66887 50 51039
66943 230 75318
66952 285 7994
66957 140 11022
67028 70 96803
67115 20 52469
67276 190 61205
67299 155 89957
67306 50 14394
67432 30 208
67439 210 36641
67453 60 8163
67460 50 56576
67475 20 69441
67542 55 15635
67562 220 65513
67579 125 80492
67591 155 85997
67638 80 7645
67671 260 26200
67750 135 46575
67767 155 94513
67895 110 28700
67931 230 50753
67982 225 99718
68026 145 45078
68031 200 47355
68062 105 21854
68066 25 67194
68091 170 80172
68106 260 1312
68190 205 55407
68212 5 44788
68224 160 43268
68242 165 42206
68309 20 64598
68319 195 75253
68320 60 43982
68372 265 18205
68415 100 70934
68436 265 78241
68445 255 99438
68457 100 96183
68495 150 22978
68502 250 24197
68569 110 38724
68628 270 7541
68662 155 85008
68695 110 65572
68747 295 88552
68759 180 67170
68791 185 58305
68873 65 52151
68919 245 48752
68937 235 78122
69033 270 27463
69064 10 97952
69069 50 27857
69069 75 96520
69077 285 63779
69116 215 71947
69138 65 44913
69230 200 98184
69236 60 94116
69242 185 11164
69255 80 35995
69271 245 25697
69295 265 60512
69302 210 94676
69308 110 57993
69367 125 21477
69379 215 81420
69438 110 91633
69632 200 45493
69658 30 412
69683 235 54873
69684 55 23930
69721 90 83381
69725 270 14015
69779 40 55911
69784 260 90870
69785 115 624
69802 5 16273
69809 30 59974
69956 145 50213
69980 250 76674
70011 165 61624
70061 5 36051
70071 65 2870
70081 130 2520
70115 285 32595
70125 255 69932
70136 120 49133
70166 90 8283
70183 95 52735
70197 70 20187
70237 145 22080
70285 45 5465
70285 285 62265
70295 250 38574
70358 250 46595
70365 250 20963
70367 135 46973
70397 30 45053
70409 10 93405
70421 210 2121
70453 170 58300
70517 120 7296
70674 280 52202
70692 195 74287
70742 290 45370
70777 90 38118
70793 130 54222
70873 80 99999
70886 135 74061
70928 55 98748
70936 190 14209
70947 20 32640
70950 85 93383
71053 145 18824
71104 275 63099
71129 215 49399
71174 30 58644
71193 130 21038
71262 245 49471
71294 215 582
71317 285 36524
71406 300 89843
71475 85 76657
71509 80 48455
71664 25 63400
71694 290 14519
71764 240 40760
71787 210 29771
71804 100 78405
71806 125 89215
71808 220 76334
71819 140 61958
71841 225 86067
71842 240 94750
71861 55 14620
71896 265 22324
71909 35 41735
71928 285 75285
71971 295 67768
71984 220 78349
72002 240 25489
72006 210 90166
72007 160 53275
72022 240 75817
72029 295 38189
72048 225 59660
72082 110 72800
72090 110 72332
72093 60 4034
72100 185 86380
72141 70 25883
72193 55 91588
72217 45 86102
72233 15 40667
72257 195 99123
72269 265 97711
72271 45 74052
72275 165 93990
72355 205 67975
72367 155 56079
72397 150 9818
72399 300 28768
72402 40 44566
72410 230 8252
72416 55 30666
72458 150 8932
72483 220 85083
72557 295 51450
72577 210 75761
72597 85 84886
72689 140 95867
72723 200 44093
72726 115 2057
72741 185 46443
72764 245 99194
72774 185 9746
72776 65 16742
72816 165 98198
72826 150 94590
72860 15 85742
72868 50 11981
72871 160 31311
72887 100 17579
72954 220 66005
73066 150 68096
73067 145 7889
73142 45 60230
73143 120 94283
73143 265 40912
73158 15 92157
73163 115 83564
73180 45 54420
73264 75 36148
73265 15 8632
73278 25 8999
73327 10 92730
73342 110 82039
73349 65 2171
73400 290 83351
73458 10 24269
73527 270 27292
73552 225 37222
73562 100 96976
73582 70 11789
73627 280 65959
73652 45 38682
73685 260 3265
73842 205 57336
73852 215 31862
73866 170 42467
73871 180 47486
73897 245 47738
73910 115 47159
73935 100 10615
73988 150 26208
74006 15 38563
74022 195 34129
74038 275 39639
74082 300 62891
74109 265 98832
74110 145 43902
74122 135 6269
74124 35 16062
74133 180 97490
74148 285 34168
74224 190 82154
74248 25 9590
74277 285 87275
74295 250 70573
74318 270 11991
74372 125 27868
74460 95 80930
74463 70 33096
74468 300 67694
74529 135 69293
74574 40 95702
74577 135 43882
74585 90 10116
74616 155 71487
74641 10 43845
74707 95 62158
74723 215 70719
74752 50 95049
74764 25 65748
74784 190 3824
74885 15 57703
74900 20 57746
74936 210 16045
74944 55 66208
74956 105 76298
74981 135 63523
75009 95 93755
75043 130 66357
75062 20 3983
75082 5 43512
75121 155 94806
75259 70 53163
75331 100 76600
75344 10 3519
75346 190 7074
75371 60 60027
75400 15 35736
75408 105 98697
75428 170 20347
75434 30 56802
75449 210 84313
75485 240 18720
75507 140 30918
75519 190 30501
75554 115 7220
75595 230 35193
75603 175 79290
75614 185 61135
75615 60 45425
75630 265 197
75739 135 2037
75820 40 58425
75841 160 64883
75868 180 7650
75907 170 2228
75917 15 5476
75936 190 86226
75958 300 76434
75976 25 90825
75987 25 25276
76015 240 18439
76077 245 62041
76081 245 25965
76102 235 93477
76143 270 31285
76160 150 87195
76183 175 79917
76225 210 58478
76306 215 86376
76363 85 18989
76395 20 24046
76401 150 16660
76438 85 5566
76455 85 45000
76510 255 52242
76510 275 82088
76532 235 161
76559 250 76471
76602 175 14278
76619 105 8893
76636 230 9724
76641 190 69707
76644 130 52668
76654 205 69631
76684 230 89551
76688 220 22976
76780 120 41441
76783 80 51281
76822 255 39396
76823 30 46020
76855 115 1796
76919 255 94642
76954 190 94062
76968 285 77738
76977 220 990
77046 30 6311
77115 105 622
77188 5 42114
77233 275 74076
77262 200 15478
77267 125 15883
77284 120 93083
77327 100 66836
77329 75 43881
77381 280 81361
77382 65 43781
77464 180 82109
77506 285 50035
77520 80 53839
77520 130 32948
77538 20 55119
77552 15 59983
77616 90 70002
77661 210 5576
77673 45 76111
77732 220 26810
77765 150 15543
77810 255 80113
77829 45 6552
77885 55 71476
77896 10 95148
77914 245 42759
77955 200 15214
78026 285 90869
78064 265 85170
78073 210 28941
78085 40 74443
78130 160 52081
78168 240 99690
78171 90 74286
78213 160 30328
78218 25 8564
78264 215 50260
78272 255 78369
78308 170 25728
78407 45 85770
78458 250 20470
78460 25 77790
78563 140 53026
78677 135 21936
78682 70 15463
78724 80 16659
78749 115 5888
78759 140 82655
78773 190 77280
78805 65 68120
78830 260 8706
78926 290 89819
78994 110 80623
79002 275 11118
79030 95 53650
79128 70 21260
79136 280 24085
79154 5 3318
79201 115 68179
79202 55 48280
79235 80 33591
79238 70 26099
79259 265 561
79361 125 29843
79365 65 67171
79456 180 47885
79585 20 18983
79622 45 1817
79650 50 71122
79711 235 98917
79715 10 73651
79775 210 89759
79780 165 94565
79787 155 18327
79876 50 53562
79909 275 98595
79911 50 4842
79988 285 58368
80001 295 35543
80007 35 9747
80013 30 2755
80091 245 87061
80204 205 50141
80208 285 87501
80211 25 43454
80239 10 87988
80241 260 93881
80276 230 18003
80283 295 50952
80323 255 98457
80326 75 78992
80406 25 41551
80420 225 93815
80459 120 89785
80478 75 47314
80514 125 7008
80525 225 74628
80537 185 40895
80552 125 75429
80587 260 5371
80598 65 21596
80616 245 36892
80696 225 3603
80790 230 44625
80816 125 75810
80868 95 28888
80872 240 40778
80901 205 93077
80921 200 42515
80991 125 69119
80996 10 62898
81007 80 65743
81044 5 83031
81083 20 28509
81148 140 68219
81195 290 78228
81200 285 47079
81252 15 31384
81254 215 13827
81411 225 48422
81484 80 40031
81492 125 82998
81504 145 26590
81545 200 20581
81556 10 23650
81581 240 97237
81643 205 14025
81662 35 65577
81715 140 75965
81720 150 6052
81731 105 17997
81738 285 22837
81799 120 77984
81821 270 68075
81862 285 98555
81924 15 81032
81924 35 8931
81941 10 15551
81942 245 67619
81948 60 93830
81965 155 82224
82023 235 6003
82075 155 34507
82082 275 98474
82089 160 33195
82114 245 11431
82153 215 62660
82163 205 29502
82173 285 29855
82192 225 73880
82324 205 36993
82337 210 11521
82407 135 11998
82427 295 69380
82440 95 86704
82457 205 78565
82476 170 60375
82540 15 5881
82546 215 22083
82572 145 42377
82593 55 39475
82620 130 1236
82651 120 68646
82690 80 64037
82712 190 15269
82769 280 34931
82779 190 16414
82792 270 5221
82817 210 80219
82817 245 42513
82819 135 71942
82832 120 49909
82859 270 2856
82870 45 31429
82880 150 73994
82933 5 99657
82939 275 68576
83071 90 42914
83071 290 16067
83115 155 42501
83159 95 27630
83184 245 63092
83247 265 8725
83252 60 77440
83287 295 38126
83335 145 35517
83341 280 36436
83460 230 70636
83511 65 85162
83518 10 38809
83559 285 12630
83570 215 73130
83590 280 58798
83624 100 9837
83674 225 12908
83718 165 73300
83736 170 84235
83893 135 5518
83938 20 23798
84092 85 17242
84132 5 14217
84132 30 71681
84137 175 43082
84142 90 83485
84199 290 1953
84225 105 5445
84233 30 73680
84246 175 48728
84256 60 43479
84306 125 55174
84359 105 9824
84380 150 81300
84387 265 44370
84416 95 42964
84417 115 52427
84443 175 14235
84499 185 24931
84508 290 51375
84513 5 19944
84564 75 71351
84631 260 72674
84663 85 76783
84739 55 65778
84752 185 94042
84856 155 15286
84864 70 64360
84908 50 72825
84908 175 35966
84913 230 64631
84994 100 98952
85061 110 62678
85063 255 96405
85093 85 35159
85178 40 14520
85184 150 80571
85250 80 48140
85257 210 60125
85305 190 25872
85320 280 17162
85418 90 76424
85468 165 22478
85566 170 30985
85713 260 44710
85889 30 10043
85924 35 98166
85954 250 86685
85996 155 68894
86063 115 24389
86066 170 10541
86155 195 44427
86180 60 14414
86186 140 75846
86199 180 53619
86202 55 57923
86216 200 3975
86272 245 3129
86302 55 52487
86355 55 64272
86368 135 27024
86369 265 92167
86418 55 58663
86428 55 17507
86436 225 4815
86446 300 52791
86475 90 86789
86484 35 82956
86498 5 17163
86512 55 72589
86532 180 1669
86618 215 22588
86714 180 70295
86717 30 51523
86727 190 13060
86758 245 33100
86771 140 33259
86817 290 42848
86844 145 28743
86857 290 34939
86892 65 24472
86903 75 18450
86931 5 44359
86981 280 20642
87042 45 49717
87046 250 76719
87067 290 85923
87106 135 93525
87139 90 34637
87152 200 10689
87208 40 33382
87208 300 11103
87212 110 44067
87212 240 97710
87248 175 90188
87276 295 79160
87335 215 17014
87354 285 59459
87469 130 2262
87518 170 87083
87536 205 22396
87548 230 41419
87606 260 82282
87629 155 44438
87702 215 54553
87711 30 5393
87771 115 15245
87790 90 15389
87810 50 56029
87823 125 40507
87840 115 32480
87874 30 36496
87875 35 89193
87898 55 63978
87909 180 73063
87922 180 79072
87957 135 75800
87963 260 336
88016 20 95849
88025 135 82212
88037 300 81849
88113 125 59126
88116 15 1562
88139 95 24997
88201 230 7715
88208 170 67637
88225 145 80809
88261 195 98768
88287 170 29406
88304 295 69262
88322 230 55974
88376 20 20011
88436 220 87390
88444 65 7509
88491 40 62914
88609 15 76761
88609 30 3207
88661 120 25815
88729 290 18816
88746 105 10307
88789 285 71273
88794 265 78437
88880 150 85937
88881 160 36007
88891 235 26997
88932 165 64814
88964 60 42597
89133 95 8300
89161 240 11648
89222 10 46650
89239 250 72396
89247 220 85228
89372 75 80510
89451 100 78718
89470 185 11964
89472 125 88380
89500 60 56751
89517 130 48231
89518 230 37868
89558 270 80875
89614 195 68020
89630 95 72839
89660 35 230
89719 130 69361
89901 235 43732
89905 235 34161
89917 70 42365
89986 75 3117
90027 215 90416
90034 245 21764
90038 230 86835
90054 220 23215
90072 205 19977
90142 190 67773
90208 55 26800
90269 220 55032
90323 250 94340
90351 280 83308
90392 290 6078
90411 135 4250
90420 155 59159
90537 190 92094
90538 210 8759
90569 50 42773
90578 295 64509
90589 290 49217
90604 285 76774
90625 240 5820
90664 50 91274
90753 70 80099
90761 225 41065
90776 70 2994
90847 290 27481
90870 35 15973
90924 75 49024
90941 245 41702
90950 55 60310
90951 185 11736
90965 55 6435
91074 35 25625
91082 190 65364
91094 25 21506
91150 35 48799
91163 255 95304
91205 90 79735
91206 130 72919
91212 200 49309
91239 115 84523
91364 220 46381
91367 275 85902
91398 225 94441
91417 200 35309
91422 65 86971
91443 255 45249
91446 195 99390
91450 280 3421
91547 15 91994
91562 105 23560
91617 55 31041
91625 165 32330
91640 255 20573
91651 110 66690
91684 120 95900
91720 110 29945
91770 180 42928
91800 270 99292
91843 120 68361
91847 255 99504
91890 165 95947
91940 160 94292
91941 120 23630
91994 230 91230
92014 100 72942
92021 145 54054
92026 200 3421
92097 195 27932
92108 235 43122
92135 190 14083
92228 175 29209
92254 95 88545
92257 105 18733
92271 270 70472
92357 260 79585
92484 295 53134
92508 280 40544
92617 295 71465
92622 205 81987
92623 260 29840
92628 165 70163
92658 280 44858
92659 50 46532
92676 140 88630
92741 105 76774
92751 260 2336
92858 240 69725
92860 145 69435
92901 90 94136
92937 90 58439
92943 100 73132
92961 90 37949
93037 170 46762
93045 215 54433
93066 80 1481
93248 50 45966
93391 220 4440
93392 230 1986
93398 110 42843
93400 40 98058
93421 170 24133
93433 105 54430
93441 110 2443
93477 70 97596
93494 255 55016
93509 210 2415
93596 80 96994
93729 245 38736
93755 275 35619
93781 160 28309
93824 120 55770
93833 5 46037
93902 260 1146
93910 70 56712
93956 90 69923
94006 210 88490
94032 130 43931
94042 105 40249
94076 125 74033
94084 285 34387
94138 180 79257
94174 75 97434
94223 80 15081
94337 40 4379
94345 220 24457
94383 5 84661
94386 195 53681
94516 175 18736
94518 10 2662
94589 190 23746
94616 85 72237
94626 195 32116
94666 190 77286
94686 75 19713
94693 190 18031
94707 285 1994
94722 190 44157
94723 10 43366
94789 55 80779
94798 105 68940
94882 205 96501
94888 180 74755
94895 270 25551
94935 105 79663
94960 235 95353
94963 30 9894
94998 50 83227
95019 110 41756
95029 265 57375
95033 180 5398
95089 30 30771
95151 75 26163
95189 215 6381
95218 50 2823
95219 115 40578
95220 80 79754
95229 155 65688
95233 275 89211
95262 130 40955
95271 130 5638
95316 50 79643
95316 180 49508
95325 95 14886
95325 225 15850
95351 275 94936
95371 255 86937
95412 120 51864
95443 260 53457
95523 150 8540
95543 235 39375
95565 135 65181
95600 15 68239
95611 220 97670
95651 205 70387
95692 255 29826
95705 35 61175
95724 205 6434
95741 255 51389
95756 55 99160
95772 95 33687
95784 75 24242
95792 260 56150
95832 220 62033
95859 190 62893
95860 150 55065
95867 275 83780
95888 5 49566
95942 225 3397
95955 40 34710
95993 120 51711
95996 5 27309
96030 25 91035
96036 10 23876
96072 25 4381
96116 235 73909
96118 300 29511
96147 130 82710
96199 270 84317
96296 60 53601
96308 225 36936
96338 265 18230
96389 295 30676
96405 125 77846
96465 270 35895
96493 150 74783
96522 255 11491
96530 200 59358
96538 130 43422
96542 150 25974
96602 215 13340
96741 90 40402
96769 210 23693
96772 185 20677
96775 250 46040
96842 5 17715
96846 125 84380
96861 125 25716
96990 260 55946
96997 275 97032
96999 40 49251
97044 215 73379
97054 195 84983
97077 50 38426
97115 290 62457
97204 115 81117
97220 70 7821
97245 50 4193
97279 25 39585
97280 20 43738
97281 300 63950
97328 290 90068
97358 295 60589
97359 55 60462
97420 115 58635
97448 235 60843
97471 30 92320
97496 275 22763
97558 245 94714
97586 65 10206
97613 20 10052
97639 150 66423
97699 190 42869
97713 295 45865
97777 5 8548
97802 145 29588
97844 255 44036
97850 85 55912
97897 245 25389
97906 280 79561
97913 255 49645
97967 200 88473
98006 185 15961
98041 265 11341
98089 230 2064
98096 190 40466
98128 205 39431
98137 235 64128
98203 140 93855
98256 265 29005
98323 110 66696
98415 245 78213
98456 10 32365
98461 25 55542
98528 220 7034
98572 195 15033
98624 100 53208
98642 170 16197
98654 95 40113
98671 155 84086
98742 210 13349
98765 235 88418
98806 100 30590
98818 10 10285
98851 200 70401
98852 105 98684
98881 165 59722
98940 145 99076
98945 90 82980
98946 220 68406
98962 95 15418
98964 300 98887
99137 60 59967
99144 105 22177
99155 75 17032
99191 45 24735
99255 290 97614
99344 255 54150
99365 250 58430
99408 10 18081
99412 60 39310
99422 160 74144
99455 90 45141
99465 235 86933
99470 290 98451
99528 220 33012
99534 250 79
99605 10 88039
99628 285 1805
99687 235 37891
99888 105 99696
99907 75 87315
99909 195 63794
99914 280 99786
99972 245 21169
99998 295 69656
