3000 10000 71218 91802
26 160 95664
82 50 90689
118 320 19605
120 250 5853
124 380 5489
248 350 53331
354 220 50863
368 140 47075
386 140 52932
455 250 19892
462 430 47595
579 180 93709
641 150 8513
647 230 32930
652 470 34945
667 290 45443
672 180 9667
753 480 77644
761 220 69694
800 290 3696
817 360 54158
822 250 93051
833 370 4931
840 220 45313
852 410 53223
899 410 41916
985 430 49554
1010 430 7332
1020 200 72128
1024 390 39459
1043 460 48603
1107 350 31136
1111 410 54768
1132 390 21671
1135 110 42264
1144 450 24364
1184 440 50489
1217 180 50704
1258 160 2438
1286 430 50147
1382 410 90971
1420 360 17620
1432 260 60007
1433 300 36061
1441 480 79302
1448 180 72753
1494 140 20791
1497 160 55835
1506 190 53503
1556 310 30991
1601 340 92439
1634 150 9191
1639 460 67826
1689 380 47151
1721 20 30263
1722 320 83118
1725 330 14999
1802 290 73082
1821 100 82266
1925 80 47368
1939 320 82607
1942 150 75251
1980 390 71390
1996 240 67551
1999 40 15902
2017 410 89827
2104 260 20825
2142 390 53305
2178 380 12475
2223 240 65539
2223 330 93299
2231 440 27041
2278 480 45937
2325 300 17781
2377 260 11963
2416 470 53282
2444 150 19687
2447 400 74799
2449 170 48346
2500 210 44237
2516 240 38896
2524 500 71908
2616 100 15976
2644 250 18512
2655 300 4952
2677 310 98631
2677 330 92094
2689 420 27031
2718 410 68580
2727 200 56502
2748 150 27732
2768 230 27955
2775 460 74639
2804 40 87741
2827 480 21587
2905 170 69887
2920 290 28534
2956 120 24700
3002 90 12302
3035 350 29862
3106 380 98146
3128 470 38505
3163 130 63152
3176 280 41506
3179 400 31665
3189 140 77690
3197 150 73997
3199 370 36121
3200 390 3174
3247 200 69154
3343 20 23510
3346 320 17154
3367 130 66464
3392 460 8987
3411 280 67092
3486 300 43484
3490 460 2133
3499 280 74589
3505 10 34815
3527 220 90385
3534 80 15203
3588 250 16216
3646 220 76787
3654 30 74204
3679 500 1814
3686 430 60502
3689 180 9085
3711 100 4295
3871 200 66438
3892 410 60320
3917 430 77122
3935 130 18291
3955 430 26245
3960 450 50140
4010 60 27945
4015 50 24216
4043 40 33553
4049 160 97687
4050 20 89766
4068 280 80354
4068 360 46402
4083 300 45853
4118 30 83862
4179 170 74171
4202 270 48032
4247 330 2311
4287 220 91914
4324 300 26492
4327 380 94540
4335 330 34269
4396 40 81738
4489 280 96347
4510 20 79974
4523 30 22553
4543 180 88872
4590 420 43702
4607 350 98032
4608 110 98918
4608 320 6551
4664 70 51514
4689 170 86845
4715 280 46206
4773 230 3026
4784 10 89977
4806 410 31766
4826 10 73799
4852 260 80021
4964 140 17621
4971 460 48630
4996 480 35847
5005 110 1067
5059 170 86363
5207 50 70357
5220 130 11249
5255 370 91078
5263 450 74634
5298 130 71744
5384 310 84
5441 470 41573
5443 100 88195
5500 30 12601
5509 120 34871
5519 420 8179
5564 460 88832
5621 430 85194
5659 330 49641
5704 60 66651
5780 280 59457
5829 70 97606
5831 480 35225
5853 200 70081
5902 430 2173
5905 200 59358
5935 360 63070
5968 460 29419
5993 40 62263
5994 20 61252
6014 360 28830
6037 380 80523
6038 230 22884
6072 460 7126
6077 400 68903
6099 420 98271
6257 480 38058
6276 130 78911
6278 170 49740
6390 10 3764
6438 390 25975
6460 230 99266
6469 480 16184
6496 210 54158
6530 490 91565
6531 220 34288
6531 430 91108
6563 230 43998
6565 270 55515
6578 190 40128
6599 310 48898
6607 110 56098
6619 170 919
6647 400 83996
6696 330 64981
6707 60 19556
6707 360 91719
6710 160 79722
6732 180 56329
6747 280 81242
6778 420 33473
6800 250 3731
6807 270 40558
6862 390 14727
6867 290 57204
6881 450 35046
6953 180 58832
6989 110 52785
7011 330 68930
7058 390 4676
7115 360 98043
7204 80 65844
7264 290 65679
7287 350 55402
7442 360 48455
7493 20 53686
7497 70 17129
7573 480 47415
7577 20 4062
7584 490 49591
7635 370 68151
7661 140 56118
7667 410 48591
7711 330 21380
7790 240 79644
7808 370 3731
7831 440 39257
7866 210 4970
7871 190 71955
7886 180 6334
7927 80 64428
7928 120 33318
7971 380 48863
7978 30 71521
7986 160 15083
8023 80 62355
8072 480 30783
8083 490 88809
8098 270 57537
8253 330 41118
8304 320 17566
8315 400 26860
8318 200 57727
8332 400 53052
8421 270 12663
8422 210 87215
8497 310 78933
8510 210 27756
8523 460 13467
8535 310 45334
8553 410 42820
8557 480 1307
8627 160 32811
8632 230 63098
8635 420 97640
8716 250 41853
8751 100 15221
8752 430 69413
8772 420 70721
8794 50 5100
8804 60 16367
8905 120 27670
8929 490 55671
8931 70 40227
8944 160 15384
8982 140 76076
8983 290 38888
9003 60 27879
9031 230 45080
9062 360 65340
9104 260 63547
9174 350 29480
9201 320 76377
9204 440 98524
9259 350 84873
9326 10 54292
9388 450 38479
9391 430 22532
9413 280 19003
9432 130 86963
9444 280 7747
9455 120 55850
9520 240 42739
9565 460 33039
9614 300 56243
9618 210 34880
9704 310 75226
9715 320 71381
9740 90 58109
9753 500 29793
9760 180 7470
9761 110 25970
9768 120 734
9823 100 55848
9895 270 35120
9906 160 29817
9914 460 96093
9926 130 64783
9964 150 27243
9970 290 57566
9975 450 9830
9982 410 81090
9986 110 89641
9995 470 15578
10009 400 64214
10080 270 32074
10136 470 28915
10172 40 93668
10248 240 95791
10286 190 81893
10335 350 78631
10340 210 48525
10429 400 59951
10506 240 44278
10531 100 32592
10551 30 29878
10592 280 68751
10649 420 66424
10714 60 56765
10757 310 31166
10796 170 50631
10823 60 17459
10861 260 8403
10879 150 98832
10923 130 97053
10978 230 70420
11079 260 53314
11101 130 15302
11150 430 29125
11157 180 49930
11161 100 65583
11176 80 90990
11251 370 6235
11355 300 58723
11368 30 77919
11379 90 12710
11503 490 14394
11507 490 23793
11513 140 6786
11582 240 81358
11582 420 18271
11591 290 86272
11601 140 47069
11622 80 37203
11661 110 79248
11690 140 54671
11768 200 14053
11782 310 53056
11785 20 41899
11797 100 37936
11804 100 31345
12086 310 41122
12091 420 48077
12115 500 5466
12130 300 98527
12132 340 13094
12134 170 23604
12213 420 91134
12227 10 28386
12241 60 75062
12245 320 94875
12276 240 94794
12281 450 11792
12312 340 18944
12340 200 41199
12379 360 41510
12402 220 47157
12433 410 85115
12502 50 72754
12529 270 72086
12574 430 68493
12592 360 50548
12600 80 79273
12615 100 72586
12634 70 5031
12682 80 50133
12696 10 37659
12752 30 72971
12764 190 28468
12776 230 28051
12828 270 6781
12881 10 11829
12905 410 91879
12974 360 85174
13057 430 56547
13096 240 62287
13146 240 30817
13156 120 96349
13164 40 92935
13186 490 82712
13194 450 34636
13276 430 67933
13365 110 34549
13427 270 12589
13545 20 85031
13546 120 38608
13577 40 19253
13589 200 47471
13611 160 88322
13651 470 60672
13692 340 74152
13693 500 98888
13711 190 32807
13733 370 65680
13761 90 79930
13776 160 72554
13826 280 33085
13834 460 95230
13856 80 68403
13859 320 80541
13868 20 92400
13872 370 6465
13875 340 95265
13918 130 79721
14006 90 8175
14025 260 51817
14066 480 48423
14071 50 21756
14074 350 42894
14076 140 55570
14078 340 592
14121 370 59137
14124 130 57354
14207 360 12640
14211 430 75271
14264 480 19534
14297 440 7657
14453 170 24975
14506 340 31335
14528 70 72946
14541 300 31984
14581 350 930
14596 220 1451
14638 430 98924
14660 60 6449
14710 180 75472
14776 280 74775
14836 120 56954
14851 180 88345
14933 420 66987
14947 310 98947
14966 460 44774
14971 130 25348
14994 140 28251
15030 20 6243
15030 470 97538
15035 140 94033
15047 30 24777
15215 410 5854
15219 450 5658
15262 240 52651
15356 390 20460
15429 80 21424
15429 320 4206
15505 30 56696
15506 450 17130
15521 280 31978
15543 240 33017
15570 480 46510
15584 130 45677
15589 60 55207
15595 110 1926
15633 500 72243
15711 230 5526
15717 300 60871
15822 300 56736
15838 60 52451
15853 180 1067
15868 250 82469
15878 130 42675
15896 110 53501
15962 150 3893
16021 320 88484
16048 330 82440
16051 360 50705
16075 180 35662
16098 150 67612
16130 430 56300
16155 380 42499
16201 20 62204
16277 440 3570
16281 210 14674
16290 350 29067
16320 480 76540
16338 390 45202
16343 60 88171
16346 310 56410
16406 130 4731
16412 380 35268
16420 130 9834
16443 330 34730
16466 320 42731
16474 30 3527
16533 340 30346
16547 450 1703
16611 290 64165
16639 50 84007
16679 440 53953
16778 20 57819
16793 260 54502
16860 190 95626
16885 220 90069
16897 90 29227
16941 190 72059
16977 80 72453
16978 190 56695
17004 470 45557
17038 20 91132
17087 190 14096
17130 200 62133
17178 470 13107
17188 450 13148
17190 150 10574
17195 360 44131
17201 320 39671
17208 500 63720
17236 420 59265
17290 180 39863
17296 110 61852
17308 460 82214
17337 270 15012
17341 440 93553
17363 440 66153
17365 290 63804
17456 140 49685
17458 400 99624
17624 220 25190
17675 390 29715
17690 180 62482
17693 360 23952
17742 390 6167
17768 420 56967
17776 90 99422
17780 200 36875
17790 450 84152
17844 120 92415
17888 230 78317
17905 500 43297
18018 500 55417
18091 350 82212
18127 110 50435
18129 470 29747
18141 490 47595
18145 280 19070
18167 10 58580
18179 340 18493
18202 420 60514
18262 400 44466
18322 490 33566
18335 130 3157
18341 110 46094
18407 490 17217
18410 80 51517
18453 100 17662
18467 80 94271
18467 430 92139
18490 90 57518
18536 220 87364
18544 40 74183
18545 270 33571
18618 170 15119
18632 150 17625
18657 160 43961
18710 380 67346
18735 220 48064
18817 170 80671
18839 230 31132
18874 30 66540
18967 250 975
18967 470 50240
18976 220 82282
18995 460 52935
18997 440 44485
19017 440 68149
19029 30 89493
19087 70 93283
19176 340 19768
19199 470 68577
19207 40 357
19236 220 31205
19323 50 21127
19346 50 55714
19357 140 50299
19360 160 61047
19395 150 18341
19457 90 25772
19479 420 50181
19554 390 21281
19583 210 97986
19612 120 30244
19612 500 74251
19628 340 74594
19642 30 27270
19646 40 69627
19655 470 65310
19659 80 50898
19660 460 26617
19713 400 67422
19801 350 2884
19809 490 101
19857 100 69799
19864 210 58700
19883 270 98304
19910 430 24973
20073 340 8530
20076 280 79314
20089 450 11606
20153 460 16871
20253 250 5566
20259 150 70084
20273 500 7378
20294 430 6208
20302 50 14604
20302 180 29790
20309 460 76372
20319 80 40843
20348 430 14537
20395 430 928
20426 50 98110
20436 210 79295
20437 360 11223
20471 390 88241
20472 370 16396
20479 370 77261
20501 270 95221
20522 380 86168
20547 450 22360
20566 200 17356
20576 200 13698
20605 200 95240
20622 40 52442
20684 320 69869
20759 260 6778
20777 200 76274
20936 140 77754
20943 420 19644
20954 370 19690
20972 260 14298
20996 370 19942
21045 10 41496
21053 480 67654
21126 60 77417
21160 90 34050
21203 320 19068
21232 350 35794
21265 240 19812
21334 430 98312
21406 70 79169
21442 330 33719
21507 500 37484
21512 440 68351
21517 410 66457
21533 350 86803
21550 440 59473
21584 180 77087
21631 170 9572
21631 250 13179
21644 220 59354
21681 500 18938
21720 270 45928
21791 460 75645
21845 70 21303
21872 420 42295
21892 20 9230
21903 220 57135
21905 340 66080
21919 190 70681
21992 390 9037
21994 260 5275
22038 480 50124
22058 100 1712
22061 10 48130
22068 240 98710
22091 370 42677
22246 320 49577
22315 470 7369
22322 100 35762
22368 170 52234
22466 40 54114
22466 400 65838
22538 260 53263
22582 100 84219
22602 70 1205
22604 220 67971
22789 300 28033
22790 110 2145
22816 260 41698
22846 350 16263
22855 270 33172
22863 280 62400
22885 420 72412
22920 110 4853
22987 50 61278
23001 240 39875
23049 10 66205
23093 90 87888
23102 200 75309
23105 50 43532
23215 330 36950
23218 290 11246
23222 110 38616
23293 220 3021
23319 460 24457
23323 260 95073
23383 120 40074
23388 410 67596
23403 40 50963
23437 310 5353
23533 10 84241
23538 10 7604
23616 320 17851
23669 180 80274
23680 340 45609
23710 330 50760
23717 430 16418
23726 340 99204
23746 450 8269
23827 330 50222
23906 130 57162
23908 310 11335
23950 150 95664
24035 430 29622
24084 210 58420
24141 290 13806
24145 80 33324
24175 360 49910
24288 380 39525
24353 180 57284
24404 260 10996
24453 450 83644
24454 380 36213
24463 180 22679
24494 330 19391
24502 60 5760
24502 320 35178
24508 220 42053
24535 100 17716
24546 70 94780
24556 320 42253
24574 390 98907
24578 320 16994
24601 420 77692
24606 140 90950
24636 30 82274
24741 250 59543
24747 260 83433
24751 100 99972
24759 500 79818
24797 380 21716
24908 390 94512
25000 440 42309
25021 370 70665
25043 140 89
25050 480 1738
25066 480 29683
25100 210 58913
25114 200 91830
25118 80 44745
25137 80 66743
25154 20 89437
25228 270 55590
25302 230 58275
25326 20 435
25399 360 47763
25425 150 88356
25426 500 49529
25452 160 94460
25521 250 74234
25528 80 88960
25579 290 45477
25588 170 688
25685 120 43641
25761 20 96997
25772 50 67352
25794 490 55311
25799 270 80400
25802 480 20694
25818 240 30247
25832 40 96026
25833 330 99130
25847 20 85406
25848 20 10005
25853 420 83968
25897 210 66189
25993 240 86926
26012 300 15921
26015 270 32527
26075 340 70535
26097 190 43881
26121 90 62203
26222 450 6309
26246 440 50442
26390 30 3013
26443 490 50010
26488 500 74873
26492 430 89027
26583 50 39041
26584 80 51576
26592 190 32949
26605 60 80380
26611 90 64349
26620 220 94951
26678 300 77928
26776 410 18906
26833 230 91029
26848 130 73978
26886 240 71823
26930 350 3010
26955 10 64061
27039 110 63232
27140 10 15746
27210 430 87092
27241 470 61245
27249 490 82839
27259 70 16825
27294 360 73567
27294 380 4351
27347 270 37045
27347 400 79179
27351 290 39644
27368 120 37721
27432 400 84138
27443 90 29288
27444 60 52338
27525 230 92525
27641 110 79808
27668 170 67522
27715 400 12630
27727 430 83554
27730 310 4810
27739 240 84520
27811 400 92844
27868 440 549
27875 260 918
27935 250 18111
28094 420 79388
28162 40 13926
28169 440 89207
28188 80 11431
28346 310 10467
28360 500 267
28432 90 55182
28443 310 39525
28481 260 52774
28501 350 95030
28504 180 34239
28511 20 53128
28678 170 82320
28778 380 51482
28843 40 74926
28887 430 50162
28899 230 24722
28923 10 91806
28935 50 79188
29006 230 45687
29016 410 70020
29043 280 30830
29065 440 27951
29072 180 7189
29075 190 79352
29112 130 51679
29114 450 60208
29136 60 35884
29209 370 30237
29210 380 36321
29239 360 90154
29258 360 48989
29290 20 51741
29300 170 11677
29331 10 91255
29350 100 78877
29355 330 73336
29374 280 99442
29400 450 78441
29450 230 25587
29466 280 62063
29492 270 3037
29533 440 48020
29604 340 61805
29608 50 70819
29642 470 4590
29649 30 78143
29657 210 70786
29663 460 72869
29908 400 38902
29918 410 62425
29956 310 1765
29979 360 37875
29984 110 69056
30014 80 8081
30054 190 94021
30064 420 38708
30109 370 66021
30214 470 85351
30217 300 33354
30299 170 42050
30316 220 338
30325 60 64021
30347 350 43483
30351 430 69168
30370 80 43364
30383 10 20363
30404 410 55262
30413 140 69327
30423 410 19412
30445 20 6607
30465 420 91625
30607 330 9929
30651 270 40640
30728 150 68459
30819 440 87078
30899 420 11196
30913 360 50126
30934 120 18178
30935 40 54414
30989 20 39744
31005 190 17958
31032 390 14224
31050 410 94503
31068 320 91767
31105 490 94213
31205 490 82445
31211 460 82985
31239 280 10502
31279 50 70708
31320 10 62744
31332 150 12787
31386 310 42031
31402 20 1678
31516 340 61839
31523 450 95686
31531 170 88600
31609 430 62162
31656 220 25583
31658 20 19988
31738 110 34318
31756 240 93095
31783 240 25149
31841 450 11576
31866 450 77917
31902 110 42943
31915 20 85798
31982 370 83315
32091 110 33378
32166 250 85783
32177 170 30522
32204 240 96280
32213 410 23588
32277 460 9289
32360 350 9790
32384 450 21041
32406 160 17082
32428 90 7706
32477 480 68461
32514 180 56356
32552 250 33203
32560 60 47943
32638 350 79453
32650 290 20274
32660 70 8545
32660 290 19562
32678 10 19974
32710 150 20622
32771 220 96259
32778 150 36627
32934 310 1185
32972 360 67121
33018 280 13575
33080 490 51793
33143 10 71708
33147 80 62332
33175 50 96506
33178 290 37366
33179 110 64332
33200 40 87155
33283 320 28106
33301 270 18626
33306 130 84118
33362 240 42479
33547 230 58951
33677 200 98481
33752 380 46734
33789 310 96206
33835 20 752
33843 170 28813
33853 220 45540
33862 40 62877
33881 260 12214
33897 330 81572
33918 440 46965
34079 390 16007
34106 60 227
34118 240 21774
34145 100 44466
34152 130 78621
34214 290 19473
34218 490 23384
34225 70 27665
34254 210 57339
34275 30 74920
34303 260 36781
34343 120 99276
34379 110 27995
34387 330 6993
34431 60 95783
34446 370 89192
34453 310 72908
34508 190 81860
34558 470 43252
34599 490 30668
34605 410 25212
34618 390 5191
34620 130 13567
34639 490 46556
34652 200 71788
34694 240 18153
34705 50 81208
34732 390 82353
34766 420 5464
34772 370 40455
34835 270 14882
34883 170 26200
34912 360 87778
34919 260 20020
34993 490 49846
35016 350 4257
35033 70 75749
35039 160 14298
35063 190 72273
35070 260 14663
35081 70 79178
35120 320 56466
35136 500 56764
35187 340 60676
35224 190 80884
35282 450 96091
35392 180 38025
35494 90 21881
35510 430 96830
35538 410 87294
35560 100 79413
35573 320 44139
35620 400 8896
35633 430 62474
35689 270 84723
35741 380 61470
35748 100 62775
35757 120 47779
35875 240 55844
35958 270 502
35963 260 86883
36022 300 234
36069 430 91703
36070 450 28526
36077 400 57127
36081 270 78189
36084 110 51434
36084 310 69694
36318 30 56689
36373 410 25811
36426 80 42800
36432 30 15913
36460 140 96643
36487 330 87495
36504 200 93867
36550 410 20975
36552 310 86552
36571 290 70805
36672 70 47833
36865 110 44476
36923 290 21611
36984 190 83983
37031 90 93338
37059 490 52683
37162 360 60799
37180 160 2674
37233 60 80143
37246 280 56120
37298 380 88010
37355 130 99595
37368 320 56353
37437 430 87510
37454 270 88990
37595 60 16772
37606 450 65436
37786 330 82589
37795 480 97158
37845 440 53904
37861 300 27790
37962 190 40363
37975 360 54297
37980 150 92024
38101 70 50101
38166 310 69037
38183 60 83694
38184 310 7011
38194 10 46737
38202 60 96976
38228 340 81264
38233 310 72783
38331 50 68705
38357 140 1935
38379 370 1696
38431 50 20089
38471 410 9333
38491 220 4866
38588 410 91039
38609 70 70100
38713 280 84961
38734 280 56418
38825 60 42022
38827 360 60261
38867 80 81128
38904 230 88273
38919 330 9876
38937 320 16344
38941 190 6376
38949 240 80411
39032 400 83704
39035 440 69966
39057 390 83785
39060 470 95967
39061 330 95565
39069 40 27964
39070 230 71589
39091 450 7554
39125 450 3082
39170 380 91279
39200 450 87371
39202 70 71769
39207 190 33903
39213 320 69349
39215 390 95529
39223 350 20826
39231 180 83216
39249 380 56492
39274 220 84226
39281 440 492
39296 80 63241
39297 20 1476
39321 260 61170
39337 280 41825
39373 340 31120
39399 80 23893
39399 390 78015
39433 100 35421
39464 190 40118
39466 160 19943
39494 400 89622
39495 360 89926
39502 480 21187
39628 200 78176
39734 450 62426
39735 400 62742
39813 200 10852
39867 500 22536
39868 420 50663
39956 150 67059
39957 210 51110
40123 350 79738
40150 180 7632
40172 230 35041
40206 110 6641
40228 380 38990
40231 430 2305
40279 120 33053
40279 170 33463
40375 480 81760
40389 180 17913
40397 170 43866
40437 70 43610
40444 110 74031
40465 460 97264
40493 490 68179
40510 340 75229
40522 60 16366
40570 310 14062
40592 160 77865
40598 120 67540
40599 500 58679
40611 30 73437
40646 190 69821
40648 240 39741
40671 370 64895
40679 420 22419
40683 460 15233
40691 120 48563
40703 130 96112
40782 490 39969
40872 160 11339
41002 410 24194
41015 60 92211
41015 470 37561
41026 60 35809
41123 90 24700
41133 220 10342
41188 250 68538
41202 30 27434
41212 70 13667
41339 450 94800
41345 190 44555
41399 260 80992
41409 460 11563
41428 30 94021
41441 130 58543
41463 340 32053
41473 170 47941
41496 30 15488
41538 270 83908
41543 330 78571
41557 220 50127
41680 500 3451
41703 70 15574
41766 420 44576
41829 350 22547
41842 150 92205
41892 100 7506
41899 320 64398
41950 400 81877
41964 10 47472
42039 370 11845
42141 440 23130
42170 30 97472
42219 440 50319
42233 440 37074
42266 210 86068
42298 130 40811
42310 40 49209
42325 370 28170
42375 120 16145
42430 250 19388
42434 470 92843
42453 300 31662
42484 10 67829
42515 500 12508
42532 90 85203
42555 70 47585
42568 330 20952
42659 490 83796
42662 10 9033
42706 350 91135
42721 500 23305
42732 330 70147
42813 370 93700
42868 340 29987
42879 170 46619
42994 80 17325
43068 250 79113
43098 320 94487
43244 60 94095
43304 340 50183
43307 190 53643
43334 120 812
43365 420 75801
43377 140 85437
43387 300 767
43444 300 21248
43445 40 98772
43470 190 353
43504 350 10309
43519 120 29807
43595 410 63427
43604 10 88350
43620 190 76262
43681 360 83741
43700 460 13848
43710 470 21191
43752 40 42469
43771 430 72835
43798 220 19168
43847 410 26496
43849 90 22268
43861 360 49510
43897 470 94362
43931 350 10934
43970 420 4844
44067 380 65281
44093 500 8368
44139 200 29622
44198 400 1587
44248 340 86536
44248 480 51054
44280 160 10479
44285 160 25298
44290 130 74314
44294 330 44030
44311 30 74019
44322 210 99251
44334 370 78371
44345 280 41498
44358 480 4268
44371 70 87875
44421 80 39395
44459 280 30995
44467 270 82281
44474 290 6914
44492 420 13338
44604 70 15547
44625 440 66120
44635 350 90143
44665 400 81465
44718 340 68783
44786 360 21643
44791 160 83219
44794 320 58868
44807 180 46518
44879 10 97933
44892 10 67859
44920 180 39301
44975 190 57572
44994 190 69022
45018 390 13565
45154 370 277
45162 120 75952
45163 100 12582
45183 480 83012
45192 500 24114
45232 200 19694
45259 300 41578
45291 340 43113
45294 160 7874
45296 210 33681
45297 350 95522
45303 70 35367
45304 240 57928
45335 100 25777
45349 90 48696
45406 400 47924
45448 210 59725
45472 340 68657
45487 190 97417
45509 230 49807
45519 360 24545
45566 480 71555
45569 370 9570
45580 210 57985
45615 150 36417
45615 160 93823
45689 90 29698
45711 330 96890
45731 40 21843
45763 380 32162
45829 320 44172
45864 290 44700
45899 150 36375
45918 90 6404
45931 30 72490
45940 110 61931
45957 340 91453
45981 180 51299
46024 460 16415
46076 380 40132
46110 260 27789
46153 110 11285
46248 390 91700
46268 70 44970
46269 350 44675
46284 40 32067
46314 120 46883
46354 290 2988
46367 480 28011
46372 160 75180
46493 400 8002
46510 480 88296
46518 360 64817
46557 260 39959
46566 260 91047
46584 30 80907
46590 280 82279
46625 500 88006
46685 390 93184
46732 40 9494
46743 260 20817
46760 410 12955
46840 390 62438
46850 20 14333
46928 470 14788
46961 260 43732
47026 160 64712
47039 210 86100
47040 220 65114
47055 380 8135
47086 130 88163
47118 240 21371
47155 120 83046
47176 470 23924
47217 380 65564
47243 20 41784
47270 150 87471
47287 350 60238
47297 90 59345
47333 150 74043
47344 360 4311
47348 160 82434
47364 310 58361
47366 310 75502
47371 340 38892
47406 50 92361
47408 250 76156
47410 420 86288
47470 30 39610
47494 140 55254
47534 90 11902
47566 220 73405
47602 50 61605
47704 100 70640
47734 170 41627
47752 170 36865
47795 40 82444
47832 250 33649
47903 300 46966
47922 330 56415
47955 110 6307
48006 170 36126
48054 500 64118
48055 360 99127
48083 480 65847
48091 320 32183
48100 460 18141
48102 440 80911
48120 360 5929
48164 140 89774
48225 310 73588
48231 450 85092
48243 60 38323
48276 500 95285
48280 10 97040
48295 480 13519
48318 70 20369
48346 170 74341
48370 310 91821
48378 90 84754
48421 350 82786
48446 60 66657
48461 300 52874
48491 320 92887
48624 130 50776
48701 100 58103
48705 470 88663
48755 470 14957
48773 150 11757
48776 60 11681
48779 220 46982
48793 190 41899
48842 320 88308
48865 270 17174
48874 100 3484
48968 230 60723
48977 230 22317
49007 410 20036
49040 360 97240
49131 260 8243
49145 350 21835
49275 20 60548
49310 250 39057
49313 60 58284
49323 350 94751
49334 40 33400
49348 50 65458
49361 290 40699
49366 480 60470
49396 460 22953
49504 410 20453
49506 270 39289
49512 190 62137
49512 370 60565
49559 310 47093
49562 20 55586
49587 150 77078
49588 350 19730
49640 120 72488
49658 150 26079
49708 400 20406
49715 250 86681
49722 200 61219
49728 380 72326
49749 470 31231
49754 280 85827
49761 260 11140
49809 280 51863
49840 340 12004
49892 460 32630
49902 470 65798
49909 210 50655
49917 390 72107
49982 470 70853
50089 370 85056
50090 290 63849
50169 340 98364
50187 70 50987
50229 20 49821
50325 240 677
50340 40 26490
50439 90 55852
50443 290 593
50470 60 52390
50474 50 60486
50643 400 77922
50701 430 50520
50705 430 75908
50781 410 6261
50854 430 37679
50890 490 22024
50951 440 60942
51044 440 43730
51056 360 88790
51208 230 74792
51326 470 53435
51354 470 75529
51358 200 12038
51387 270 81995
51394 90 3717
51404 200 68162
51421 410 73832
51442 350 32757
51445 460 82290
51451 230 17728
51474 430 26612
51515 250 7237
51538 100 41302
51548 320 39035
51557 40 44810
51558 290 76955
51578 420 19919
51619 440 43966
51635 50 81076
51635 160 31264
51676 460 71607
51730 440 30952
51805 10 25506
51817 110 15203
51919 410 10914
51932 260 53885
51956 70 18842
51969 380 86830
51980 120 2879
52004 20 79383
52035 440 342
52038 300 93570
52127 260 22817
52163 270 66492
52239 300 17508
52318 130 72723
52320 250 68222
52399 260 63658
52465 470 18159
52474 340 55454
52483 10 69141
52484 500 51146
52486 380 80250
52510 30 80993
52573 90 60347
52585 70 92388
52849 250 30589
52886 440 61859
52888 30 10638
52921 330 94554
52947 190 67382
52982 310 55926
52997 170 7100
53007 100 7720
53021 220 64060
53041 260 88194
53049 190 59017
53051 10 90023
53108 320 44282
53210 410 79066
53235 500 14528
53264 180 10334
53270 480 41800
53292 190 49528
53395 450 96047
53424 350 81847
53448 250 75877
53477 440 63656
53497 490 72366
53499 360 56449
53565 290 3509
53639 60 9077
53652 370 79190
53666 300 7579
53669 350 9002
53677 360 90230
53746 90 98125
53757 370 61328
53760 300 9877
53776 380 77420
53827 370 63185
53840 250 2680
53863 230 61040
53871 370 85305
53875 410 2253
53911 10 66756
53915 500 96676
53967 460 12970
53970 280 40356
53985 430 90385
53992 50 27258
54091 340 82551
54142 400 3239
54166 120 54314
54207 100 9660
54260 250 407
54267 140 99768
54328 380 8425
54354 220 20578
54388 300 1638
54415 210 51318
54470 450 4943
54497 120 95404
54523 450 30056
54532 380 68973
54535 150 6433
54540 130 30446
54547 400 13799
54570 270 4633
54580 490 88173
54601 230 54861
54628 140 63138
54660 300 3103
54719 370 99654
54768 210 9942
54819 270 31909
54823 80 78299
54835 280 7100
54898 150 7183
54901 340 18186
54968 240 90557
55022 70 45382
55055 440 20775
55124 220 16761
55142 290 19878
55195 210 39435
55264 340 72630
55363 190 38651
55452 150 78730
55471 320 75631
55514 180 77691
55595 110 92930
55622 200 43931
55625 290 73068
55640 300 91274
55691 130 41318
55743 390 60461
55743 400 26518
55759 390 76052
55781 180 39688
55870 140 30194
55899 200 69005
55936 500 4391
55941 120 90704
55947 130 53347
55951 500 31478
56017 410 18228
56056 150 77823
56086 270 75987
56106 10 87401
56137 500 13813
56142 170 64804
56228 280 43485
56231 90 62614
56234 350 1037
56263 300 95061
56279 470 94848
56294 120 52042
56332 490 10559
56360 400 52116
56405 250 51231
56407 250 60103
56430 220 29137
56487 250 74672
56524 160 5639
56533 40 42689
56573 300 49932
56583 230 34539
56669 500 18549
56711 270 11952
56725 350 57057
56768 160 45749
56805 410 55775
56819 430 50722
56868 240 36544
56879 450 68453
56945 470 45399
56981 180 2713
57014 490 17533
57037 270 53993
57127 140 89895
57159 120 82656
57267 80 51812
57267 190 4981
57280 140 33042
57362 250 18841
57371 310 32288
57397 120 63265
57441 280 98590
57466 300 90863
57469 30 51342
57497 390 20816
57506 120 81816
57599 330 72520
57601 400 69541
57608 400 44073
57712 450 37421
57725 150 54217
57751 200 98254
57760 280 62219
57808 10 28998
57911 40 46788
57931 30 92033
57935 250 26479
57954 390 41583
57984 60 69813
58033 490 35736
58036 270 14438
58174 110 87726
58175 140 88923
58187 280 91035
58188 90 13440
58189 90 86984
58192 180 56353
58220 400 96200
58267 250 269
58304 320 22159
58304 460 12682
58317 170 43533
58339 200 5011
58359 210 73200
58385 280 54039
58412 370 33103
58458 120 51333
58537 220 12835
58547 100 71542
58558 60 45470
58601 420 48940
58628 320 7493
58628 340 58442
58692 160 75854
58746 430 86576
58794 100 55696
58812 230 7881
58833 490 40452
58864 160 50072
58959 450 76629
59081 70 89897
59117 410 71621
59168 80 80439
59176 20 18551
59204 480 13555
59224 170 80118
59264 30 29612
59325 230 36721
59344 310 82691
59376 120 44629
59427 20 34978
59431 230 73397
59440 320 78816
59444 370 51711
59502 340 55839
59528 420 27955
59561 270 12001
59624 500 26396
59632 40 66500
59642 340 29515
59656 170 17249
59673 70 26058
59673 220 35723
59674 230 92450
59704 410 51396
59717 330 10632
59758 410 29790
59760 180 38725
59762 300 31243
59790 430 18604
59793 60 69828
59797 10 67729
59871 240 1770
59898 320 93958
59921 170 45110
59943 360 89074
60102 150 7375
60164 80 86275
60208 490 46054
60318 190 76144
60345 350 56689
60346 210 24434
60428 490 4184
60440 340 36696
60514 40 78319
60577 170 55808
60592 90 60158
60595 200 43859
60596 380 35511
60597 210 12137
60607 340 74190
60630 30 11197
60652 60 83662
60663 350 27262
60729 330 71844
60748 70 12684
60752 390 36023
60805 200 38675
60809 420 15134
60813 260 55537
60838 310 93188
60849 430 8610
60855 490 1484
60928 140 3871
60964 260 20460
60965 20 37697
60970 170 50754
61017 50 41514
61019 460 78873
61103 40 28807
61127 140 80791
61210 180 47514
61252 290 4553
61270 310 353
61291 390 50100
61320 140 57788
61370 400 11918
61381 90 91906
61387 320 48041
61429 80 25083
61448 240 8920
61500 340 98362
61513 470 18214
61546 310 16633
61569 300 62024
61594 300 89629
61613 470 64098
61678 410 12643
61718 310 34538
61755 190 91324
61782 300 75808
61859 270 44569
61888 160 7469
61906 480 40662
62025 260 12819
62034 30 11724
62107 210 20083
62147 410 73710
62233 110 81671
62234 290 58296
62241 290 11197
62275 180 8015
62335 310 64796
62358 400 22598
62390 20 49506
62420 210 78312
62460 470 18982
62472 130 65905
62474 410 28817
62561 370 41612
62596 380 59579
62597 30 62418
62615 290 40437
62625 80 46874
62705 320 98088
62749 250 49583
62775 190 49118
62795 380 98845
62797 20 59149
62826 220 58982
62919 150 51304
63041 160 32830
63065 160 60993
63097 90 52256
63202 200 84157
63357 200 4968
63393 40 12822
63414 170 95017
63483 60 33674
63512 80 80414
63547 60 51190
63558 430 35018
63561 190 36430
63572 120 6183
63585 260 78323
63634 50 81757
63654 320 80065
63684 290 75226
63693 110 62608
63843 30 9713
63923 200 89940
63969 350 16766
63985 270 66419
64057 370 34013
64080 440 15068
64092 310 35272
64095 500 43473
64196 220 76721
64220 270 91464
64231 390 91731
64330 90 3586
64372 100 93733
64415 180 46235
64444 460 30192
64475 50 94038
64476 30 80407
64492 240 63215
64494 430 65928
64505 360 63602
64512 220 67724
64547 390 84248
64589 430 74398
64666 310 4138
64807 50 43277
64810 500 47520
64823 450 22534
64826 180 29273
64831 40 14283
64918 330 83605
64971 490 44024
64982 480 15128
64983 230 48232
64990 310 89628
65019 290 56183
65100 140 62518
65111 230 25533
65150 260 23433
65335 160 44036
65424 210 64780
65426 320 67788
65460 180 86997
65462 280 50006
65539 310 63574
65589 460 23376
65729 480 43808
65734 350 58643
65788 460 67686
65858 130 61075
65897 500 61719
66001 80 74277
66032 330 95389
66086 320 86145
66105 10 31666
66147 470 49727
66159 80 81482
66164 460 172
66191 140 19366
66210 140 55677
66214 110 69790
66218 460 11369
66232 140 87263
66302 10 3593
66338 60 28689
66364 90 11188
66379 480 60032
66385 250 85140
66456 10 72047
66472 60 75496
66476 210 17345
66523 420 28613
66586 330 44526
66596 490 20615
66692 160 13040
66730 400 92080
66734 490 59483
66738 200 19272
66802 10 47497
66840 290 92682
66882 70 21513
66905 200 40986
66921 490 60962
66960 300 15834
66971 220 8965
67010 330 33193
67035 290 86506
67088 70 21430
67107 460 9800
67133 270 54454
67228 470 96802
67237 70 87263
67292 10 73781
67297 500 29332
67313 70 81950
67342 360 50312
67351 460 91557
67520 50 30913
67560 340 41149
67640 380 94802
67654 60 26801
67690 40 40892
67710 360 1413
67718 280 71885
67744 90 37255
67777 480 49035
67795 230 44190
67826 280 72035
67892 400 78663
67897 390 1035
67933 90 52186
67954 440 47682
67976 50 83149
68013 460 15042
68023 340 65519
68042 80 46788
68048 100 28418
68049 360 17032
68130 250 33906
68164 220 54508
68177 320 9834
68222 400 8248
68236 160 8126
68246 230 98030
68264 130 27742
68300 250 6585
68362 280 15748
68479 480 30047
68501 220 41655
68526 290 72484
68557 370 69988
68623 400 48170
68635 290 72004
68643 270 72622
68648 50 8078
68726 230 18615
68815 380 74004
68910 300 70006
68936 400 21273
69054 130 42590
69079 290 39059
69108 350 58230
69125 10 66027
69167 250 73224
69175 330 1058
69198 450 57298
69227 250 99467
69276 170 20142
69292 240 46395
69294 480 51912
69388 350 14997
69396 100 75349
69454 200 8265
69462 330 90959
69563 160 83793
69563 440 55493
69566 240 93732
69594 120 54945
69607 100 96645
69628 80 29827
69701 170 95307
69749 310 48878
69757 80 60282
69758 450 69152
69792 130 15494
69798 40 44435
69815 80 7822
69852 250 41265
69859 300 60003
69896 390 95801
69926 50 94799
69941 70 47555
70040 140 7334
70042 100 83491
70056 150 89330
70063 410 15320
70070 260 42173
70096 200 10335
70156 140 16253
70172 40 28498
70185 330 66746
70284 350 49472
70287 170 39429
70321 100 56608
70360 210 68194
70384 420 47001
70395 150 45741
70449 160 72489
70493 210 61394
70510 480 17938
70526 140 75215
70546 190 19006
70674 450 70738
70698 240 78852
70772 210 75882
70829 270 29514
70839 40 59494
70858 460 45294
70889 490 70956
70989 340 59520
71061 420 11272
71127 200 46492
71148 310 43506
71152 450 55241
71206 30 16312
71371 180 85740
71374 450 52889
71376 250 45327
71411 370 53993
71420 420 96274
71426 260 86582
71468 80 8399
71533 230 46204
71541 10 12532
71588 20 22354
71590 370 43621
71647 420 78532
71667 140 18870
71692 70 16495
71738 360 62652
71836 190 10896
71840 90 1221
71874 80 23216
71916 140 94661
71918 350 22933
71928 50 52815
71946 470 56944
71974 440 9837
72066 500 63473
72125 310 5736
72165 330 29819
72175 130 24119
72200 90 1164
72248 140 39530
72283 50 64432
72365 60 32849
72391 230 29189
72396 130 34799
72415 280 36687
72428 490 19655
72433 40 63820
72519 70 28126
72570 240 79273
72587 270 61066
72591 60 10008
72594 290 60360
72605 250 71545
72644 130 59244
72652 190 17400
72734 360 22822
72762 300 93677
72840 200 21777
72874 480 39693
72902 10 62188
72961 260 96891
72979 500 35433
72983 200 27828
72989 490 74528
73024 390 69742
73027 460 89473
73056 110 43969
73092 330 15515
73109 170 59964
73144 370 95275
73169 250 88186
73218 120 9857
73233 120 4431
73250 210 74113
73283 500 72162
73323 20 39240
73333 290 94652
73336 100 22681
73370 290 72989
73416 130 89239
73418 280 76688
73507 90 97703
73581 100 45095
73584 370 29377
73689 130 2838
73751 90 44619
73765 10 17620
73771 470 8517
73790 470 20887
73796 300 71955
73831 140 58549
73888 290 88076
73976 280 62912
74024 190 42097
74050 420 99745
74053 470 70559
74060 40 48631
74076 370 40738
74087 130 65910
74105 40 86051
74113 300 14746
74164 410 2807
74178 370 7293
74186 390 69694
74188 260 27945
74191 70 86844
74192 330 64795
74244 230 95707
74254 80 65285
74265 210 56917
74276 480 64451
74280 330 62636
74294 200 80425
74300 100 59471
74319 250 36577
74396 260 46403
74418 470 20403
74511 250 16946
74557 240 89060
74558 340 52894
74562 420 60548
74567 260 73674
74610 420 58001
74684 250 17008
74691 10 52697
74799 150 70192
74833 400 67200
74834 190 83841
74836 50 67215
74839 160 77215
74840 170 59655
74874 360 73397
74892 290 46264
74911 20 4135
74962 390 4782
75020 90 69812
75133 40 94227
75239 150 49673
75239 400 24039
75243 100 46370
75299 490 43650
75303 310 79777
75329 430 94735
75333 410 8756
75353 310 91948
75361 120 38040
75369 370 24442
75428 290 76374
75444 60 50722
75452 90 33684
75452 480 53130
75679 50 66434
75690 490 55203
75721 150 11654
75731 420 3333
75743 270 42318
75746 200 2151
75860 380 43896
75896 200 60260
75906 300 73844
75938 450 46368
75955 470 27836
75985 330 36613
76003 70 90057
76078 90 80340
76080 150 39733
76116 340 85381
76139 150 95642
76174 70 96541
76258 300 1900
76259 480 43368
76329 230 2953
76435 270 98618
76436 170 31725
76438 370 11576
76463 110 30754
76502 150 85262
76538 420 9857
76719 210 6008
76747 120 26811
76765 340 50087
76776 230 79768
76776 380 25556
76803 340 34315
76830 120 91655
76835 390 99868
76837 440 39766
76844 460 37373
76850 20 42359
76962 120 83152
76962 210 5669
76969 30 42644
76971 50 26122
76987 140 98752
77030 430 69548
77041 440 6511
77060 450 64911
77082 190 92563
77111 10 54692
77147 240 30310
77167 330 52745
77208 50 46802
77269 20 55886
77282 450 26414
77334 460 36249
77359 200 43830
77412 330 19423
77417 60 37522
77450 440 77550
77505 100 60655
77509 140 45542
77560 230 93275
77561 330 81304
77575 500 95347
77579 140 79907
77588 320 6425
77607 450 55003
77718 350 94510
77723 490 80276
77762 310 38889
77772 70 99637
77807 380 51465
77847 500 83325
77884 100 95430
77917 130 50085
77919 110 5828
77972 280 75029
78045 10 54437
78113 280 75022
78163 490 33491
78172 50 23662
78225 430 24933
78237 230 43382
78253 230 18150
78291 160 53485
78333 290 99491
78355 130 73392
78370 440 7991
78433 40 5377
78485 130 33815
78523 30 66168
78539 40 24984
78550 400 88052
78714 30 4672
78715 80 58973
78765 460 40995
78772 480 27167
78781 440 15129
78840 240 25250
78856 190 20355
78864 150 91682
78885 470 14885
78936 20 96958
79002 110 73906
79004 500 65315
79093 100 29285
79144 100 1063
79170 350 91072
79214 70 58675
79291 450 84057
79331 110 14857
79334 210 67017
79340 70 90544
79361 200 98297
79457 10 14942
79496 60 85716
79551 390 14650
79584 310 64595
79604 220 86334
79699 460 74684
79730 210 30336
79737 30 4532
79746 490 85117
79762 360 76948
79858 130 49468
79920 460 67068
79936 100 59394
80141 10 74797
80174 150 56004
80181 120 29359
80199 290 60969
80228 390 77003
80239 10 12588
80253 440 55229
80298 370 14844
80355 330 7545
80412 340 58655
80425 420 96389
80435 20 42120
80479 500 5114
80570 390 12214
80621 140 5797
80621 290 87824
80635 400 90960
80642 30 54903
80664 20 71427
80668 50 41688
80755 290 24957
80811 250 20323
80837 270 57388
80847 230 86370
80928 30 35168
80948 220 77232
80958 260 16793
80978 150 14117
80999 370 5833
81094 460 89777
81104 110 52110
81154 210 69281
81209 210 98072
81259 490 88387
81275 380 42410
81283 50 54699
81316 220 71650
81349 150 79598
81358 290 19425
81371 270 17694
81392 30 9647
81404 500 70371
81490 440 66610
81521 340 15484
81556 190 73684
81617 500 13522
81628 160 42209
81660 190 94539
81683 50 99325
81920 470 94837
81950 170 42341
81958 390 18348
81996 130 87258
82002 70 88830
82032 80 71039
82090 380 97825
82226 180 60010
82283 500 49113
82370 460 22278
82385 440 1684
82387 330 54083
82402 320 94085
82474 240 41838
82561 240 39791
82589 320 80901
82616 40 13042
82710 490 29834
82712 420 89059
82717 160 13464
82738 50 88659
82740 280 10353
82794 440 36953
82828 110 67271
82881 240 37967
82896 180 4293
82913 180 60309
82934 160 7288
82953 380 51995
83021 200 53343
83085 380 61494
83160 200 55081
83259 380 39672
83279 280 47104
83341 450 4950
83347 40 94683
83373 300 20815
83382 410 56955
83419 380 9345
83425 100 13920
83481 390 22301
83498 70 71152
83553 340 13068
83557 420 6324
83655 210 66688
83668 180 53289
83669 130 30958
83670 300 6925
83677 320 99812
83705 240 27936
83705 320 80423
83717 380 45264
83755 60 48398
83761 200 41317
83770 10 55543
83796 210 79019
83821 150 12403
83843 300 74582
83852 50 95352
83881 290 27225
83910 110 70975
83910 470 1127
83919 280 42795
83927 30 11095
83949 450 24535
83966 120 62299
84028 30 78163
84103 220 4473
84132 400 31556
84153 40 14167
84197 160 23520
84271 320 28403
84343 140 97215
84348 420 69788
84373 430 59791
84434 140 32760
84451 200 26741
84457 420 93717
84525 50 45816
84574 210 25280
84629 430 18988
84636 230 18430
84702 90 53097
84757 120 9304
84794 480 28724
84801 110 8761
84828 50 12760
84843 180 57428
84855 240 37728
84862 220 89916
84870 60 53591
84885 110 11548
84912 140 78050
84922 190 744
85028 200 86365
85044 390 56831
85150 70 3082
85165 150 61534
85166 110 91195
85167 410 66979
85173 90 9828
85199 470 63531
85229 20 29448
85274 60 16226
85307 170 85293
85310 390 58535
85364 360 35908
85373 370 18762
85440 480 34856
85441 270 52953
85464 180 5740
85481 40 48806
85495 490 32297
85602 110 37973
85632 390 32368
85713 380 55405
85741 480 7870
85897 280 99259
85899 310 35766
85923 200 97172
85995 230 59211
86003 10 37534
86061 250 47747
86061 370 94898
86071 480 39267
86092 380 14102
86111 190 16491
86162 440 93048
86267 140 93113
86284 180 1853
86303 500 50805
86328 400 15361
86394 20 15611
86403 310 92331
86456 240 5259
86489 20 50320
86528 80 20639
86534 120 57688
86573 140 6431
86578 120 30903
86578 210 2499
86605 150 3852
86634 370 62071
86725 310 88124
86746 130 57434
86761 470 17679
86834 70 58873
86846 120 37123
86856 160 10319
86910 440 38502
86917 450 89020
86950 350 20052
86973 110 55573
86981 350 43084
86990 100 32432
86990 360 49581
87031 360 44736
87048 360 3471
87051 440 93076
87069 70 28865
87092 120 29985
87157 190 84794
87157 330 67058
87166 240 43224
87171 110 41307
87190 350 83988
87205 270 34558
87251 40 17069
87266 400 70822
87312 100 34399
87353 90 43218
87357 50 85250
87369 350 20462
87403 70 98604
87413 210 12979
87439 160 2668
87443 480 82173
87460 90 46060
87471 480 92697
87517 120 9048
87523 460 91288
87573 170 75216
87600 230 97783
87672 470 70135
87700 200 39287
87751 400 46773
87776 180 76732
87824 330 30176
87845 380 6522
87857 230 44051
87876 60 3690
87880 430 64604
87901 160 72482
87943 110 15803
87953 460 36314
87978 250 26548
88005 150 23003
88016 230 2909
88045 410 415
88067 390 39831
88087 270 13841
88173 40 82581
88218 140 83136
88219 30 8459
88255 50 37802
88255 500 56443
88286 410 39777
88289 10 51409
88335 190 63324
88336 210 53023
88383 220 46955
88391 390 97599
88421 240 38372
88429 460 53595
88448 150 8724
88507 170 6042
88507 420 99147
88608 20 53989
88653 250 10170
88676 40 83954
88695 60 1970
88768 440 6452
88773 280 81895
88795 140 98766
88827 20 6958
88851 470 77737
88887 10 43738
88925 240 22274
88945 450 91338
88980 390 93987
88985 310 91151
89008 90 74798
89063 200 97124
89104 160 61534
89128 470 6902
89137 140 64332
89161 10 63821
89178 340 91633
89219 450 81455
89259 490 88143
89261 500 65888
89312 120 81484
89324 360 38512
89427 340 73999
89464 260 37218
89474 160 49058
89535 170 72038
89537 270 10180
89576 20 84518
89677 170 56250
89685 30 3062
89686 100 6998
89723 130 98203
89905 50 68658
89921 220 53269
89928 60 60952
89946 490 94253
89973 440 50004
90024 420 41027
90068 350 91864
90074 190 26934
90085 370 98698
90094 300 33923
90121 100 68492
90125 40 69985
90139 60 41466
90234 150 8353
90252 110 88967
90314 260 88827
90338 380 47128
90431 400 85493
90535 380 16897
90597 500 16487
90601 430 31684
90620 480 20855
90646 320 82098
90658 400 70199
90684 70 56411
90702 240 92777
90753 440 44886
90844 30 75715
90854 180 49763
90886 220 49038
90889 220 15739
90926 200 63660
91021 370 73972
91030 140 47776
91061 380 5234
91063 140 87649
91088 20 71173
91130 210 1804
91235 90 10413
91249 390 34707
91294 270 84355
91297 220 68794
91318 270 91302
91324 160 59181
91367 320 58384
91388 70 38158
91446 50 39264
91460 300 7647
91476 260 91967
91532 170 4629
91553 20 61025
91628 150 91494
91725 490 71079
91739 410 99137
91743 180 16019
91779 470 63077
91795 410 1528
91823 470 24509
91828 350 41941
91874 50 88419
91906 50 45332
91916 320 78768
91927 180 74560
91935 210 9083
91955 120 51865
91983 40 64383
91999 420 35520
92001 460 65509
92139 430 10498
92224 390 78206
92233 450 76559
92253 490 54166
92263 80 67202
92328 200 1214
92377 240 90323
92424 240 18391
92474 280 69220
92477 80 31460
92561 130 86710
92572 210 83809
92589 50 852
92631 210 3221
92662 110 43932
92714 300 34678
92736 280 64092
92740 500 56005
92791 320 77299
92805 290 84771
92823 490 31296
92922 260 6611
92963 100 98155
93001 280 18034
93006 400 27794
93043 180 58573
93049 50 21515
93058 270 2063
93063 250 32871
93081 110 55646
93088 260 78954
93105 180 18981
93220 90 49632
93222 30 9761
93243 250 18509
93301 220 59688
93314 490 78564
93317 340 53172
93383 300 26312
93384 230 11073
93419 330 90506
93512 410 38313
93570 390 9762
93613 310 90947
93644 220 10516
93676 100 815
93736 260 21320
93852 70 2508
93852 310 3386
93853 410 67245
93866 450 24614
93897 300 92962
93993 390 52569
94052 440 21769
94096 120 12717
94152 80 66329
94197 420 46462
94220 240 16949
94253 10 14565
94297 450 11003
94312 280 10715
94326 290 24316
94409 460 57404
94430 60 89952
94500 250 99989
94509 20 56001
94545 120 63554
94560 370 51249
94621 390 47995
94652 250 22716
94736 310 98881
94750 490 60503
94776 90 25477
94816 130 39102
94877 390 70268
94884 90 91860
94899 90 38557
94950 80 26617
94976 160 46544
95052 170 68160
95093 220 49691
95130 370 63332
95184 80 29970
95194 150 8497
95214 480 34127
95301 360 79167
95311 50 8399
95409 440 39716
95418 230 60268
95442 50 82111
95450 280 55160
95458 220 98967
95533 240 72537
95537 340 63231
95588 260 45957
95600 100 766
95609 330 65899
95670 110 3293
95703 170 70538
95704 470 61172
95725 190 19978
95766 180 2993
95822 250 61728
95827 100 26292
95851 340 66786
95880 260 90942
95898 490 54671
95935 160 19032
95970 460 17909
95997 100 84855
96037 410 97797
96047 420 99087
96066 360 60681
96074 160 55758
96272 10 90224
96283 320 93108
96327 500 80763
96337 240 35313
96371 450 571
96402 300 13895
96410 170 46024
96418 500 86825
96434 30 14455
96446 210 11678
96449 130 50995
96461 330 83574
96466 150 78828
96487 190 41065
96562 250 66924
96611 160 21029
96616 10 43792
96620 370 12363
96630 260 77042
96686 300 61403
96689 120 70249
96731 290 56373
96744 200 36516
96791 290 10004
96796 80 95013
96837 300 56691
96851 150 73338
96939 360 96570
96996 150 11557
97022 190 73593
97098 110 92579
97160 500 17044
97168 110 50340
97172 450 55571
97184 480 43779
97275 110 4510
97289 40 97663
97325 70 73608
97513 420 50342
97550 160 79984
97565 350 73583
97569 400 40625
97607 300 54094
97685 430 33511
97692 280 78722
97729 240 92735
97757 480 21165
97785 60 80730
97838 470 14191
97974 30 34546
97980 60 60689
98018 30 14210
98055 360 14734
98071 80 52267
98150 350 34154
98156 300 57201
98242 100 8286
98273 30 13433
98347 470 39224
98350 440 57420
98368 170 19178
98372 380 32460
98375 340 42444
98396 400 13598
98417 380 25313
98419 300 98116
98471 160 1540
98474 210 87992
98476 30 29665
98510 170 54695
98524 30 34985
98524 290 15845
98535 20 72559
98537 90 59487
98545 80 27032
98546 330 69975
98566 500 60666
98574 130 27093
98596 320 4184
98620 160 81270
98636 70 93191
98663 490 7945
98665 480 21020
98679 380 50997
98692 80 53222
98695 380 64352
98705 120 5206
98725 220 56288
98729 440 80967
98785 350 75322
98830 250 53022
98867 400 57731
98947 400 85242
98950 210 59548
98968 270 48935
98971 420 52627
98981 40 39856
99070 90 99618
99070 370 69312
99078 170 86352
99093 330 68486
99126 130 53331
99127 380 67912
99132 20 66164
99178 420 7092
99191 480 72568
99193 210 50712
99218 20 95399
99355 120 25221
99356 250 65912
99409 210 84829
99415 230 2010
99463 230 69051
99472 140 56734
99481 230 50038
99484 130 7049
99487 500 32280
99496 290 86689
99561 30 32069
99607 490 25013
99658 40 88642
99706 400 18613
99709 230 66667
99738 310 83949
99779 400 44626
99783 80 55593
99784 180 92004
99788 170 2494
99792 180 89241
99816 370 725
99833 280 19591
99878 260 61723
99915 260 6181
99927 280 773
99947 340 41091
99985 140 86781
