3000 10000 28971 61837
114 150 29550
145 90 40602
147 75 75753
171 10 3691
193 120 61111
198 220 30919
228 175 25525
260 50 15933
271 55 5333
281 55 44914
290 55 62611
348 40 67414
348 175 36807
520 75 70652
580 80 27305
599 40 89680
623 205 54018
722 180 92282
780 95 26417
789 180 8562
879 180 12147
908 150 34217
962 135 91625
964 15 74365
1018 35 82547
1028 110 87062
1097 185 1546
1114 70 16719
1168 205 24860
1183 90 52840
1259 35 43924
1260 20 20362
1272 25 21510
1345 95 30258
1361 40 57654
1402 40 1890
1405 120 67944
1415 180 98346
1420 65 27451
1456 30 53374
1479 220 11313
1545 195 16511
1564 170 89184
1613 195 50960
1654 20 44333
1732 155 80279
1802 210 64330
1813 140 33163
1843 55 91452
1855 130 34665
1890 225 42626
1951 115 4191
1951 175 95648
1970 10 75276
2122 25 69959
2156 250 49318
2166 150 47120
2172 215 97072
2222 220 84021
2308 150 41586
2310 130 74693
2316 60 511
2317 65 45276
2409 245 18357
2504 60 25761
2514 40 19756
2567 175 90244
2606 135 46270
2639 125 31221
2680 100 84862
2694 20 31097
2706 5 32631
2763 50 32983
2798 55 66734
2799 65 60147
2808 55 64999
2853 120 97637
2891 250 36679
2893 230 30894
2902 10 72217
2932 220 89426
2951 180 64504
2960 220 71881
2978 55 81061
3078 55 20079
3078 90 4275
3080 90 93054
3267 100 11587
3314 70 70783
3409 225 90753
3481 185 67954
3492 45 74540
3513 120 41821
3513 210 86041
3553 140 2695
3579 130 74724
3585 105 35248
3611 195 59279
3643 55 85146
3644 25 1910
3698 110 42992
3743 85 83738
3810 200 43189
3831 210 36547
3972 90 77231
3981 15 51582
3981 20 79046
4016 55 59026
4060 180 95758
4095 30 36409
4124 210 32722
4179 165 73412
4179 175 77013
4257 115 17582
4298 5 41002
4305 25 88056
4323 150 40957
4339 100 11016
4346 200 77344
4401 115 59141
4415 95 82607
4417 140 95557
4449 15 54674
4455 250 20746
4504 90 63981
4534 25 59709
4637 65 5617
4671 170 14911
4704 215 22190
4709 30 36771
4773 170 94940
4788 35 29261
4826 5 76264
4870 25 14480
4900 95 23294
4920 195 41619
4928 155 90383
4983 205 92362
5012 50 58734
5025 160 58220
5049 160 52540
5070 80 11140
5070 185 74288
5118 40 32415
5161 245 5538
5193 240 81737
5223 125 60762
5247 200 65560
5254 80 51224
5257 240 74371
5295 205 99293
5305 250 45286
5370 190 14176
5394 150 38936
5448 190 87100
5459 210 66947
5535 230 41099
5557 125 93015
5572 40 72233
5585 155 1043
5648 165 59647
5655 230 15085
5769 5 69423
5786 225 96154
5798 165 30319
5867 100 5271
5900 75 4118
5912 105 54501
5916 200 17384
5939 30 5890
6098 140 42069
6165 205 7724
6182 200 29657
6210 70 42220
6210 190 18560
6210 195 52320
6215 5 11290
6256 165 91640
6278 160 98760
6310 155 70476
6333 140 86147
6389 100 72734
6404 230 12829
6409 220 79395
6467 150 82391
6491 190 53248
6504 220 16203
6561 145 61740
6576 195 8998
6585 195 73442
6655 35 52189
6683 135 30133
6687 150 33804
6694 25 42871
6733 140 67774
6747 45 72804
6749 95 31081
6818 185 65222
6831 50 97145
6889 85 82141
6916 95 49000
6920 75 7525
7012 220 19917
7018 80 1740
7019 135 63114
7107 105 16052
7118 25 24414
7139 100 71470
7186 25 12890
7207 225 60971
7227 205 54411
7311 75 1610
7354 230 10775
7359 225 90193
7364 145 72144
7373 45 65450
7439 190 48377
7521 75 43000
7535 65 98366
7552 135 90592
7577 130 9012
7641 140 76251
7651 25 31002
7665 150 19118
7756 210 64212
7821 80 69768
7830 185 11419
7833 185 63674
7882 150 59173
7907 105 3928
7935 225 66477
7994 15 37065
8011 125 87975
8037 215 83402
8082 20 96311
8133 215 5052
8137 20 68485
8159 250 7439
8197 60 63774
8213 85 25378
8262 60 60140
8281 115 9108
8306 220 92969
8327 185 38986
8346 235 43800
8367 20 45621
8383 240 11298
8394 180 83568
8418 85 26890
8455 155 45472
8464 80 53850
8585 80 8042
8642 150 77470
8648 215 66176
8762 10 17295
8803 110 29559
8806 75 5264
8814 180 39868
8857 205 86449
8871 205 75533
8873 60 43715
8891 55 33941
8957 35 73169
8958 165 26481
8970 10 84401
8973 10 84048
9068 100 58025
9136 130 78338
9270 30 43732
9322 240 55966
9394 210 39153
9451 75 64976
9454 140 64468
9484 225 63748
9692 80 57408
9707 170 30630
9710 30 70719
9714 65 77826
9716 45 23582
9731 155 90797
9766 205 37269
9786 75 86559
9790 205 41636
9811 225 69416
9937 45 64719
10037 170 88219
10044 145 55280
10089 180 31043
10183 10 30103
10195 120 53424
10207 155 78171
10215 25 69734
10249 180 2979
10256 15 84170
10299 35 93563
10325 90 42152
10364 240 93960
10370 200 26036
10406 110 25287
10432 70 92027
10443 55 88287
10445 240 62477
10452 80 13088
10476 150 35048
10480 15 69591
10490 15 38490
10551 190 28735
10621 210 17176
10677 120 53925
10682 195 67670
10696 5 84965
10755 90 36456
10784 190 15688
10853 165 59354
10862 190 19358
10919 145 43412
10931 220 75876
10939 225 62323
10952 30 37417
10992 210 49157
11041 165 82736
11059 75 43747
11107 65 1517
11112 95 76892
11121 205 78422
11212 125 22982
11239 110 73666
11251 100 43373
11277 160 73431
11303 235 27399
11330 220 5611
11333 80 67107
11369 220 42129
11397 210 60172
11416 215 57035
11504 155 94721
11505 160 90644
11528 50 78372
11577 45 24327
11608 195 67221
11609 15 61894
11673 205 3196
11731 95 44188
11745 30 83404
11747 230 17316
11751 120 74313
11773 60 51589
11797 225 85467
11812 165 38491
11879 170 20671
11882 20 65847
11926 30 19128
11948 125 24372
11950 175 58026
11991 155 794
12026 205 77427
12028 100 39333
12040 225 45425
12065 100 31272
12068 245 32326
12098 230 74244
12120 45 84414
12138 150 24136
12190 190 25136
12302 165 54323
12311 240 44082
12324 160 66636
12357 215 15153
12413 15 86984
12525 75 99780
12601 45 63416
12795 75 77053
12807 25 81415
12832 210 29865
12950 70 6596
12993 95 38930
12998 110 49516
13075 70 44259
13103 215 72567
13111 175 45536
13143 230 6646
13148 185 22395
13157 105 26018
13210 195 21486
13226 130 77816
13260 180 11045
13296 165 29375
13310 230 13649
13341 250 22674
13366 5 23577
13377 195 20046
13383 15 92838
13403 40 45883
13419 15 18907
13423 225 50633
13425 205 64204
13437 55 35143
13475 140 2277
13481 10 8826
13499 135 55891
13513 240 62385
13550 15 51530
13766 75 62480
13861 90 20931
13916 25 12224
13947 170 96340
13970 165 55530
14116 240 31442
14161 230 39013
14192 180 86571
14226 115 52415
14306 130 71040
14319 165 99305
14321 60 33897
14361 130 29195
14365 95 15377
14428 10 32825
14445 5 59458
14471 235 34459
14509 110 76302
14600 175 89123
14616 50 68317
14775 55 29399
14807 115 83096
14890 125 15199
14893 135 35814
14905 35 14167
15014 5 74707
15070 210 26457
15075 195 96814
15120 185 39004
15122 70 34384
15134 235 95439
15182 65 4619
15204 45 73749
15211 85 25677
15241 60 37652
15246 200 78876
15308 205 72040
15364 245 92406
15380 90 84321
15381 30 45707
15391 135 96842
15505 200 65677
15537 220 12113
15559 5 5557
15579 20 53383
15580 210 27421
15589 45 24907
15610 160 31127
15614 190 24564
15617 145 46500
15650 60 8756
15661 10 99780
15690 35 85820
15695 215 72434
15719 125 74662
15729 245 54912
15758 250 12025
15769 235 589
15780 135 42719
15790 240 57919
15811 220 22848
15818 220 29725
15831 125 20159
15872 85 64678
15874 145 45284
15881 85 69707
15888 55 37584
15918 200 97050
15937 75 19284
15986 95 98718
15994 140 23071
15995 205 82450
16018 65 86723
16022 95 95018
16068 225 67437
16171 55 52689
16188 45 84286
16259 210 66030
16270 65 87336
16284 25 86837
16284 145 82918
16327 190 5246
16336 225 66112
16390 100 68771
16390 165 61116
16438 200 31384
16534 230 27000
16559 205 75207
16581 50 26776
16637 165 26790
16699 165 99501
16750 135 85678
16874 15 1073
16877 35 66761
16932 220 56513
16948 115 72131
17019 110 70081
17060 200 73969
17077 40 87597
17127 240 85488
17252 220 58110
17393 220 62706
17444 90 37081
17458 250 65562
17475 25 26564
17492 85 28130
17614 10 8426
17659 165 48546
17662 185 19592
17720 70 12263
17779 35 46016
17788 120 88581
17795 190 14752
17804 50 69287
17860 45 60768
17953 145 44584
17961 175 93046
17995 95 55245
18015 50 31020
18019 190 22329
18027 15 42409
18048 100 24450
18052 25 5102
18055 145 85411
18141 80 97202
18176 10 42998
18192 5 10700
18207 150 52920
18209 105 85288
18246 120 1030
18298 70 42676
18301 150 83013
18318 205 87468
18336 10 19032
18434 185 72930
18452 30 86437
18462 60 34446
18485 195 18414
18562 35 19867
18577 185 20019
18596 195 27961
18689 190 27263
18713 60 2644
18729 35 1978
18733 60 60016
18757 35 44439
18773 90 1486
18811 185 35185
18816 175 6022
18838 245 2474
18844 130 98054
18846 110 19005
18847 185 10186
18879 210 31780
18888 90 51751
18945 10 10519
18967 120 15738
18974 45 26956
19068 110 32574
19103 65 51661
19130 225 14106
19163 5 75905
19164 20 22772
19172 145 44201
19188 215 5667
19213 150 52022
19219 230 59888
19230 95 51053
19307 115 87189
19344 160 11828
19375 145 7877
19455 60 37504
19583 155 42456
19609 15 32822
19625 130 12583
19626 60 34328
19673 170 45267
19735 40 23288
19739 90 78522
19784 240 15710
19792 155 56901
19813 170 47464
19876 190 75612
19944 230 35708
19958 155 36960
19961 10 82551
19967 245 10653
20025 100 95870
20050 120 49534
20050 210 4587
20069 40 13218
20072 175 29971
20122 190 79950
20135 145 85383
20146 225 7599
20201 215 14814
20202 80 29876
20204 200 10615
20257 200 15802
20278 105 44641
20315 210 98082
20352 30 36463
20359 210 10752
20376 245 99840
20382 215 45708
20454 45 43404
20461 225 59492
20484 130 10960
20511 100 10056
20546 195 49987
20564 220 43289
20575 85 32744
20600 250 66032
20636 35 3970
20639 55 72449
20663 185 88580
20676 75 7453
20710 230 23489
20741 10 49117
20771 120 60945
20782 40 82496
20801 230 15388
20901 150 74433
20930 55 67705
20931 135 18650
20935 140 11942
20948 160 62206
20959 235 8957
20991 35 82045
21128 180 57136
21154 205 55238
21190 130 86480
21200 10 26230
21212 60 32732
21221 35 12288
21255 200 31912
21268 125 92623
21289 155 51816
21324 20 71978
21328 105 25631
21386 205 44671
21391 210 93371
21394 115 58813
21421 35 84826
21474 85 32151
21532 120 15609
21590 125 5642
21604 195 43492
21646 195 72574
21708 240 37798
21744 130 56855
21770 220 39773
21773 225 55284
21823 150 34285
21853 110 96816
21873 125 30572
21901 65 89381
21941 50 32497
21957 45 23316
22084 190 80810
22104 215 86345
22106 230 36
22119 225 95154
22125 205 92726
22175 215 83343
22193 160 47775
22196 65 34654
22259 140 9225
22269 35 72363
22270 240 92474
22275 30 2212
22280 115 51079
22286 145 23307
22502 100 11357
22506 55 35202
22531 45 38127
22536 250 43170
22568 220 17260
22618 220 75696
22619 55 88124
22661 125 95343
22811 115 6591
22874 180 54433
22888 20 25832
22937 85 89706
22998 220 75518
23059 75 94347
23135 180 60741
23159 115 23943
23195 205 17681
23204 175 75125
23236 125 99134
23239 240 59851
23263 45 39240
23328 35 36809
23333 95 7182
23380 205 3132
23385 245 97308
23420 110 66839
23439 125 76883
23448 100 85877
23527 185 71258
23534 85 903
23575 55 7936
23587 155 32979
23634 240 67013
23641 155 24340
23650 140 69697
23677 90 70926
23785 185 73230
23801 130 85118
23812 230 52958
23825 115 39382
23844 135 49963
23852 125 8007
23855 170 60886
23857 35 58530
23866 165 90726
23919 215 64255
23938 140 96109
23956 20 3299
23960 205 72873
24005 45 48282
24010 50 12628
24034 200 44022
24047 5 15665
24100 155 73095
24108 35 46734
24126 20 15014
24231 230 21642
24273 70 19737
24348 205 28163
24350 135 391
24366 155 89104
24445 125 97765
24463 130 2051
24463 245 67530
24468 70 10510
24480 15 84381
24514 150 81701
24532 250 13314
24560 230 84022
24599 160 46339
24626 95 42667
24628 20 49904
24647 240 33516
24717 65 36720
24750 60 15234
24793 245 40817
24891 200 62354
24917 235 41665
24934 150 5634
24938 75 32795
24951 155 29773
24962 175 10289
24965 45 19063
25004 65 33079
25076 160 26861
25129 50 32514
25129 210 32404
25168 235 44102
25181 130 87581
25262 35 72669
25290 205 20877
25319 155 51993
25336 180 84344
25391 135 98545
25460 40 42016
25473 65 54762
25545 60 19240
25564 210 96760
25593 170 34939
25661 245 81658
25665 70 69711
25680 235 42733
25706 135 82027
25720 20 52670
25750 155 53094
25896 125 24752
25899 165 33193
25908 60 26771
25924 45 46292
25967 125 50328
26094 170 40020
26128 120 20432
26129 230 58934
26167 25 13875
26236 220 92504
26373 45 93433
26458 180 53455
26595 205 60459
26601 40 39331
26603 240 8055
26665 75 53244
26703 70 61754
26815 100 6157
26861 145 68216
26885 120 61695
26886 170 58778
26943 60 67008
26994 5 96037
27081 40 18632
27096 15 54360
27149 20 79797
27149 125 14622
27169 150 86573
27223 115 72236
27276 70 1624
27373 65 95683
27408 80 42702
27414 40 58620
27443 40 56453
27482 120 46947
27537 115 39752
27562 5 2098
27582 60 44278
27629 215 81497
27638 60 4717
27644 5 30230
27670 10 35532
27703 75 36151
27719 105 10467
27722 245 39026
27759 75 27123
27803 190 6578
27804 70 13991
27825 5 73572
27917 90 88710
27922 55 9989
27958 250 68192
27968 235 25214
28002 5 86043
28012 110 9709
28014 135 47088
28059 85 77469
28073 70 20972
28090 85 33427
28167 115 95894
28178 250 72133
28187 135 40446
28207 130 48951
28220 30 40020
28231 55 2608
28268 140 3615
28275 55 97307
28312 150 31781
28341 95 58460
28341 115 48525
28364 80 11543
28395 245 33448
28417 220 28375
28479 245 44822
28494 200 47242
28548 170 38430
28621 85 33361
28650 160 8740
28666 160 44840
28690 135 14015
28697 220 83812
28731 80 7603
28737 105 87985
28752 135 69792
28788 70 61839
28820 235 29641
28856 85 67019
28892 155 77533
29035 115 43063
29039 60 696
29066 210 9198
29070 210 760
29090 215 58736
29169 165 17743
29238 190 77694
29256 90 86001
29271 200 3576
29277 55 13316
29298 190 59607
29318 175 29946
29345 230 76979
29367 65 54164
29400 225 22459
29401 60 173
29438 70 34456
29471 20 16545
29475 55 88673
29482 50 32110
29489 140 86929
29508 40 39089
29537 175 65031
29582 215 53644
29614 60 2967
29632 235 69920
29644 220 15404
29651 155 96177
29662 215 34922
29680 30 95109
29686 240 95607
29696 225 9223
29703 50 47502
29726 95 78335
29751 250 70086
29771 15 73748
29777 180 86518
29781 120 62386
29840 130 31621
29905 110 37400
30038 90 23385
30138 50 8821
30152 95 30701
30191 185 42691
30285 75 40703
30300 200 14038
30509 25 52645
30516 40 95886
30525 170 9155
30537 120 6783
30545 10 81475
30546 240 33419
30552 40 38247
30673 160 7611
30713 200 48705
30814 145 88967
30814 210 41986
30863 175 98198
30890 100 75300
30890 140 59953
30896 235 55350
30935 130 52598
30972 155 14809
30983 45 66023
31127 65 94870
31177 70 24879
31190 135 11576
31192 135 49574
31245 245 54773
31286 145 14131
31312 25 14589
31322 145 93708
31329 165 87863
31352 165 66328
31366 120 93212
31413 5 41579
31427 10 85659
31460 230 68965
31479 220 80905
31550 245 10767
31562 175 98352
31582 85 74922
31591 185 87346
31633 105 47638
31636 145 26252
31653 75 45187
31665 155 43460
31737 60 18722
31782 150 80301
31904 120 54590
31905 100 11654
31977 15 86751
32085 90 53713
32193 40 45806
32221 35 30474
32228 175 28313
32281 25 21530
32299 175 21536
32358 50 86104
32403 185 86765
32429 30 858
32461 135 78572
32478 250 43897
32506 150 67670
32514 80 45307
32516 60 59078
32604 220 83337
32609 100 34533
32681 185 20731
32693 90 14306
32852 110 66933
32910 125 72838
32910 200 6536
32949 125 67255
32971 40 49178
33045 235 84617
33049 50 90179
33056 70 48366
33061 120 40667
33062 60 67780
33064 75 30433
33065 85 54513
33078 10 85039
33085 135 37358
33119 85 85677
33129 35 64008
33166 20 13991
33171 90 37871
33179 190 89210
33183 190 20761
33222 55 62381
33232 125 16529
33243 60 55988
33254 5 23863
33309 45 45815
33326 210 39273
33368 75 80153
33375 195 5332
33423 120 63395
33424 120 19365
33439 215 17832
33538 85 38373
33575 240 67579
33657 105 30225
33661 250 14883
33664 30 64444
33673 120 90758
33696 175 32344
33699 150 7865
33717 135 90090
33745 150 9445
33768 250 12672
33856 195 42258
33953 90 57249
33954 65 62553
33966 240 40432
33991 135 49103
34032 230 77135
34050 45 82381
34146 60 87593
34156 35 56043
34168 5 24155
34180 185 28418
34253 160 62096
34320 135 76358
34490 175 54837
34545 165 14957
34549 25 39544
34549 195 44821
34555 155 74245
34564 225 4293
34588 145 26137
34658 60 67395
34716 240 13459
34739 215 98444
34821 45 4481
34850 95 56165
34878 140 52737
34890 195 31029
34901 60 49541
34914 55 52431
34965 65 8970
34982 220 76984
34987 50 23752
35026 250 91544
35033 35 77961
35080 200 52165
35094 155 34557
35129 55 47825
35164 205 19908
35177 30 71052
35226 145 40093
35228 160 94837
35230 120 54949
35256 90 93169
35332 235 12899
35349 235 21904
35380 50 78786
35381 170 11186
35397 45 26352
35422 140 3566
35435 195 48779
35443 155 63814
35571 240 46586
35711 145 81897
35764 135 31083
35808 90 57609
35845 155 11625
35847 125 75190
35887 60 30534
35942 60 41228
35945 210 62869
36014 245 11342
36018 205 35102
36060 105 94496
36120 220 21821
36144 190 94344
36194 5 61877
36247 15 98863
36290 150 61769
36345 65 78298
36447 120 75482
36492 100 64975
36532 25 2498
36537 35 57189
36549 100 29259
36553 145 67953
36586 125 18472
36590 150 40257
36617 15 98334
36629 140 57091
36629 200 49381
36665 125 66489
36672 250 38502
36695 70 91347
36731 40 52635
36750 245 7192
36754 230 91021
36776 170 87762
36787 5 55827
36813 120 7872
36813 225 18739
36832 85 14455
36883 200 54933
36954 150 53621
37000 160 43599
37059 205 3644
37075 250 32247
37152 130 64602
37186 130 26434
37198 250 84281
37214 130 69732
37219 200 3123
37231 25 84185
37245 85 83353
37438 115 50865
37446 45 68178
37446 185 9815
37492 190 47548
37553 105 29907
37627 125 750
37665 235 9928
37691 210 13834
37738 155 843
37746 50 23282
37753 120 67135
37783 185 83421
37787 160 1254
37814 75 69689
37826 240 47285
37856 160 32042
37866 30 89088
37870 95 6772
37921 125 74975
38000 125 75172
38130 5 15095
38176 145 30213
38276 160 4592
38325 40 15758
38342 55 88392
38362 225 53903
38386 135 88125
38394 95 6985
38397 20 47887
38399 145 73464
38412 240 88324
38470 115 15372
38488 240 84127
38495 75 61837
38531 235 66554
38571 215 77387
38580 75 63026
38587 70 52295
38674 20 56513
38709 160 49205
38726 165 82027
38771 225 84357
38808 25 89588
38855 105 58956
38876 100 52271
38898 20 8718
38930 10 27119
38987 235 60888
38994 145 28252
39007 155 54896
39015 65 21524
39029 205 93145
39034 180 70262
39050 20 81220
39074 245 56360
39094 45 38426
39096 135 78058
39117 100 12904
39137 230 74826
39188 225 84760
39193 10 23311
39249 155 95969
39275 245 5049
39343 20 8402
39353 35 16654
39361 45 51281
39396 90 15961
39399 210 82480
39407 190 32873
39417 5 17439
39431 190 65137
39435 250 82975
39439 50 24941
39465 65 86846
39493 250 71544
39522 165 44095
39526 105 17070
39527 15 534
39529 5 50096
39579 170 61834
39589 110 82880
39596 25 6625
39642 185 49044
39692 140 59174
39717 110 1824
39733 145 54008
39743 215 23257
39751 175 49710
39800 145 80542
39812 30 32548
39821 215 31619
39844 215 58963
39865 15 75853
39919 15 85724
39957 105 49215
39970 95 15020
40024 75 54327
40037 125 82541
40051 135 94691
40099 70 14769
40101 85 9419
40140 150 28965
40164 125 48100
40164 245 58499
40202 65 51979
40221 15 5745
40225 175 39766
40328 70 92313
40375 75 68857
40380 115 72951
40396 230 92576
40403 200 52074
40408 130 54539
40411 10 8885
40448 95 99763
40521 35 59295
40535 245 27177
40552 225 21859
40677 130 76755
40696 135 98868
40716 35 39284
40797 245 17189
40836 180 54240
40943 30 44217
40968 25 22613
41049 15 50712
41128 5 93862
41129 145 64221
41188 170 7379
41246 140 13683
41276 185 20696
41287 25 35973
41308 180 35076
41380 225 40288
41413 125 97300
41422 95 84795
41438 30 43140
41494 60 11178
41494 95 38649
41590 55 97541
41599 185 42927
41618 65 29141
41624 85 41158
41744 30 89021
41748 100 33196
41759 130 68174
41826 140 47707
41871 10 62187
41917 20 94208
41937 105 61169
41968 170 75927
41984 50 6117
41998 250 62649
42074 5 24199
42132 195 37387
42158 160 33707
42197 130 24615
42230 185 1710
42317 225 91449
42394 160 34491
42446 50 13107
42596 95 72829
42600 65 64115
42621 50 65240
42678 195 24946
42689 215 81721
42733 165 19917
42736 150 96621
42743 220 14665
42762 110 61177
42790 160 3591
42845 245 91660
42855 55 78066
42949 50 56311
42983 130 39772
42992 15 76909
42993 145 34539
43174 160 16607
43205 170 47678
43263 50 88677
43266 70 34866
43267 230 23984
43307 205 51680
43330 180 2490
43331 185 19568
43464 185 23143
43465 170 67301
43466 145 52451
43496 195 68489
43620 135 59881
43675 75 7795
43751 25 19521
43757 170 99213
43785 65 27389
43812 85 49600
43821 245 5585
43842 235 92211
43924 135 17593
43948 190 36755
43956 80 79015
43986 20 24723
44049 45 45464
44083 55 48771
44157 145 53828
44158 65 11003
44191 200 63722
44254 160 87336
44333 50 32820
44337 110 79794
44368 130 54664
44396 220 90301
44461 200 41727
44476 245 44199
44480 100 2015
44485 125 65735
44512 115 22254
44545 135 36241
44548 20 38642
44618 145 9042
44629 125 16989
44650 140 43152
44746 65 37222
44797 150 83840
44811 50 90201
44838 115 95768
44841 235 22009
44892 185 17629
45072 80 27758
45192 50 3809
45266 100 98600
45307 230 59482
45339 225 38408
45356 180 52024
45384 185 22359
45408 140 4126
45427 155 13076
45488 235 68727
45524 60 22966
45544 5 2321
45558 250 27716
45581 100 71985
45611 40 69075
45619 210 78481
45641 105 61323
45665 235 45526
45680 35 13874
45689 225 81940
45704 160 77956
45778 20 28582
45795 225 15122
45899 225 64186
45923 95 43915
45958 30 99552
46087 245 72752
46100 105 60646
46102 185 14344
46103 135 3248
46212 220 95542
46213 30 79456
46319 210 21337
46336 35 57442
46380 120 48146
46391 80 73432
46409 185 50293
46436 225 87685
46442 55 52471
46458 5 88270
46460 105 96545
46471 140 86956
46492 70 3351
46497 130 85088
46504 160 21898
46613 40 91824
46665 125 63704
46702 35 45302
46734 245 56730
46751 90 48386
46789 205 384
46802 65 67668
46827 165 20735
46840 100 6820
46854 175 9792
46884 5 39662
46895 5 62405
46900 35 50685
46900 65 54347
46933 95 15269
46934 20 42900
46993 85 9557
47022 130 13727
47039 195 37605
47120 190 46537
47220 195 17973
47228 115 21740
47266 175 46224
47394 175 95608
47408 145 66392
47525 125 90954
47658 145 39155
47688 145 67522
47768 160 86509
47770 90 7475
47773 135 56861
47812 85 82107
47814 40 14396
47823 240 64949
47825 80 95659
47903 240 73513
47914 110 55211
47929 40 16803
48023 185 24872
48049 25 6781
48075 25 66991
48110 105 2921
48159 5 10152
48252 35 55494
48326 115 87633
48364 20 89523
48366 100 16033
48387 20 17261
48396 40 90372
48406 165 34866
48409 130 34418
48425 30 16452
48448 135 48932
48449 15 62322
48490 50 60531
48523 135 49203
48597 155 31351
48630 10 20532
48638 140 71794
48678 30 91987
48720 115 35316
48798 105 70214
48813 170 57771
48822 195 23993
48852 235 59423
48896 25 9217
48954 95 79065
48977 5 5158
48984 100 41638
49003 150 5007
49043 20 22925
49074 110 73136
49104 70 76779
49118 170 82990
49156 225 68102
49174 225 8264
49221 60 63932
49245 50 9760
49278 155 98747
49364 225 57576
49399 165 10621
49441 75 2963
49481 145 30441
49492 215 11792
49602 55 40315
49604 160 38330
49614 210 90841
49618 110 55806
49641 210 37362
49670 115 2224
49686 195 68725
49731 235 99660
49781 85 19841
49808 75 80243
49819 120 97598
49823 205 87116
49888 35 13711
49904 40 6008
49905 245 94705
49934 115 19491
49950 45 57490
49963 175 67331
49996 175 6293
50045 120 47971
50192 175 84973
50233 65 45961
50251 65 76256
50323 220 3756
50353 90 95511
50358 180 90280
50374 10 48578
50378 195 16223
50387 65 33167
50396 185 60287
50469 205 42492
50523 140 77612
50576 85 76182
50603 200 46415
50606 125 82311
50628 105 7470
50635 25 62294
50654 240 30396
50657 180 85977
50674 20 21766
50746 95 50709
50761 60 80120
50764 135 96166
50778 240 33675
50787 230 89572
50816 235 6092
50857 80 75212
50876 35 79374
50905 240 64708
50917 250 77115
50964 210 9210
50989 220 63527
51005 50 84714
51077 25 41002
51134 145 81223
51164 80 70170
51169 200 22389
51176 100 73690
51177 230 36055
51230 10 38977
51319 90 82673
51358 75 93325
51470 165 98150
51521 125 89565
51527 30 8730
51612 135 47358
51629 185 72585
51657 55 14167
51695 140 33506
51703 215 13951
51794 110 57692
51799 105 56472
51808 115 38434
51822 225 55189
51890 165 61604
51920 150 12225
51977 120 85042
52047 5 55622
52054 235 34257
52106 25 13995
52113 210 50845
52123 155 56233
52198 170 35158
52212 160 61979
52226 250 77345
52278 130 56872
52349 140 137
52356 220 38812
52393 60 8058
52414 85 11241
52419 235 68047
52435 50 44220
52444 180 53187
52592 230 90452
52600 10 33769
52660 250 78619
52661 95 95760
52682 225 74010
52683 20 49971
52705 90 24277
52773 190 48145
52781 65 59322
52839 75 3568
52847 130 33330
52849 145 50014
52883 110 6168
52883 195 58490
52891 200 64230
52937 125 21119
53006 5 8347
53008 10 67334
53042 180 10607
53072 75 74728
53139 100 62681
53180 55 54233
53252 215 52729
53267 75 88818
53269 235 61848
53376 20 32591
53392 65 69706
53409 35 50749
53445 45 14537
53484 10 89
53545 155 69722
53598 45 74603
53603 65 89549
53608 160 25907
53660 245 14846
53667 180 68663
53688 45 27882
53694 35 42289
53699 70 40165
53713 200 24009
53720 100 61726
53761 190 27920
53821 80 12894
53884 45 42059
53890 80 1995
53933 85 81783
53945 105 19390
53978 195 87034
53991 150 34963
54035 205 81953
54075 35 49282
54102 30 54613
54134 105 9706
54136 170 1410
54162 220 15387
54227 70 33024
54268 65 40313
54283 180 62466
54285 215 11991
54296 235 6716
54352 120 41420
54395 180 4093
54448 100 12230
54467 95 49398
54480 225 46073
54524 155 25505
54553 30 58180
54564 90 58280
54596 230 53828
54614 170 87121
54621 160 51048
54626 140 24562
54627 95 886
54699 40 1625
54727 175 10881
54800 70 90605
54807 230 66490
54837 55 76516
54839 190 74428
54848 80 6366
54877 75 17389
54908 95 7852
54913 15 25213
54916 85 5096
54953 30 89597
55028 160 40158
55114 245 46446
55125 140 99041
55156 45 4403
55172 95 88374
55190 205 644
55214 110 91109
55218 245 1987
55222 105 33679
55238 210 84779
55273 115 47977
55323 170 81307
55337 80 54520
55348 150 10489
55350 115 21438
55367 175 85951
55378 180 47124
55431 90 11081
55468 5 47988
55480 205 5541
55500 105 71747
55565 250 50894
55659 140 60731
55706 150 89745
55728 40 30687
55806 115 67349
55856 80 95010
55862 195 65135
55914 105 98148
55952 175 47774
55957 40 60205
55986 140 94333
56141 250 14731
56164 155 79551
56179 40 30399
56211 105 71135
56236 230 94661
56278 250 92535
56283 165 18503
56290 15 75551
56301 235 92728
56325 75 36542
56336 170 92079
56356 125 3908
56385 70 29600
56393 140 81578
56407 130 18180
56431 105 87613
56443 85 57505
56491 110 63757
56543 195 8082
56605 105 51043
56616 190 56912
56629 50 16329
56645 5 24196
56659 205 47415
56668 170 69664
56736 60 81290
56846 250 37966
56865 85 19189
56877 165 8333
56907 180 45033
56948 225 43011
56952 60 6833
56955 60 51318
56955 205 74029
57002 165 50043
57037 90 10677
57045 15 38327
57065 135 31845
57075 90 76335
57154 5 93818
57169 145 55278
57384 50 51043
57418 170 60588
57483 80 71329
57485 65 43045
57510 65 45678
57588 5 77313
57610 180 5586
57618 160 32697
57629 235 77586
57633 105 161
57663 230 34845
57750 155 21866
57874 135 20510
57888 195 20230
57890 55 7072
57936 20 78257
57954 170 37141
58011 220 16473
58069 205 73928
58087 230 56491
58120 80 37841
58173 15 59481
58207 5 57608
58220 50 68924
58241 30 8009
58251 120 12075
58263 45 38503
58270 55 81291
58278 110 92030
58290 185 72319
58298 115 91001
58345 95 50735
58426 40 96850
58434 170 94628
58541 130 68313
58561 155 31253
58584 160 98466
58630 175 45733
58675 240 98389
58689 85 12553
58714 90 56390
58799 95 81576
58819 80 2098
58897 105 3287
58900 200 48346
58906 95 79264
58911 145 62927
58925 70 62880
58937 130 23741
58987 60 84034
59022 250 71703
59058 105 80890
59183 25 23688
59190 230 69448
59198 225 60975
59245 10 44556
59256 215 25475
59324 130 31135
59362 140 13018
59468 85 26727
59527 115 44645
59527 235 81843
59610 210 12684
59627 170 73555
59693 235 62440
59726 80 35985
59737 55 425
59741 130 1047
59773 120 45902
59821 195 5789
59831 25 63726
59883 235 9088
59894 5 54214
59897 160 82182
59915 190 42132
59939 100 48431
59968 70 64405
59977 70 85728
60027 20 5963
60043 45 28497
60091 195 18633
60296 30 60460
60299 65 25074
60312 75 97933
60322 175 36512
60345 210 19533
60362 5 86543
60382 100 16987
60451 110 62226
60528 40 86560
60580 220 31601
60631 185 9116
60705 10 89775
60780 225 97637
60795 240 83786
60865 20 83815
60871 235 71572
60881 80 59648
60888 190 38400
60929 200 38062
60984 110 94983
61016 100 41629
61092 100 36644
61097 30 68954
61117 210 15358
61128 200 7648
61278 180 6554
61401 225 48547
61479 110 23233
61533 5 61527
61573 215 89779
61576 190 6929
61603 85 14701
61654 175 43166
61738 195 52775
61762 40 81678
61784 35 7116
61790 20 35556
61795 95 52302
61831 95 6720
61848 100 55824
61905 165 82696
61920 200 41338
61953 175 97878
61954 165 45465
61960 130 67048
62023 140 75391
62088 150 52371
62114 110 44086
62213 15 29881
62235 25 59572
62284 130 81040
62316 235 23413
62321 210 2166
62376 40 39565
62408 155 59812
62486 25 35748
62512 135 769
62513 200 32448
62611 140 17792
62625 20 81660
62638 65 75864
62640 170 49398
62692 30 20601
62718 205 29978
62795 180 54036
62818 15 93068
62826 100 29704
62850 230 53413
62859 100 88695
62866 145 21803
62877 20 73915
62911 200 82173
62967 150 1496
62969 30 12979
63010 75 98841
63024 250 81316
63058 220 91181
63068 60 51847
63080 215 11292
63087 70 98425
63139 15 25536
63155 20 63174
63200 180 71457
63204 40 69524
63204 50 19669
63212 30 42214
63304 160 72531
63308 235 32145
63316 20 40292
63322 175 44364
63362 205 76012
63424 250 13791
63434 100 59328
63437 95 36221
63444 190 79012
63450 65 9012
63479 80 8432
63536 55 45660
63617 245 83772
63635 180 49023
63715 160 21766
63732 170 40231
63743 225 38157
63992 115 26208
64071 175 73559
64091 155 3590
64136 25 39499
64141 10 17666
64172 135 95555
64249 20 321
64276 125 27099
64307 190 6596
64318 220 15707
64355 180 74381
64365 130 1119
64403 140 28990
64440 230 55167
64488 215 41030
64538 35 43674
64618 50 64530
64693 115 82563
64735 150 58943
64754 210 8957
64905 20 39790
64915 50 42614
64917 100 10314
64938 205 61435
64978 180 48990
65013 120 18538
65052 55 97735
65054 130 90290
65075 45 18148
65075 220 95337
65076 165 29508
65131 135 91051
65153 195 21092
65189 35 39467
65193 40 69360
65361 205 13157
65363 165 3141
65369 235 49839
65408 145 15889
65414 10 82127
65423 120 90041
65426 185 95044
65444 140 80678
65446 45 55819
65453 40 72557
65484 40 19761
65511 155 42262
65515 45 94274
65546 200 97440
65561 175 48599
65570 240 79602
65635 20 42652
65647 180 98347
65647 235 62114
65665 80 30621
65780 95 27431
65895 245 51027
66057 65 98819
66074 225 39829
66087 195 31932
66145 215 43482
66148 115 42456
66185 95 49032
66261 225 81588
66303 30 40180
66306 235 50159
66328 190 40068
66452 120 30643
66457 245 20563
66467 15 40482
66480 125 22296
66506 55 84529
66581 230 81307
66615 155 64974
66638 245 53829
66688 190 59951
66724 220 17062
66747 50 88692
66769 15 25366
66820 170 49286
66843 75 86973
66871 225 29628
66873 190 71249
66881 125 68709
66883 240 70280
66889 165 35966
66910 240 20795
66918 110 69290
66939 225 11040
66971 215 6370
67079 245 31690
67134 170 54425
67150 115 64381
67184 205 56326
67187 110 32577
67189 65 20686
67191 60 22894
67235 70 92409
67235 190 3581
67239 65 72282
67239 85 50789
67245 205 94555
67354 10 26671
67354 185 27171
67401 155 51826
67427 5 47711
67438 100 51115
67466 95 29199
67535 145 84627
67578 190 71156
67591 80 79782
67605 135 61556
67635 40 47074
67642 5 44364
67670 170 54664
67676 155 77840
67743 35 72430
67753 90 6001
67755 100 65480
67777 80 76359
67871 210 7592
67949 210 19893
67954 100 36818
67971 125 56614
68013 100 13612
68032 25 65119
68099 5 69770
68099 75 45227
68149 25 44488
68247 125 91687
68333 150 47517
68419 85 5999
68475 215 37257
68498 235 71666
68527 35 23786
68567 175 38415
68592 125 53051
68596 95 60635
68645 15 98223
68742 190 58703
68767 240 83527
68816 25 23481
68896 160 8356
68900 95 58154
68906 165 47392
68906 175 65984
68931 175 86865
68967 125 13555
69015 190 55421
69081 230 63142
69131 75 86330
69165 105 74904
69208 90 65587
69212 190 40084
69320 175 56617
69332 220 68867
69405 25 15768
69437 155 44885
69442 130 11445
69490 80 33608
69498 195 62772
69555 210 890
69662 200 26644
69728 245 66988
69778 110 5933
69798 210 34803
69845 215 29278
69854 250 95123
69857 185 27541
69876 130 96180
69952 20 48842
69972 225 51163
70042 170 67278
70077 110 62269
70112 150 4724
70133 220 6229
70160 30 64221
70164 245 32534
70166 45 54527
70212 240 81466
70248 200 89622
70263 45 82206
70460 160 23074
70514 15 16830
70543 175 1386
70578 150 45244
70592 5 72378
70600 105 10075
70612 110 70178
70645 160 41754
70665 235 55440
70677 75 41842
70736 150 78529
70754 195 36723
70756 15 23189
70758 120 59072
70771 145 69094
70831 200 73711
70916 75 43563
70916 220 77832
71015 245 21467
71066 60 66974
71155 20 69702
71166 95 8221
71189 125 69244
71193 155 69321
71224 170 29986
71227 35 75299
71285 50 74176
71342 180 46947
71401 110 10389
71433 140 73305
71452 200 22998
71486 110 36429
71541 125 73525
71616 135 61560
71620 55 46311
71621 50 60159
71754 160 69841
71762 65 62173
71887 55 26654
71938 240 9601
71939 40 19694
71967 115 10547
72005 90 41834
72041 215 28552
72061 60 38789
72075 235 48077
72153 35 82006
72227 135 33311
72253 190 76190
72300 140 61913
72336 20 45298
72378 65 10834
72415 175 18134
72419 175 52000
72435 145 33301
72467 130 55393
72512 115 2954
72513 40 89535
72610 145 52667
72646 50 7965
72692 235 14104
72709 30 81002
72822 170 13560
72838 115 90159
72906 65 75465
72990 180 58146
73020 180 54712
73057 110 54222
73089 180 79452
73242 115 79295
73262 120 5559
73361 25 38047
73383 35 27628
73413 50 98483
73414 165 38739
73417 200 57682
73420 85 5335
73448 10 37460
73491 250 65081
73580 225 87729
73647 140 43979
73747 155 83718
73792 250 56044
73817 160 51402
73842 85 99617
73859 210 30686
73862 230 9818
73870 220 21036
73909 160 71996
73946 105 39932
73948 230 38228
73979 190 39829
74007 170 60035
74008 20 63658
74017 145 55298
74059 180 68194
74061 180 64737
74089 70 40123
74097 60 33252
74107 60 15943
74141 90 27164
74144 240 18243
74149 170 75349
74159 115 90031
74193 115 21680
74202 235 75603
74213 50 9685
74250 220 23042
74260 80 65840
74293 145 62682
74354 130 34496
74376 125 5701
74385 215 5741
74406 200 37775
74456 215 90544
74504 200 35185
74509 50 18367
74510 65 93095
74537 15 87489
74544 100 74411
74550 160 66113
74599 100 23786
74604 200 39496
74617 50 64313
74622 125 86292
74699 215 51388
74727 25 57414
74765 10 86785
74798 50 90564
74836 35 39733
74843 45 33321
74846 5 28083
74854 230 91250
74858 140 31620
74865 100 99719
74871 10 49423
74943 85 51209
74960 90 51386
75030 240 32057
75079 150 52829
75085 155 73833
75122 245 46659
75138 175 26713
75140 80 15203
75224 40 60245
75243 190 22238
75269 75 65625
75270 230 77331
75275 80 4192
75284 15 89122
75293 130 25256
75307 35 99509
75313 130 46059
75341 75 23905
75420 5 39070
75428 85 91161
75450 165 15062
75479 145 52751
75537 85 35523
75546 60 86689
75564 225 57859
75608 175 39834
75640 15 14074
75641 140 57288
75673 185 78312
75719 20 20589
75879 45 78082
75931 10 37273
75974 200 7755
76028 175 31992
76077 140 53283
76120 110 50393
76188 25 13566
76219 65 41560
76256 180 31747
76280 85 25518
76349 230 21311
76366 110 85681
76372 65 96277
76397 40 38776
76406 205 86811
76477 250 58862
76484 40 59350
76514 240 66526
76554 60 46550
76574 35 73861
76585 60 78229
76612 70 17464
76712 120 85370
76744 25 58582
76803 40 10372
76808 85 87777
76853 120 91652
76868 240 61375
76884 210 10209
76988 10 17688
77019 200 24540
77060 30 83622
77079 130 79479
77097 50 68190
77150 120 37546
77242 30 97261
77285 240 724
77306 30 74285
77316 45 60899
77325 245 78792
77367 140 50842
77369 65 72918
77408 180 8103
77429 150 84850
77454 95 16986
77491 25 31685
77524 150 62947
77605 55 69314
77622 250 44659
77700 240 12216
77727 40 34018
77784 125 84165
77798 125 89000
77853 25 36196
77853 120 27224
77877 10 23109
77933 30 72857
78005 250 31356
78074 135 97244
78117 245 67314
78138 60 32614
78145 40 6326
78202 165 16960
78263 40 40675
78276 70 85612
78317 135 29639
78340 125 61427
78357 200 94772
78375 30 64340
78393 85 43734
78436 150 94364
78464 75 69809
78469 45 88707
78488 10 43435
78504 125 95297
78557 160 78553
78560 30 95651
78640 250 81591
78686 180 23721
78715 110 37744
78722 70 59553
78759 25 36959
78814 185 96433
78842 200 63077
78864 135 58410
78904 25 47091
78916 200 78474
78967 185 94669
78980 70 35783
79048 85 87654
79072 90 79273
79125 235 26107
79211 10 14372
79236 90 88350
79262 220 91175
79291 175 59186
79310 95 33804
79367 200 95586
79569 45 56403
79581 150 50299
79629 110 32847
79634 240 70508
79678 160 781
79743 70 26405
79750 70 47107
79787 145 64866
79792 190 26808
79792 195 37772
79835 105 33310
79891 40 47027
79933 30 45994
80008 110 6309
80035 180 48589
80094 70 81702
80121 215 92160
80128 110 44004
80132 35 56885
80132 175 32662
80230 170 35736
80322 235 94175
80399 15 68830
80502 90 75285
80525 175 53374
80526 155 93729
80530 215 86801
80546 220 23425
80609 230 71021
80694 100 55252
80694 105 94644
80698 55 46642
80814 155 53780
80840 145 85486
80849 200 47102
80859 200 20835
80886 115 73734
80918 185 96777
80927 250 17084
80938 95 51359
80938 230 30941
80945 245 42925
80977 245 64188
81058 205 94389
81150 65 85911
81154 85 40927
81193 30 67065
81275 90 89371
81326 130 65529
81340 160 2878
81348 35 1393
81436 240 94135
81486 70 68671
81496 30 77919
81517 245 98015
81526 5 25799
81537 120 72800
81537 165 12798
81548 20 70852
81548 90 7597
81594 35 13221
81604 95 21976
81654 245 98446
81817 235 93184
81829 195 19879
81880 90 93500
81918 180 86033
81949 195 68185
81969 170 96003
81973 135 45727
82006 250 15457
82120 55 21414
82127 95 32227
82145 15 23587
82151 250 29968
82189 140 4381
82220 15 25699
82239 200 5082
82268 240 83144
82363 110 19818
82422 150 57126
82473 50 33132
82484 75 74638
82521 60 89945
82558 65 10090
82585 40 35134
82614 235 40767
82633 10 53065
82635 170 66292
82741 80 6682
82742 85 74742
82829 110 67331
82851 120 56691
82866 250 55797
82891 220 29116
82920 175 15100
82994 205 99494
83044 250 79053
83072 105 54140
83170 125 46738
83195 210 3301
83531 120 80905
83534 160 30049
83609 115 69529
83639 155 84292
83654 155 39675
83697 70 66338
83697 105 86637
83743 215 69559
83807 100 26473
83809 195 27862
83902 90 63859
83916 215 3417
83948 65 33476
83979 105 40979
84000 230 9936
84027 5 6841
84091 170 40165
84109 90 37793
84127 110 89058
84138 70 50882
84167 95 43666
84204 145 55988
84213 185 45396
84239 185 5897
84248 250 41940
84257 140 22783
84341 95 34573
84347 170 77940
84353 210 90005
84379 140 9360
84426 205 64793
84429 190 72378
84438 15 90343
84462 130 20365
84463 40 61170
84465 215 7455
84534 5 20793
84546 15 33840
84582 60 8079
84688 140 14066
84695 70 38030
84734 240 74530
84798 120 85649
84808 10 21568
84811 130 83891
84865 30 39727
84905 180 73590
84906 210 1572
84959 15 41090
84989 30 52082
84996 185 59894
85029 195 29314
85046 85 58048
85099 105 32106
85101 190 55236
85103 175 90262
85188 25 38989
85189 100 77835
85211 105 43625
85237 35 92635
85328 180 87578
85351 235 41247
85371 50 77208
85386 90 15309
85386 135 17302
85416 170 1859
85454 230 97132
85473 70 94713
85496 245 96552
85514 105 56331
85543 215 78748
85557 45 11034
85609 170 37205
85651 100 55752
85653 205 78339
85743 35 37124
85813 240 50797
85821 120 87336
85822 120 39846
85825 195 79850
85878 50 96692
85879 185 98421
85917 155 53659
85930 120 79129
85936 75 6537
86027 100 8145
86028 15 43026
86033 75 72061
86048 120 65962
86066 15 74345
86107 115 66586
86120 95 25994
86133 80 71529
86199 70 6711
86203 220 86124
86204 85 86330
86277 115 73572
86402 150 17212
86433 15 97900
86447 150 41158
86457 85 78159
86467 105 70284
86523 80 67357
86555 50 58963
86567 220 49894
86575 40 13924
86581 40 13553
86637 165 25350
86643 140 65198
86656 55 54325
86682 170 34278
86741 75 87783
86768 35 1799
86824 165 35380
86856 150 9091
86910 240 91342
86931 200 61626
86942 80 15680
86944 165 69723
86947 175 51802
86978 195 16656
87110 165 40314
87248 240 75678
87256 140 7679
87258 245 61407
87348 75 43480
87357 150 83479
87360 15 59737
87374 145 66519
87400 225 34794
87411 115 97167
87411 190 40740
87415 70 93369
87422 10 60954
87428 80 27451
87475 20 91125
87482 230 35013
87519 35 721
87546 250 36362
87615 30 42661
87642 145 30929
87668 210 95767
87696 235 53219
87705 240 35163
87745 65 79989
87752 220 1365
87770 130 14608
87774 80 86873
87775 110 54436
87820 55 85063
87830 130 57727
87937 110 85994
87939 10 76457
87951 215 53049
87974 185 45084
87985 130 47029
88037 30 11677
88078 195 79007
88124 125 92527
88127 185 28288
88192 190 54637
88199 80 72
88213 80 25544
88237 60 33239
88244 205 59257
88256 55 67187
88257 85 32994
88281 90 45050
88294 220 60112
88373 70 18877
88382 185 89092
88393 235 18336
88405 55 16482
88410 145 54857
88410 215 93665
88441 140 30139
88452 5 29261
88474 120 25933
88479 225 53213
88480 90 60221
88507 165 24371
88515 115 36025
88538 145 66423
88549 100 83771
88626 180 32117
88628 185 18059
88714 140 76348
88718 180 15159
88763 165 73494
88766 210 85605
88781 90 90974
88794 185 50828
88889 75 8162
88945 90 48723
88987 25 90270
88996 170 10428
89015 75 28057
89123 25 98686
89133 55 43164
89217 235 78054
89237 230 63299
89240 245 50467
89255 10 35678
89259 80 46919
89276 85 36651
89289 250 80764
89290 75 14226
89433 165 38619
89453 195 16711
89474 60 41474
89482 215 38703
89492 150 92371
89493 60 67191
89507 145 21894
89572 180 3623
89688 70 8537
89734 135 39668
89739 205 21405
89764 15 95081
89820 25 56450
89832 5 93193
89880 20 22465
89919 80 89463
89935 10 90235
89935 250 25785
89951 80 61533
89956 195 25326
90044 165 77260
90045 20 10880
90059 250 9978
90068 10 1183
90168 50 97593
90170 165 91334
90179 145 10521
90201 120 71440
90206 160 9392
90237 215 71828
90243 165 29160
90252 210 7335
90269 230 72464
90293 70 63410
90324 45 81952
90347 45 54372
90357 135 98486
90379 185 73738
90382 115 62928
90400 225 54575
90537 30 12785
90537 185 17423
90558 215 42801
90560 90 8179
90595 165 23559
90713 195 67464
90758 180 34039
90820 185 21069
90841 55 23525
90872 15 33352
90898 10 50503
90935 190 49127
91036 55 11234
91051 170 6596
91052 100 21618
91084 165 60028
91100 135 20157
91152 25 79410
91161 45 42032
91240 195 99591
91241 195 20612
91287 245 41836
91330 225 10561
91333 55 38853
91376 105 26893
91392 170 71818
91454 110 40546
91490 130 33410
91560 115 86816
91575 120 93078
91645 20 11367
91764 250 99401
91781 235 61683
91786 120 80386
91802 30 63686
91803 105 86874
91890 100 90142
91947 115 733
91963 235 93822
91970 235 2879
92003 85 90394
92020 240 79404
92093 80 28766
92151 110 26188
92223 75 20924
92238 10 81956
92245 5 93229
92270 210 82569
92277 35 96668
92321 235 71414
92377 145 21207
92409 215 61338
92417 155 56382
92425 215 89493
92456 10 33394
92459 185 34860
92459 195 35883
92478 95 82945
92546 125 60761
92568 195 78972
92575 190 79040
92610 10 79152
92624 250 94949
92640 105 55381
92652 90 80762
92667 130 74241
92687 160 12446
92694 195 7179
92735 50 86219
92746 115 93972
92750 95 5199
92804 155 90662
92862 225 51669
92888 155 12084
92930 195 24151
92960 240 38185
92998 80 90975
93025 50 84053
93096 115 19657
93106 140 55916
93163 230 39307
93170 225 64689
93186 75 83000
93236 170 34817
93294 30 10281
93304 40 57796
93311 200 52224
93313 5 10144
93358 10 89758
93415 5 28726
93421 215 76793
93427 245 63121
93436 110 35321
93487 80 73662
93515 50 18553
93541 205 31791
93562 230 19207
93568 15 77936
93648 10 23265
93695 70 53732
93700 155 34061
93738 65 7084
93744 165 48255
93771 90 20186
93800 115 21950
93858 140 11522
93872 200 22669
93897 215 24899
93928 50 70878
93930 10 142
93944 160 54035
94008 110 95078
94027 45 98612
94043 205 48214
94085 165 18682
94102 190 86231
94112 140 5122
94178 230 77942
94202 185 56195
94306 80 94038
94408 45 84210
94415 45 57256
94428 105 19038
94448 135 30250
94456 210 83181
94478 175 5210
94499 160 22414
94502 210 78566
94511 190 39725
94603 105 88386
94603 210 29038
94724 250 74828
94755 120 57669
94756 250 6712
94785 155 55433
94869 80 93566
94891 220 7665
94926 210 90694
94930 195 25054
94941 70 61493
94955 200 35048
94994 240 35339
95012 210 53272
95035 20 23108
95060 130 20753
95116 220 16805
95251 190 68315
95254 170 50465
95263 105 90935
95274 220 19640
95298 180 66715
95365 95 75518
95398 45 13742
95405 240 71775
95471 150 64377
95528 70 14872
95540 170 85758
95545 250 15581
95548 165 64656
95589 205 12004
95627 250 83593
95635 175 66322
95641 135 11464
95660 20 55720
95780 245 4528
95813 240 34209
95904 150 68823
95906 15 78286
95907 115 29560
95918 40 48393
95923 245 54267
95941 80 22978
95989 170 85616
95992 220 94527
96009 110 33392
96016 160 79476
96186 70 99360
96229 70 99175
96235 210 50382
96248 25 99724
96292 150 49563
96335 125 78282
96355 225 93503
96376 180 13514
96417 245 76132
96466 25 90408
96514 115 11373
96621 225 37442
96635 15 58402
96758 120 52432
96767 110 8298
96795 215 42186
96860 130 50992
96865 105 3925
96890 120 40587
96897 150 85451
96917 45 94452
96920 30 11700
96963 190 51549
96992 245 45187
97021 130 97320
97021 230 70154
97039 110 88222
97057 250 46928
97076 45 92416
97113 150 98146
97122 35 65986
97152 165 53814
97194 245 73033
97209 210 85840
97232 85 49445
97242 80 44491
97308 90 18198
97312 175 86369
97344 120 99606
97356 5 80172
97375 40 57716
97386 80 51499
97401 105 89046
97408 190 36114
97414 60 28146
97438 175 30738
97546 240 60822
97573 135 12266
97657 115 15223
97673 105 25586
97753 110 5533
97789 25 52863
97807 75 64602
97852 230 54517
97863 85 17998
97909 65 10442
97955 15 4366
97975 30 13916
97980 105 39601
98044 45 7079
98054 205 73448
98116 115 65467
98166 105 26929
98210 105 75565
98233 60 2187
98251 125 98345
98273 90 11220
98347 160 9986
98356 95 28949
98372 175 66058
98408 205 12856
98482 110 67271
98510 20 41010
98512 80 70030
98528 30 42390
98534 45 47147
98536 160 71187
98642 55 5960
98681 235 65850
98691 85 51099
98691 90 90584
98704 50 16430
98714 205 44298
98721 245 75298
98799 140 77841
98808 10 94048
98816 180 35624
98848 235 23798
98928 230 17703
98980 165 4577
98991 90 19417
99014 30 59634
99047 55 86140
99073 50 68769
99144 230 34035
99152 160 79562
99154 55 77341
99165 75 86783
99215 10 74770
99256 215 36535
99260 70 92349
99268 85 89387
99280 5 75697
99327 160 89792
99378 15 9767
99441 110 4369
99507 245 36948
99542 140 99635
99642 250 37388
99655 215 36535
99697 20 52198
99769 145 11151
99891 25 20763
99908 60 76928
99953 100 75702
99972 135 42541
