3000 10000 65913 75969
12 6680 85165
29 6680 38837
52 3340 43123
107 9190 30864
139 6680 25072
176 3340 5510
190 3340 14376
201 6680 5493
251 3340 55786
252 6680 84618
316 3340 8692
343 3340 29926
369 3340 54218
397 3340 72465
451 6680 70807
453 6680 325
506 3340 96742
527 9020 47183
541 360 12638
565 3340 53609
566 3340 85621
583 6680 62886
607 2620 78651
616 6680 76615
618 9180 65454
624 6680 3680
639 6680 89492
676 3340 28060
688 6680 92272
702 5080 56166
724 3970 39136
749 3340 83114
753 3340 65764
783 1040 1125
783 1490 84460
813 6680 1775
905 6680 43484
965 8310 34216
1037 3340 64719
1058 6680 61089
1118 6680 64259
1339 3340 5866
1443 3090 66383
1479 3340 44429
1488 3340 84425
1492 3340 49254
1494 3340 18470
1498 6680 1706
1556 6680 82903
1582 6680 99539
1654 3340 86318
1655 8930 88329
1711 6680 42728
1731 6680 60856
1773 3340 23666
1788 9080 94135
1862 7520 19545
1875 6680 25623
1876 3340 2295
2012 3340 56075
2040 6680 56678
2176 3340 78901
2213 2170 59033
2231 7110 63828
2311 3340 45651
2316 3340 12106
2352 2650 59269
2357 6680 46455
2365 3340 55902
2394 3340 21860
2478 3340 52358
2511 4420 46138
2513 3340 38787
2528 6680 35202
2529 6680 7099
2549 3340 49431
2574 2120 54594
2579 3340 67615
2627 6680 20937
2661 3340 30641
2665 6680 9677
2693 120 73281
2715 5690 19351
2738 6680 25961
2758 4880 78907
2907 2210 67804
2916 40 28044
2942 6680 99917
3003 3340 92145
3015 6680 77270
3054 6200 17285
3061 6680 70245
3067 6680 48065
3111 7200 70111
3141 6680 46054
3155 6680 9674
3242 3340 87723
3259 2600 58639
3269 6680 98775
3285 310 87402
3292 6680 32666
3293 6680 69841
3297 3340 23089
3337 6680 11152
3419 6680 44292
3422 6680 57083
3444 4760 46573
3455 3340 63816
3537 4720 94711
3549 6680 54580
3586 3340 55214
3598 6680 84429
3625 6680 45972
3683 6680 89531
3709 4960 64776
3817 6680 61589
3891 6680 77618
3897 3340 99682
3938 4870 75355
3966 6680 56259
3986 7120 63830
4060 1380 35752
4066 6680 85588
4083 7410 27136
4109 3340 58507
4115 6680 7205
4175 6680 64286
4313 5630 44974
4419 3340 60171
4454 3340 80712
4463 3340 58239
4469 3340 74500
4514 6680 56299
4577 5330 9077
4586 6680 229
4608 4680 2630
4616 3340 52583
4670 3340 97876
4684 6680 45547
4697 6670 6162
4705 1320 47839
4776 8880 80693
4783 3340 58516
4829 3700 7326
4887 2190 13145
4931 6680 42083
4932 6680 86574
4997 6680 70507
5071 3340 21947
5090 1730 9912
5110 3340 85962
5156 3340 46340
5187 6680 67029
5189 3340 36520
5226 140 13687
5234 3340 53560
5246 6680 30979
5251 3340 23928
5300 3340 60850
5333 3340 77690
5415 6680 86901
5452 410 89671
5482 9400 82658
5487 6680 4852
5502 8750 53044
5607 5390 85384
5623 6680 94117
5652 3340 77213
5763 6680 70226
5822 3110 77461
5835 6680 91712
5871 6680 85425
5878 4140 83004
5914 6680 19243
5919 6390 53898
5964 8120 22168
5983 6680 19824
5985 5990 21043
6007 3340 74534
6090 3340 15876
6098 3340 83305
6106 6680 79039
6141 5790 22075
6169 3340 95732
6216 6680 41374
6291 3340 65337
6300 6680 74133
6311 3340 89724
6333 2680 1662
6345 3340 63657
6350 3340 63686
6376 6680 53959
6389 6680 764
6399 8590 45937
6440 3340 70523
6452 6680 97293
6462 3340 45691
6479 3680 13997
6489 3340 92544
6528 1410 57772
6576 9830 20516
6670 770 31489
6675 3340 73384
6680 9450 14397
6720 8340 2867
6744 8820 97972
6782 9820 20749
6843 6680 7353
6863 3340 13376
6881 620 81406
6909 6680 17757
6911 9270 91786
6917 6680 25628
7012 220 21153
7017 3340 77067
7033 6680 66065
7160 3750 16297
7184 1530 1159
7266 5560 55143
7340 6680 42324
7342 8320 75960
7370 6680 53539
7374 3340 76067
7430 3340 70454
7504 6680 61168
7571 6680 89359
7645 7280 66295
7649 6680 21867
7651 3340 90159
7671 6680 71605
7692 1390 48655
7707 3830 24894
7740 3340 3556
7743 9890 77881
7767 3640 38107
7769 6680 49566
7800 9240 26874
7825 3340 75119
7834 7840 24277
7837 5150 53339
7864 3340 11531
7915 3340 59176
7915 6680 63767
7939 7810 42537
8024 6680 38085
8030 9460 19467
8119 5140 12320
8177 6680 5767
8282 3340 96440
8336 3340 87205
8337 3340 33043
8361 3340 53782
8500 3200 22903
8543 6680 93260
8600 3340 5896
8703 3340 46363
8714 6680 93310
8718 3730 11584
8726 9870 65944
8803 3250 56651
8808 3340 51715
8820 5360 69000
8823 6680 99526
8884 4470 34372
8918 6680 1504
8930 3340 10794
8944 6680 47598
8976 3340 64416
8984 3340 41078
8984 8630 57174
9015 3340 86070
9017 3340 43663
9028 3340 21434
9062 3340 78052
9081 3340 58694
9087 3340 43480
9094 6680 51480
9105 6680 1215
9162 2630 65943
9172 6680 29754
9262 6680 632
9292 6680 23271
9301 10020 77120
9312 5780 55001
9318 8760 68005
9361 7610 76606
9503 6680 20021
9579 2390 33431
9598 6100 80693
9607 6680 83482
9628 6680 39773
9631 7290 2622
9650 3340 11746
9658 3340 55497
9736 6680 47430
9858 790 30588
9861 6680 35946
9875 6680 71504
9960 6680 28446
10026 3340 54972
10078 6680 9085
10238 7830 93896
10242 6270 30665
10266 4590 96999
10269 7360 37840
10280 3340 66704
10292 3340 77766
10335 3870 85094
10455 3340 24506
10496 3340 76149
10574 6680 96536
10609 2440 7029
10627 6680 2469
10638 6680 63848
10646 3340 97403
10717 6680 94696
10803 3340 20202
10806 3340 29172
10858 6680 3059
10890 4500 47682
10906 9680 18977
10933 6070 62619
10951 6680 8526
11031 3340 38993
11050 6680 96668
11146 6560 33625
11165 6680 85513
11171 1250 24866
11228 2010 32942
11240 6680 25163
11255 6680 25907
11266 8290 84985
11354 6680 24991
11382 6680 11368
11492 8210 49424
11565 6680 87432
11573 6680 38143
11590 3340 59047
11590 6970 24034
11594 6680 5363
11626 3570 34455
11713 3340 44677
11721 6680 79738
11734 3650 53488
11741 6680 25113
11761 6680 55022
11893 6500 10311
11897 6680 69656
11905 6680 7388
11976 6680 35741
12078 6980 72234
12092 6680 79620
12154 3340 26006
12161 3340 6585
12201 3340 5078
12209 6680 53099
12234 3340 14739
12330 7080 93068
12339 420 1178
12350 3340 4388
12378 1370 5696
12394 3340 37758
12416 9960 88285
12488 6680 44002
12524 7530 78728
12542 6680 28469
12544 3690 62286
12549 3450 65120
12569 3340 91963
12603 6680 64835
12606 6680 58859
12613 6680 24792
12616 9750 90196
12684 9900 25531
12695 4410 13705
12703 3340 30055
12703 6680 479
12747 3340 40756
12768 3340 44649
12811 6680 23412
12812 3340 28341
12858 6880 25033
12895 3340 72490
12929 3340 42929
13028 9050 7012
13036 6680 58110
13134 6680 14318
13207 3340 48855
13217 3960 17034
13227 3340 38886
13231 6680 91393
13244 6680 49980
13246 3340 56411
13252 3340 64521
13311 3810 90874
13345 680 64451
13346 8470 91036
13357 6680 43093
13417 6680 58720
13481 3340 76105
13541 3340 31021
13559 3600 34242
13627 1070 64640
13651 3340 38582
13660 8990 22561
13699 3340 53174
13714 6680 5994
13737 6680 2244
13847 3340 17367
13881 7040 94792
13957 3340 46282
13984 3340 90630
14016 6680 8512
14034 6680 58042
14042 1360 51304
14066 6680 5097
14067 6680 79117
14079 3340 26317
14154 730 17382
14156 3340 1785
14208 9210 95429
14218 6620 52224
14273 6680 66942
14374 3340 75554
14427 8770 61323
14434 6680 76949
14438 3340 41254
14469 3340 48750
14470 4890 29704
14477 6680 96439
14508 6680 8065
14517 3000 16377
14554 9800 47603
14581 6680 19974
14627 3340 50067
14727 6680 60133
14776 3340 2866
14780 8030 10910
14785 6110 22589
14807 3550 31072
14896 3880 47257
14927 6680 48616
14948 1290 10131
14959 6680 55644
15028 9780 94514
15029 6680 88763
15049 6680 86075
15077 1880 12542
15086 6680 56520
15109 2090 5506
15125 4780 62368
15147 3340 82240
15156 9660 73006
15193 3340 37074
15306 5900 59594
15369 8640 54719
15396 1890 83743
15434 6680 34240
15458 6680 23873
15495 7370 60749
15503 110 61287
15517 6680 33066
15532 6680 15139
15579 3340 32880
15602 2880 27052
15619 6680 61393
15622 3340 50318
15627 3340 97933
15640 6830 8884
15648 6680 18423
15688 1000 37211
15698 6680 12957
15711 6950 84892
15782 6680 20484
15783 6680 4608
15798 3340 99146
15829 6680 37283
15885 6680 61913
15943 3210 60994
15959 6680 50164
16013 6680 86915
16016 6680 92371
16037 4390 81116
16102 3340 40997
16142 3340 59248
16221 6680 52652
16271 6680 57081
16272 6790 32990
16284 3340 36229
16289 3340 55072
16305 3340 67371
16321 6680 71096
16426 1660 71280
16446 3340 83623
16467 6680 2423
16484 1560 39539
16494 6680 7897
16597 3340 18748
16602 8190 87878
16615 3340 88642
16742 3340 32031
16742 6680 87567
16761 6680 89238
16782 6680 29432
16787 4280 89604
16802 2360 33450
16812 3340 80174
16818 6810 75920
16827 6440 10156
16862 6680 15569
16869 6680 63646
16873 6680 41891
16893 7030 10846
16966 9000 54024
17093 8440 91347
17096 2910 28365
17127 6680 77444
17197 2960 11167
17246 3390 77039
17250 6680 48875
17252 6680 58895
17256 290 46474
17273 3340 54811
17287 5820 85639
17375 3340 72008
17412 6680 1459
17421 6680 67913
17552 7550 47556
17555 6680 10706
17673 3340 97481
17696 6680 59660
17707 9390 9309
17805 6680 76330
17880 6680 20860
17882 3340 46220
17885 6680 21585
17918 4930 28487
17925 6680 12771
17965 6680 88318
18030 960 58019
18112 3340 4895
18136 9740 61948
18137 3340 89124
18141 7510 31808
18217 3340 71702
18228 6680 82976
18264 6680 18133
18286 3340 58631
18289 1060 62830
18298 2980 22493
18298 3580 70251
18301 6690 2241
18313 1460 77819
18341 740 30212
18358 3340 40653
18359 6680 79132
18391 3340 56021
18443 6680 89811
18469 5460 64792
18488 3340 7737
18514 3340 77693
18601 6680 61027
18616 3340 1500
18667 6680 60905
18674 3340 29208
18678 3340 38279
18680 3340 69845
18693 2860 59138
18778 3340 58586
18783 7970 71452
18786 3340 21757
18805 3340 62595
18806 6680 76913
18845 3950 33198
18845 6680 96793
18860 4040 31971
18900 3340 47552
19105 6680 43836
19107 6680 35963
19113 4350 3470
19165 3340 27390
19174 6680 69445
19218 3340 48701
19246 1680 90732
19284 9010 81853
19297 2590 60976
19331 3340 86740
19358 3340 25603
19387 3340 58574
19408 3340 86751
19445 3340 29612
19452 3340 2039
19455 3340 71037
19470 9670 26300
19483 980 54050
19545 3340 81062
19610 3340 67221
19632 3340 60167
19632 6680 38965
19655 3340 83892
19666 6680 32979
19709 3340 7730
19725 6680 57969
19729 3340 93941
19730 6680 79440
19742 8060 92170
19755 6680 86215
19767 6680 61176
19847 8160 49013
19856 8560 61846
19939 3340 9496
19952 6680 45973
19998 3340 33400
20045 6680 55243
20057 6680 64385
20059 6680 84748
20089 1450 33037
20144 3340 1102
20186 9380 94070
20241 3340 55736
20369 3340 57000
20396 6680 82131
20441 8740 8368
20505 3340 9689
20580 3340 69686
20612 3340 29789
20638 6680 28193
20765 6680 63215
20772 1800 76565
20811 9850 48614
20874 3340 18449
20888 6680 41650
20896 6680 52793
20947 3340 94942
20951 6680 95534
20979 2490 76744
21011 3340 53730
21039 3340 30913
21054 4950 43993
21156 6680 23763
21258 6680 7727
21298 6680 90020
21303 3410 14404
21379 6680 2183
21388 1400 11303
21461 3340 46663
21510 8520 6904
21554 6680 18774
21555 6680 42147
21558 3340 80807
21597 3340 94922
21620 3340 84074
21623 5810 12378
21678 6680 42036
21683 3340 15366
21736 6680 60547
21758 700 89678
21781 5410 24104
21881 6680 78149
21916 6680 89583
21964 3340 65883
21967 6680 73110
21975 6680 41492
22044 3340 82603
22072 3340 53217
22081 6150 27917
22156 6680 61507
22158 2470 30827
22179 6680 92089
22189 3340 12344
22213 3340 94324
22242 6680 27983
22249 7060 79925
22258 8840 29004
22337 6680 30844
22429 3340 86067
22447 1470 13210
22453 6680 73648
22480 3340 64289
22520 5910 15394
22547 6680 89304
22656 6680 75960
22688 7680 31713
22796 6680 71885
22846 3340 97056
22883 210 29478
22895 3340 38570
22948 6680 50709
22960 3340 10932
23012 6680 61200
23063 3340 91
23078 3340 16502
23157 3340 16640
23208 3340 24307
23219 3340 10345
23279 6680 30152
23370 3340 80646
23444 3340 12234
23522 600 94373
23569 3340 86147
23590 3340 82119
23619 3340 3293
23641 970 30166
23698 3340 34165
23705 6680 94530
23710 6680 66892
23736 6680 97060
23741 6680 10682
23752 6680 72365
23759 3340 66183
23781 3010 38466
23784 3340 6969
23784 6680 28779
23808 6680 73660
23854 6680 74340
23888 3340 27289
23963 6840 35384
23970 6680 19332
23975 4650 74739
23982 2270 22623
23989 9690 12081
24029 6680 52577
24030 3340 17345
24042 3340 63340
24098 4070 45092
24112 3340 56945
24179 6680 71457
24189 6680 22840
24230 6340 52712
24265 6680 99448
24275 6680 35327
24291 3340 42533
24294 3340 18307
24301 3340 59459
24316 6680 18847
24331 3490 87204
24371 6680 10995
24454 6510 70515
24504 3340 70938
24545 3340 81704
24618 1960 73517
24647 3340 85953
24679 4560 31832
24737 5660 98699
24742 9540 32474
24795 5620 53399
24838 5940 82000
24872 6680 68491
24877 4180 12092
24896 3340 84615
24897 3340 97740
24905 3340 21200
24909 6680 85481
24987 6680 42905
25163 3340 79285
25166 5380 61528
25181 3340 51776
25198 3340 37553
25234 4020 82351
25259 6610 16516
25284 3340 2596
25296 3340 46623
25301 6680 19089
25323 3340 81780
25328 2570 30485
25426 3340 92488
25487 6680 95717
25540 6680 73749
25627 6680 25901
25651 6680 51019
25678 3340 34431
25689 6680 19154
25754 8230 46899
25908 6400 982
25917 3340 71801
25934 6680 62543
25941 6520 19270
25956 3760 78176
25977 6680 98092
26012 2370 50074
26038 3340 5521
26041 3340 21094
26088 6680 54471
26089 3340 75985
26130 3340 43835
26140 3340 26637
26141 7070 93756
26307 3670 99426
26339 1510 10280
26350 5570 43421
26390 9630 37440
26392 610 67295
26429 6680 53863
26442 1270 89946
26483 4010 94673
26551 3340 93205
26552 3340 53276
26563 3340 23766
26603 6250 13115
26617 3340 26939
26636 180 872
26649 6680 22751
26663 3340 13481
26721 4200 89511
26751 6680 60402
26768 6020 64918
26833 3340 88572
26839 150 86214
26883 6680 30371
26956 6680 35896
26960 5060 82336
26963 3340 26281
26990 3340 53453
27013 510 2107
27022 2690 95620
27199 6680 56740
27245 3340 77055
27306 660 39344
27330 3340 54334
27354 6680 97871
27441 3340 43229
27442 3340 54471
27450 3340 82831
27528 3340 6323
27541 3140 33576
27549 3340 65490
27624 3340 34432
27662 3340 12075
27712 3340 25841
27751 3340 38338
27844 6680 69077
27874 6680 75298
27910 6120 3578
27959 6680 54797
27980 6680 20619
27985 6680 98093
28001 3340 17201
28043 9320 57057
28062 3340 28594
28071 6680 40926
28084 5930 64382
28094 6680 95976
28135 3340 67709
28157 9280 39857
28184 4750 96560
28202 3340 86245
28250 2070 9066
28289 6680 63339
28292 3340 17742
28326 3340 10757
28339 6680 67034
28346 7950 7936
28374 6680 30075
28428 3340 19595
28432 3340 25878
28463 9720 69081
28466 200 88018
28561 6680 4295
28651 3150 98974
28681 6680 83772
28715 1590 17676
28725 6680 97612
28732 6680 99823
28827 6680 94813
28862 6010 17348
28885 3340 40454
28891 3340 35515
28891 3380 82449
28922 3340 10786
28924 3340 74123
28956 6680 72345
28959 6680 97281
28960 2580 64840
28981 900 23965
28981 1580 63884
29005 1220 7961
29011 7400 9585
29052 6680 19461
29332 6680 66885
29367 1740 47314
29420 5160 82418
29488 3340 46680
29493 6680 76953
29496 3340 8027
29513 8600 19541
29684 1500 30862
29756 3340 52032
29767 3340 78468
29769 6210 19176
29778 1190 79901
29781 2720 90814
29808 6050 39610
29819 6680 77659
29838 6680 44073
29857 3340 73138
29908 3340 90921
29937 6680 22173
30006 6680 31334
30017 4050 93280
30083 5340 81231
30103 3910 6743
30108 6680 45214
30115 3340 65830
30182 3340 72464
30236 3340 603
30297 6640 44876
30331 3340 44421
30430 3770 95589
30460 3340 8032
30480 3340 34037
30491 300 12057
30496 320 3858
30534 2040 7714
30591 3340 69128
30609 8580 12494
30679 3340 16953
30744 2870 85190
30763 7220 90132
30772 3340 62463
30799 5740 85125
30916 6680 35353
30919 6680 42829
30934 6680 3110
31017 5530 65073
31041 3340 8330
31161 3460 65207
31175 7330 44222
31252 3340 25509
31331 1240 18434
31353 3340 5757
31360 6680 55406
31389 4170 31376
31484 6680 30134
31581 6680 63875
31685 1620 39100
31724 7920 28631
31765 6680 88344
31773 6680 608
31798 6680 84584
31817 6680 60441
31855 3340 16970
31861 3340 19472
31911 9760 37721
31925 3340 81199
31954 4370 83371
31961 6680 40280
32010 6680 41877
32036 3340 2069
32057 3340 99316
32058 3340 78655
32181 1670 92328
32194 6680 30938
32244 3340 10977
32327 7190 12087
32339 3340 82911
32345 3330 55193
32405 3340 65667
32468 3340 53523
32488 3340 56798
32507 6680 6249
32652 6290 33199
32713 6680 31807
32763 640 25648
32769 5310 1603
32812 6680 90901
32870 3340 45713
32871 490 35188
32908 4790 73539
32949 6680 53956
32984 6040 7162
33037 2380 87666
33099 6680 95453
33100 3340 29520
33148 3340 50052
33289 4810 65937
33295 4250 81933
33333 6680 31920
33349 20 41131
33404 6680 41064
33411 6680 54639
33436 3340 16514
33438 6680 98570
33542 9610 32066
33595 6680 37797
33633 3340 29087
33658 3340 4267
33680 6680 74671
33716 6680 87368
33718 6490 13463
33758 3340 40222
33771 6680 34942
33781 6680 6495
33801 6680 2042
33811 4450 15983
33820 7160 26135
33842 6680 44074
33896 3340 47563
33905 3340 69525
33925 6680 64063
33955 3340 10201
33998 6680 75322
34011 6680 78708
34018 3340 94182
34115 3340 90988
34116 8330 82340
34161 5020 82329
34206 3340 84875
34227 6680 50586
34231 2350 55210
34319 3340 77674
34354 6680 56816
34374 6680 62284
34386 9980 90769
34545 6680 34462
34561 7540 68580
34612 3340 96085
34630 5480 32832
34664 3340 83650
34689 3340 5043
34824 6680 91475
34885 3340 388
34891 6680 34876
34952 6680 49756
34961 3340 60196
34979 1990 53544
35035 3340 56198
35091 3080 31679
35125 3190 82119
35153 6680 86719
35178 6680 17306
35187 6680 64894
35219 1780 4356
35247 3340 98643
35259 6680 11208
35318 4530 30575
35397 6680 61746
35436 7150 17582
35442 1180 47241
35469 6680 80410
35571 6680 23574
35607 3340 74498
35665 3340 43137
35708 7630 71860
35712 5250 47463
35728 3340 96851
35758 8960 46411
35761 3510 35922
35786 6680 89891
35894 3340 79784
35929 1540 37870
35950 3340 37695
35989 8170 84534
36052 3340 41666
36053 6680 23382
36071 6680 20791
36101 6680 4190
36111 920 37325
36122 3340 14179
36134 3590 40213
36138 3340 11040
36156 6680 46544
36196 3340 55899
36272 6680 74642
36305 6680 41140
36314 6680 57808
36389 3340 74520
36522 6680 73372
36577 6680 39159
36600 3240 97635
36662 4490 78639
36667 4990 16186
36765 6680 84928
36769 6680 44949
36797 6680 99958
36828 3340 96147
36855 6680 56033
36856 3530 10725
36857 6680 33121
36903 6680 87060
37013 7180 52742
37156 6680 37501
37174 860 90232
37184 3340 52389
37192 3340 34510
37266 840 6636
37275 3660 3300
37336 1940 49995
37350 3340 94256
37378 3340 49784
37379 3340 82879
37379 6680 39067
37424 6680 300
37443 6680 18812
37471 6680 54793
37542 6680 44005
37580 3340 20342
37586 3340 89480
37595 3340 37579
37681 3340 30399
37871 3340 68648
37911 6680 94737
37932 3340 36151
37937 3340 44951
38004 6680 48690
38129 6680 46566
38136 5960 21361
38221 3260 13938
38268 3340 75200
38269 4160 80566
38284 7700 34821
38400 3340 78436
38420 1600 3647
38420 6680 10378
38430 6680 45877
38442 6680 2322
38590 3340 75740
38655 5680 74018
38686 9600 69669
38748 3340 45261
38753 6680 40575
38778 6680 49186
38789 6680 28300
38846 3340 44812
38871 6680 62340
38909 7560 86278
38940 8980 15473
38962 3340 86066
38976 6680 91337
38996 6680 4246
39017 6680 48359
39068 6680 35386
39076 7050 58283
39094 8890 27083
39136 5180 99554
39144 3340 44441
39146 3340 88256
39148 2480 29802
39203 6680 70400
39317 6680 30084
39342 9550 44549
39393 3340 28428
39462 6680 78252
39480 3340 17268
39536 6680 19697
39546 3500 15547
39577 6190 77779
39599 3340 1766
39661 3340 58591
39679 6680 65624
39772 3340 14976
39805 6680 28093
39867 6680 25341
39872 4210 41529
39906 6680 82991
39927 6680 42236
39932 6680 45704
39962 8790 55755
39967 5700 24284
39978 5050 61101
39984 3340 82935
39984 6680 49066
40051 3340 87103
40061 8970 26687
40073 1440 58130
40099 9930 27306
40229 1750 16162
40256 170 40495
40257 5300 43832
40293 6680 16584
40294 3340 21894
40325 9810 73872
40340 6680 68710
40344 6680 69330
40413 6680 89265
40472 3340 51952
40586 630 62198
40632 6710 60466
40638 4910 25277
40660 9950 18560
40662 6680 74674
40720 3340 45407
40906 6680 72880
40940 6680 68464
40941 2400 49312
40963 6680 49224
40990 3340 429
41002 6930 78521
41011 7450 92324
41022 3340 77109
41034 3340 78590
41039 6680 30096
41086 2770 23017
41104 1210 80669
41127 230 3344
41151 3340 55057
41186 3340 84078
41186 6680 68534
41207 3340 89542
41257 3340 40492
41395 2160 29359
41399 8070 79992
41411 5450 81991
41441 90 61529
41445 6680 96816
41499 4220 79082
41501 6680 67714
41518 6680 63215
41629 7480 44282
41679 1310 33666
41688 3340 26653
41707 5440 33800
41743 6680 47430
41751 6680 35464
41807 6680 83179
41891 830 98746
41891 6680 46362
41932 3340 95119
42002 3340 56799
42040 5000 28441
42059 6680 55808
42072 7890 66921
42147 5070 32074
42156 6680 11971
42221 6680 81209
42222 3340 87092
42308 8900 34577
42335 3340 67058
42367 8480 95299
42372 340 80473
42372 2970 6937
42381 6680 7972
42391 6680 90080
42400 3340 58504
42405 350 16183
42411 3340 38710
42422 4770 9131
42437 6680 72507
42478 4120 67381
42524 6680 2521
42530 280 75374
42569 8380 95887
42602 3850 42695
42630 3340 13869
42655 3340 69402
42707 6680 59132
42716 6680 44165
42731 5860 65467
42803 3340 19175
42807 2550 66276
42807 9350 72494
42823 6680 95102
42828 3370 47999
42863 8490 90274
42883 7990 81182
42910 3340 60444
42956 6680 82509
42976 5350 24258
43000 6680 86652
43154 9440 31673
43249 5090 48233
43271 6680 36776
43323 8080 30184
43362 7750 2948
43388 9480 50106
43431 5200 82220
43442 7460 42333
43458 3340 46119
43469 6680 77983
43505 3340 13287
43521 3340 93355
43553 6680 78266
43568 6680 67439
43576 6680 62425
43612 6180 86981
43664 9260 48310
43690 3340 72081
43711 9140 32926
43761 6680 60040
43783 4150 60683
43789 4920 28832
43804 3340 15018
43814 9290 31793
43839 6680 98130
43844 6680 70922
43869 7930 49977
43889 3340 18980
43890 3340 12012
43965 6680 70697
44026 4610 96624
44125 6680 10093
44176 6680 61785
44241 6680 51121
44262 6460 42158
44323 6680 89342
44360 9920 67781
44392 6680 3188
44405 3340 16324
44442 2060 61370
44478 6680 40660
44586 3340 67903
44630 6680 41249
44658 3340 37591
44673 550 95038
44694 6680 69462
44725 6680 5056
44776 6170 71230
44776 6310 5439
44913 560 22602
44921 6680 73400
44995 3340 90708
45003 3340 51394
45018 8700 8772
45023 6680 63059
45078 9150 18886
45085 4690 29398
45120 3340 34686
45120 6680 66084
45136 3340 20176
45138 3340 68504
45156 1280 93670
45218 3340 97729
45226 3340 99817
45239 3340 72654
45241 3340 46494
45299 6680 22693
45325 9470 30164
45364 3340 38690
45366 6680 19610
45372 3340 81269
45443 3340 62835
45468 7710 97943
45469 3340 63173
45521 6030 67976
45550 6680 99624
45569 9060 44252
45579 6680 24916
45584 3340 84098
45611 9110 41693
45710 8510 79172
45721 6680 12917
45725 6680 51098
45759 3340 25945
45796 3340 98854
45805 6680 2026
45846 6660 50908
45860 6680 3304
45882 6680 25527
45901 6680 10097
45904 3340 15507
45983 3340 1652
46008 7090 71752
46011 3340 26888
46065 3340 78493
46086 8710 15325
46097 2560 2939
46141 6600 97280
46146 6680 98498
46167 6680 52354
46204 3340 51976
46232 6780 83377
46265 8350 1059
46280 3340 67249
46288 3340 40940
46309 3340 5277
46334 3340 59153
46357 3340 25395
46379 7320 73176
46398 5190 81112
46407 6680 70539
46413 6680 91725
46450 2950 57223
46467 3340 14242
46475 4510 48299
46475 9790 24958
46476 6680 25200
46480 3340 99428
46544 6680 68505
46605 6680 84459
46701 3340 16157
46721 6680 7739
46725 3340 92718
46728 3340 18878
46783 430 4720
46834 6680 17554
46853 3340 17730
46906 3340 80366
46909 9490 6327
46979 3340 3581
47005 6680 24461
47013 3340 49679
47061 6680 51225
47084 3340 29999
47170 6680 82194
47173 6990 56044
47176 3050 51918
47178 2200 21803
47247 6680 1575
47278 6680 96234
47339 3340 71589
47339 6680 26873
47344 3340 30285
47346 3340 92414
47349 3340 37532
47362 3340 63526
47367 3340 12927
47372 3340 92445
47386 3340 27717
47464 3340 86423
47468 9570 47532
47527 4600 28841
47556 3340 77308
47581 5850 11149
47614 3340 51771
47707 3340 21361
47712 3340 57931
47756 6680 55310
47758 3340 63286
47762 3340 74410
47771 3340 69924
47781 6680 63592
47837 3340 56727
47867 6680 55719
47879 6680 13253
47989 8000 91446
48053 3340 12964
48054 6680 79224
48084 3350 78046
48090 6680 30028
48208 3340 21764
48217 6680 33373
48235 8100 74071
48257 6680 13394
48274 7910 6081
48294 3340 34091
48309 6680 4620
48329 6680 54676
48336 3340 31592
48348 5110 67031
48359 3340 69836
48364 950 57460
48368 3340 39942
48412 6080 87056
48430 9530 41263
48443 6680 8424
48490 3340 96159
48515 7650 98648
48602 3340 21930
48603 3340 56717
48604 3840 49859
48627 6680 65766
48640 3340 37312
48672 6680 19654
48674 6680 65615
48724 130 33670
48746 6680 28300
48842 3340 99621
48847 6680 42732
48902 3340 80992
48970 3340 75249
48975 5210 29669
48999 3340 84099
49016 9420 74224
49017 3340 12745
49020 8810 6402
49022 3340 57536
49081 6680 25286
49123 6680 41947
49131 9230 45759
49160 6680 19462
49174 6680 57866
49190 3340 29926
49199 9100 89282
49259 3340 10757
49285 4830 21878
49295 7390 26907
49307 6680 62465
49315 6680 81087
49348 3340 45558
49435 3340 12040
49509 8410 48461
49535 6680 87537
49637 6680 6343
49701 3340 67589
49752 6680 30561
49776 470 87671
49807 3340 59380
49829 6680 90393
49870 3340 1263
49884 6680 25511
49886 3340 73736
49953 6750 4451
49983 8800 56575
49986 6680 59903
49998 6680 23741
50055 4740 98104
50220 6680 81317
50295 6680 60977
50308 3790 79900
50470 3340 18339
50533 6680 58494
50562 3340 49689
50629 4700 30014
50808 6680 39739
50824 6680 98493
50911 6680 24565
50916 6370 40289
50935 6060 35931
50959 2510 71132
51036 6550 26528
51107 6680 99302
51120 3340 11717
51154 7690 4134
51193 3340 51532
51302 6680 68782
51457 3340 46467
51491 3720 37144
51507 5130 70377
51587 3340 92302
51589 6090 32396
51606 6680 98935
51607 6680 52023
51635 3340 50001
51637 7770 16907
51656 3340 60860
51698 5320 94663
51734 6680 58731
51739 3340 1210
51742 6680 88406
51763 8360 43045
51821 3160 34943
51851 10 42774
51878 9160 863
51907 7980 30991
51918 6680 39897
51941 6680 79054
52098 6680 58101
52102 9650 70357
52105 6680 70973
52108 3340 58050
52127 6680 82152
52180 6680 842
52208 3340 34886
52258 3040 9584
52281 7170 59935
52442 6580 75559
52494 3340 69281
52538 6680 55327
52613 3340 42959
52659 6680 34362
52753 3340 67375
52770 6680 18078
52777 940 19576
52855 6680 5928
52860 190 90695
52865 1100 9040
52874 1120 67364
52890 6680 3344
52893 3340 19496
52896 3340 21717
52897 3340 8804
52953 3340 4032
52997 6680 48806
53025 7820 78785
53026 7850 83529
53027 6680 30221
53097 3540 92208
53166 6680 56630
53244 3340 95527
53276 6680 96074
53310 3340 13746
53332 5120 55000
53362 3340 49452
53377 6680 95542
53384 4300 69987
53396 3340 35751
53400 6680 20134
53442 8950 93569
53496 6680 72716
53504 3340 70202
53552 5010 19789
53552 6680 61643
53598 3340 59777
53613 1720 27704
53644 6680 11716
53646 3340 97297
53684 6680 960
53702 6680 55034
53783 3340 55638
53833 3340 41127
53885 3340 39548
53906 5420 51223
53941 3340 34799
53953 3340 64333
53963 3340 53323
53964 3340 85555
54003 3340 90350
54182 6680 78786
54239 2000 24537
54251 3340 52706
54366 3340 73610
54402 7430 55835
54452 6380 24063
54492 670 17300
54542 4940 14077
54558 3340 64724
54562 3340 6355
54578 3340 15180
54614 6680 76148
54654 3340 41348
54711 3340 60378
54796 2850 12017
54864 3340 13339
54913 1920 72883
54916 910 82608
54940 6680 42161
54966 7260 8691
55061 1350 81071
55068 6680 36122
55083 3340 55588
55084 3340 20707
55142 6680 52841
55168 6680 34397
55191 2740 85073
55211 3820 43739
55297 4630 13667
55303 6680 32982
55318 3340 36367
55354 3340 24150
55410 760 24838
55439 4270 11986
55467 9620 42033
55475 6330 95891
55506 3340 47417
55583 2940 47443
55590 8140 69645
55632 1570 93731
55636 2730 41090
55666 6680 48530
55674 6680 60653
55698 3340 7226
55801 6680 2013
55811 6680 61682
55887 9510 97936
55896 6680 78072
55937 8110 89633
55941 1840 98618
55941 6680 36393
55952 9580 96078
55969 3340 85596
55989 7670 38264
55998 3340 23931
56039 8870 6355
56050 160 91662
56119 3340 61053
56153 3340 37337
56157 4580 87771
56165 6680 45747
56227 8620 98971
56296 6680 24773
56304 6680 48700
56340 6680 38790
56379 6680 71612
56435 2130 82547
56450 3340 24152
56530 4800 93548
56538 6680 95610
56551 3340 38527
56647 6680 81494
56656 6680 35154
56709 1970 25715
56783 6680 12032
56809 2100 99048
56851 3340 69120
56877 3340 4090
56954 3340 44387
56983 4310 45857
57010 6680 93253
57127 3340 28963
57162 4550 36246
57273 7100 7248
57301 530 59931
57346 1770 99350
57368 9910 74818
57399 2220 40876
57419 6680 98835
57560 3340 9240
57560 6680 477
57565 3340 84918
57656 3340 14486
57664 6680 9798
57673 4820 76620
57684 3340 5709
57686 7350 5718
57702 2030 96993
57741 3630 54409
57780 3340 85694
57790 6680 90255
57797 5400 86201
57815 520 42531
57840 1160 33597
57876 3340 83757
57986 3340 15275
58032 9040 47884
58040 6680 88970
58066 5500 70788
58132 6680 90992
58143 6680 1978
58202 5870 44443
58212 3340 64968
58257 5830 74232
58311 3340 69917
58323 3340 31536
58365 8500 69681
58411 3340 83260
58544 5710 63984
58577 3340 48487
58578 6680 43242
58600 4340 48469
58626 5580 93554
58636 6680 58824
58667 3340 11269
58681 3340 13174
58688 3900 27340
58689 3340 56362
58690 3340 21551
58712 6680 12368
58742 1830 68807
58774 3340 70037
58790 4480 26186
58821 3340 32534
58879 3340 21459
58887 1010 98772
58894 3340 46580
58950 6680 44726
59047 2810 37775
59080 6680 25786
59099 6680 96750
59120 3340 35334
59163 3340 38649
59216 7340 93483
59328 6680 46007
59332 3340 39442
59334 2750 27815
59335 4260 65633
59354 3340 645
59429 3860 50547
59443 3340 32975
59451 2500 88096
59510 820 20774
59520 6680 18802
59539 3710 62500
59589 3340 61605
59784 6280 24063
59789 4460 5058
59832 6680 21595
59895 6680 79965
60059 6680 17754
60073 6000 34262
60090 6680 20803
60127 380 47873
60141 3340 68003
60155 6680 17632
60220 3340 59030
60228 6680 20313
60262 6680 90491
60279 1630 92729
60290 5640 72929
60331 4000 46554
60388 3340 44523
60416 3340 298
60431 3340 44030
60442 8910 64109
60445 6680 53247
60449 1140 49945
60538 3340 40502
60635 6680 57805
60667 6680 36760
60769 6680 80977
60772 6590 28487
60775 6680 38550
60798 3340 71127
60861 6680 13152
60901 9170 41449
60915 6240 37858
60958 3340 42297
61005 6680 56802
61042 3340 98691
61043 5260 81527
61061 3340 24965
61080 3340 12989
61093 3340 66392
61111 6680 30088
61179 2150 94569
61193 3340 58045
61318 3340 67125
61344 6680 72022
61345 3340 6523
61373 3340 35635
61424 3340 23098
61444 6680 2225
61507 330 52175
61512 6680 8993
61517 6680 91617
61565 5490 78365
61586 3340 59259
61624 3340 40973
61628 3340 43431
61663 6680 80743
61694 6680 33420
61696 3340 40405
61838 6680 68023
61844 6540 94766
61869 6680 94838
61881 6680 58318
61952 8570 64578
61998 7740 37609
62014 6680 1553
62057 6680 61488
62075 1700 10549
62085 3340 128
62085 6680 61204
62123 6680 86230
62143 8390 91522
62174 5670 30390
62276 6680 45252
62334 6680 82414
62393 6680 76508
62430 6680 98316
62454 6650 16488
62486 6680 36429
62514 1430 84203
62606 6680 79774
62659 6680 31996
62671 9340 18465
62768 6680 51773
62853 6680 86848
62901 3400 83422
62957 5950 69706
62972 6680 74714
62977 3340 19145
62990 3340 82245
63004 3340 39467
63090 6130 56026
63093 3340 55375
63103 8280 97007
63244 6680 87963
63267 4320 83089
63308 3340 17626
63310 3340 1282
63381 3340 88817
63396 3340 59152
63403 3340 22186
63419 5610 43097
63443 6680 84317
63480 3340 67721
63483 9130 6324
63490 3340 77316
63530 3340 23870
63534 3340 54537
63551 3340 67221
63569 3340 76965
63608 990 2003
63609 1930 96914
63621 3340 51070
63811 6680 39668
63842 3340 61648
63865 3340 70373
63870 6680 13417
63878 6680 11918
63900 3340 67967
63911 3340 98487
63920 6680 76022
63962 7720 48307
63964 3340 19308
63976 3340 62154
64033 6680 47330
64047 6680 76029
64143 3340 74164
64200 6680 96993
64208 9880 15942
64217 6680 92948
64256 3340 22992
64270 6680 18743
64298 2450 87425
64311 3340 12344
64327 3340 23572
64331 6680 42667
64355 3340 69994
64432 6680 95741
64537 3340 40236
64539 6680 74158
64544 8430 46983
64550 2290 59946
64599 3340 79553
64635 6680 94900
64658 6680 41075
64661 3340 53500
64665 3340 78163
64764 9410 22750
64778 370 61880
64795 3340 84552
64800 6680 13702
64832 3340 88543
64873 690 83028
64968 3340 6982
64970 6680 17181
64976 3340 85848
64992 800 10416
65002 6680 9487
65010 3060 60359
65020 3340 17388
65038 3340 54287
65038 3980 31135
65045 1300 62129
65050 6680 84292
65060 6680 89329
65174 3340 76224
65200 100 49230
65200 6680 10991
65278 6680 71541
65289 6680 87360
65308 7790 89159
65310 6680 51195
65345 3340 46292
65413 450 50322
65428 6680 83610
65431 3340 72150
65481 1020 16616
65601 3340 7029
65602 8300 64629
65658 6680 47619
65731 6680 55746
65781 4540 29273
65790 6680 11573
65799 6740 59016
65850 6680 69125
65878 3340 80127
65922 3340 61276
65977 6680 88221
66068 6680 61296
66105 3340 87789
66140 6680 4805
66186 6680 32318
66237 6680 29740
66241 6220 90884
66254 3340 9576
66266 3340 24289
66336 3340 83120
66372 3340 56212
66486 8260 8165
66493 7210 11415
66498 6260 71098
66503 1870 26017
66547 1050 53642
66580 1790 85829
66605 1200 62981
66622 6680 13593
66638 5520 13794
66685 4620 76390
66729 2760 97894
66731 6680 5238
66827 6680 89135
66863 6680 38087
66916 3340 74634
66917 6680 77215
66928 3340 68685
66933 3340 8907
66995 3340 95122
66999 6470 38178
67074 6680 5486
67112 4710 65074
67127 3340 29134
67169 4970 86436
67174 3340 52744
67196 2670 45058
67232 3340 69471
67254 6680 28354
67264 6320 21567
67287 6680 24043
67302 6680 62480
67320 3340 81634
67376 6680 93309
67386 3340 65360
67489 3340 7047
67525 6680 7354
67526 3340 661
67532 6720 93128
67573 8020 29716
67630 3340 95243
67690 2920 78175
67720 3340 55566
67745 3340 29251
67784 3340 49734
67788 6680 52677
67813 6680 48265
67863 3340 105
67894 6680 31644
67973 9640 58318
68003 6960 87093
68084 6680 75741
68091 7490 59496
68155 3340 6199
68167 6680 6534
68168 6680 48302
68221 6680 32894
68255 6680 58606
68258 6680 23613
68636 1650 97038
68641 6680 76540
68831 7590 42941
68877 3890 23450
68912 6680 70347
68927 810 23720
68942 3340 94640
69140 6680 61879
69151 3340 37270
69153 6680 54509
69193 6680 12345
69196 3340 56154
69317 9560 56413
69323 6680 69845
69337 6680 74622
69359 2300 61541
69385 3340 52675
69399 6680 42267
69418 6680 76000
69433 3340 14069
69441 3340 9870
69457 3340 86767
69459 6680 21510
69461 3340 36587
69506 3340 19784
69518 3340 83505
69521 3340 624
69525 4980 91513
69584 3340 41766
69603 3340 89170
69612 6680 53540
69634 3340 68911
69676 3340 31177
69687 3340 89624
69702 6680 21597
69704 6700 47700
69788 3340 57580
69789 3340 21588
69789 6680 68497
69813 3340 78483
69817 3340 31301
69871 5800 19361
69894 3340 10012
69950 3340 5125
69955 5510 86831
69955 6680 6137
70023 6680 63904
70073 3340 89428
70132 3340 60234
70187 6680 65363
70231 6680 58845
70246 3180 56555
70251 3920 49184
70283 6680 36249
70312 3340 4762
70343 3340 42515
70392 850 93323
70429 2310 5155
70437 2230 36618
70516 2320 91645
70548 3340 59906
70553 5760 14133
70581 3340 49446
70590 4520 70073
70618 3340 86892
70619 750 48887
70627 7760 24397
70657 3340 19262
70691 5040 47539
70769 6680 3539
70776 5980 78634
70800 6680 95658
70804 3340 15525
70857 6680 98131
70867 6680 3008
70886 6680 81023
70901 6680 84143
70949 3340 80668
70971 9840 95382
70976 6680 83165
70977 6680 44530
71027 2020 63854
71058 6680 92973
71075 6140 21617
71089 6680 34417
71110 2140 43435
71135 9030 77493
71137 7800 69846
71266 1910 44625
71344 6430 2899
71350 8540 39156
71402 3340 63726
71458 2110 89759
71485 6680 49868
71496 7500 69962
71527 3340 6704
71534 5230 33294
71569 1850 69432
71577 5880 18446
71604 6940 99032
71622 6680 45167
71686 5770 8375
71700 8690 4588
71717 6680 57381
71722 3340 39782
71764 6680 88299
71769 3340 96835
71769 6680 1173
71784 3340 61630
71785 5030 35055
71878 10000 34111
71885 3340 94209
71960 3340 61639
72030 870 14870
72070 6680 84532
72134 6680 59348
72151 3340 47293
72154 6680 10037
72181 3340 11172
72187 6680 24753
72188 3340 55604
72214 6680 99328
72221 3340 20230
72241 6680 32897
72291 3340 42263
72294 6680 27189
72315 7310 85389
72349 6680 56514
72372 5750 40418
72412 2780 6100
72418 6680 82888
72441 3340 69267
72486 1860 24370
72488 3340 32590
72498 3340 88137
72537 3340 31298
72547 6680 27839
72598 1130 43346
72603 3340 75257
72644 6680 20539
72691 6680 63692
72693 6680 98410
72713 1260 99676
72737 6680 77793
72744 7880 2313
72784 3340 91696
72788 6680 98645
72866 3100 16656
72868 6680 6025
72875 3340 43364
72953 3340 87428
72973 3340 73316
72998 5890 46710
73092 6680 47937
73099 5600 97286
73131 3340 67356
73135 5590 71148
73172 3340 19786
73200 6680 81948
73217 3340 94675
73265 6680 35793
73277 2340 29118
73309 3740 88359
73441 3340 34219
73462 6680 96240
73500 3340 19630
73519 9940 74754
73530 480 16917
73571 6680 69843
73622 6680 20136
73624 6680 26323
73640 6680 97097
73724 1230 96515
73797 6680 82690
73834 460 10475
73863 9360 69188
73937 6680 959
73949 9770 83975
73976 9200 2158
74021 9520 74997
74042 3340 38738
74071 3340 5711
74120 3340 30961
74138 6450 3347
74186 6680 49481
74208 3340 20574
74232 6680 7478
74283 3340 66581
74347 6680 3050
74371 6680 71300
74381 6680 50834
74400 6680 41366
74456 8450 64929
74491 1110 84032
74549 6680 92959
74611 6680 25863
74706 4130 43270
74724 6680 6786
74734 5840 10436
74783 6680 29834
74817 6680 25400
74854 8680 79696
74875 6680 20226
74914 1080 4583
74925 6760 54283
75009 6680 96908
75025 3340 49759
75031 6680 87560
75047 3340 30104
75069 6230 43532
75102 4360 51667
75171 3340 46658
75182 2410 73992
75182 6680 20507
75189 8130 24829
75211 6680 80919
75214 2710 3434
75233 3340 54339
75236 3340 47007
75269 4240 91045
75301 3340 54889
75305 1760 32906
75318 5100 5909
75331 390 28530
75335 4290 45129
75424 6680 2502
75430 2610 65207
75487 3340 46972
75558 3340 80883
75571 6680 76054
75578 6680 66214
75613 7620 60211
75633 2050 70148
75661 6680 68463
75694 3340 93921
75701 6680 73553
75726 3340 93328
75810 3340 69344
75830 7570 26582
75852 930 60928
75889 3340 95033
75901 8180 727
75956 6350 2704
75959 8200 65699
75975 6680 460
76008 4670 80656
76015 6900 19708
76077 6680 77392
76083 6680 67574
76122 2180 78529
76151 3340 76684
76156 3340 72330
76165 3990 96593
76205 1480 99121
76320 3340 38267
76323 6680 53417
76346 9590 37451
76353 9070 8294
76355 6680 34
76376 7860 17654
76396 8550 31425
76465 4100 59857
76486 3340 19907
76498 3340 76497
76501 2540 83120
76518 6680 79779
76522 6680 24436
76536 3340 63254
76565 3440 34587
76613 3340 5668
76674 3340 52639
76677 6680 23315
76700 3030 1073
76758 6680 73936
76763 6300 96210
76777 6680 46400
76812 6680 40206
76861 1550 54447
76931 3340 69856
76959 9310 24159
76980 6680 55949
77006 3340 1207
77049 3340 9050
77149 6680 23320
77209 3340 96539
77282 6680 15256
77312 4430 26692
77362 5430 16527
77366 8780 64701
77367 3340 62799
77410 6680 58971
77472 1950 26798
77474 3340 55169
77476 4860 49575
77578 8850 32506
77602 3340 80093
77625 3340 26742
77633 3340 86459
77646 6680 89684
77652 9500 32200
77675 6680 20671
77717 6680 15728
77753 6530 83294
77783 3340 88081
77791 6680 60604
77816 2820 92153
77817 6680 55722
77872 4440 43487
77887 7440 66972
77889 3340 422
77891 6680 79713
77899 6680 40730
77913 3340 43254
77985 4330 83633
78009 6800 21660
78012 3340 16409
78098 580 73141
78099 6680 91832
78105 3340 62566
78112 3360 11272
78153 3420 9808
78254 6680 91580
78261 7140 31887
78271 6680 94237
78333 3480 1059
78414 6680 6899
78452 3340 90948
78478 6680 68592
78483 3340 51117
78487 6680 7750
78498 6680 16532
78514 7000 77737
78519 3340 29894
78537 3340 23922
78542 6820 28094
78548 6890 38088
78576 3340 58543
78611 6870 77343
78631 3340 23792
78644 6680 36886
78645 2640 13336
78669 500 48639
78696 3340 79433
78702 8920 10604
78703 6680 56921
78745 3340 99523
78787 3340 21879
78927 6680 89289
78933 6680 62135
78942 6680 22862
78959 3340 66419
78967 6680 25727
78976 3340 18220
79033 6680 17340
79166 3340 96644
79200 3320 94295
79203 3340 14364
79206 6680 96335
79214 6680 68403
79271 6680 78665
79273 2280 60035
79296 6680 70054
79350 3340 2600
79376 1340 37819
79436 6680 49418
79443 3340 59298
79491 3340 32572
79584 3340 36758
79621 3340 67467
79639 6680 52999
79677 4730 55943
79699 6680 34435
79787 6680 15626
79874 6680 4505
79888 6680 43653
79979 8730 34005
80012 3340 60691
80049 6680 57290
80057 1420 12560
80079 6680 22528
80109 3340 37879
80181 6680 77759
80184 6680 30210
80238 3340 48568
80272 6680 59933
80388 650 43015
80410 6680 48109
80463 3340 20168
80465 3340 90283
80486 6680 51040
80527 6680 12713
80553 5290 28461
80559 6680 58524
80573 6680 8445
80584 3340 56087
80584 6680 96730
80603 6680 7567
80652 7660 62718
80656 6680 71986
80661 4570 93479
80719 6680 30533
80809 3340 64084
80813 3340 33811
80818 6680 18636
80883 3800 67883
80892 6680 25904
80911 3340 36488
80941 3340 25411
80950 3340 97619
80965 6850 65533
80981 3340 11160
80999 8610 9787
81061 3340 28872
81091 4230 83831
81114 3340 71747
81192 6680 64459
81201 6680 80507
81238 6680 88245
81297 5170 74007
81441 3340 32654
81452 440 48885
81470 3340 2501
81475 6680 95815
81489 3340 30025
81503 6680 26323
81546 3340 97040
81600 2660 4945
81685 3340 53632
81722 3340 51078
81744 6680 67339
81751 3340 98818
81775 9220 46643
81795 3340 54536
81812 3310 3924
81816 3340 4366
81825 6680 38827
81833 3340 12492
81843 6680 23945
81848 5970 83831
81855 3340 68350
81863 5550 28842
81890 3340 27221
81915 8420 97730
82200 3280 20381
82276 6680 60671
82321 3340 42967
82334 6680 78614
82341 3340 55634
82347 6770 15649
82348 3340 80007
82368 3340 51658
82370 3340 83580
82373 6680 58596
82390 6680 7250
82404 3340 52787
82423 9990 48017
82464 2420 85401
82498 6680 21374
82511 3340 76751
82550 3340 89277
82564 6680 98599
82590 3340 40310
82620 3340 95172
82629 3340 23213
82800 4080 70326
82801 3340 74922
82807 6680 51094
82809 6680 66256
82837 8830 6345
82849 2430 66611
82882 7240 41802
82888 1820 78412
82903 3340 28497
82911 1710 77723
82950 3340 16153
83023 5370 48399
83041 3340 80331
83086 6730 81272
83194 3340 78262
83233 880 39334
83247 3340 75207
83261 6680 55032
83266 6680 61547
83306 9700 91240
83322 6680 23295
83323 3340 4365
83333 6680 87119
83342 3340 51160
83402 8040 22549
83449 6680 20154
83458 3340 20272
83475 3340 38529
83488 6680 96371
83497 6680 83616
83554 1810 82380
83657 3340 64393
83685 6680 52594
83713 3340 36962
83719 6680 9903
83829 3340 75544
83837 3560 18431
83877 3340 80579
83923 3340 571
83952 3340 69825
83953 2840 13605
83965 7250 79512
83999 2900 81849
84049 6680 16835
84077 6680 50464
84083 3340 47105
84111 70 71534
84177 4030 68283
84200 6680 53396
84201 3340 23115
84239 6680 75808
84252 4640 98451
84383 6680 67491
84396 6680 52799
84437 6680 80721
84472 3340 74452
84480 240 93834
84494 1150 20160
84500 7940 74757
84529 3340 88013
84561 8240 41972
84598 6680 43696
84620 3340 37411
84641 3340 67798
84693 6680 51664
84700 6680 92737
84721 3780 11092
84737 6680 61817
84802 3340 40166
84831 590 2957
84849 60 70501
84855 4380 6233
84948 6680 82506
84958 3520 41314
84964 3340 61985
84974 6680 2163
84976 6680 61166
84999 9730 13995
85010 3340 74502
85044 7270 63770
85065 3340 73637
85268 3430 92189
85446 6680 95078
85463 3290 61473
85472 6680 99432
85478 3340 78505
85481 3340 98121
85531 6680 46414
85540 6680 51306
85553 6680 30156
85562 3340 31408
85603 7230 87426
85668 3340 41273
85678 6680 9701
85702 6680 16476
85834 3340 45167
85862 4660 44670
85868 9710 62099
85891 3340 1472
85957 6680 91041
85965 8660 79139
85994 3340 74393
86007 2990 18466
86020 3340 85910
86035 7580 84532
86078 3120 80586
86183 260 54838
86187 6680 88401
86248 6680 53529
86383 30 20460
86427 6680 51901
86515 3340 35024
86520 8860 31714
86526 3340 24143
86559 3610 72742
86583 1330 11870
86596 7640 7886
86617 6680 95880
86643 3340 90879
86648 6680 60272
86798 6680 20009
86819 6680 26821
86826 6680 63067
86848 3340 9117
86913 6680 97654
86927 2330 85654
86941 3340 17823
86945 7300 85134
86959 6420 32393
86979 3340 94830
86980 3340 40861
86983 3340 54974
87055 5470 28832
87090 6680 90469
87091 8650 86599
87103 3220 10907
87106 7870 75335
87159 3340 30312
87185 6680 25130
87216 6680 26147
87261 6680 69289
87282 3340 63438
87294 4110 70920
87318 3340 42134
87509 3340 52828
87515 3340 17419
87524 3340 20560
87559 7020 88225
87569 3340 57128
87571 6680 4809
87601 6680 29241
87637 8250 79741
87644 1690 5350
87676 3340 55525
87706 80 72769
87717 9090 90447
87745 3340 33001
87747 1520 10246
87766 8220 6576
87791 6680 62255
87878 6680 99504
87927 6680 71555
87928 6680 87582
87970 6680 73717
87972 6680 47206
87980 3470 40697
88001 5920 86914
88025 6680 26029
88109 3340 94859
88116 3340 4702
88118 6680 49021
88127 7730 14819
88170 6680 35203
88172 9300 9377
88184 4400 712
88240 8720 20579
88248 6680 56256
88259 6680 31878
88304 1090 19368
88321 6680 43206
88380 3340 76214
88413 6680 62788
88429 3340 78934
88435 3170 51796
88444 6680 7229
88446 3340 1699
88594 6680 18873
88611 3340 86753
88611 6680 10043
88654 6680 54139
88693 3340 87625
88725 3340 49146
88763 3340 68690
88838 3340 6407
89028 3340 9050
89029 3340 89651
89035 6680 55133
89129 3340 45162
89135 3340 31083
89139 3340 89813
89140 50 24202
89193 3340 99888
89230 3340 89790
89257 6680 2625
89311 6680 93685
89316 890 28098
89316 4090 62149
89338 3340 42919
89360 3340 28966
89361 1980 41425
89375 6680 81809
89511 9860 59401
89523 6680 58253
89550 3340 14747
89570 6680 82728
89580 6680 20926
89598 10010 1447
89608 8940 20138
89610 3340 8327
89636 6680 18864
89656 4850 45851
89724 3340 93965
89754 3340 6623
89759 3340 62942
89769 6680 106
89806 6410 15709
89818 7780 53622
89826 6680 20917
89884 3340 56098
89937 6680 85151
89957 6680 13744
90029 6680 27068
90040 6680 80236
90047 3340 82624
90101 3340 10550
90108 3340 19685
90209 3340 78001
90240 6680 91792
90298 3020 88310
90311 3340 1229
90342 6680 96170
90345 3340 9726
90349 3620 51299
90357 6570 54843
90369 3340 97008
90445 6680 52868
90472 6680 77927
90477 3340 30994
90531 8370 73574
90542 3930 77778
90545 3340 27273
90548 6680 15500
90553 6920 9453
90598 6680 78154
90605 3340 3109
90621 3340 16654
90642 3340 61168
90655 6680 82141
90666 3340 27002
90708 3340 68660
90782 3340 69683
90814 6680 19962
90935 8460 72381
91002 6680 2153
91014 3340 59931
91032 3340 30734
91064 6680 25545
91074 3340 32735
91101 2250 93820
91131 3340 31150
91262 6680 20377
91267 9370 9954
91321 3340 63519
91394 3340 87842
91446 4060 25089
91460 2830 69209
91474 4840 60760
91477 6680 54383
91539 6680 78815
91592 6680 39728
91681 1170 66431
91681 6680 2335
91760 6680 61637
91808 3340 14910
91825 3340 38806
91858 6680 51102
91870 8270 33306
91873 6680 89468
91924 6680 81581
91942 6680 21244
91968 3340 83141
92005 6680 27556
92090 3340 17539
92119 720 83052
92128 3340 96234
92147 6680 13539
92153 6680 95300
92176 7600 25925
92225 3340 12828
92278 710 22751
92356 2790 68837
92379 270 33477
92397 3340 81499
92435 6680 22118
92520 3340 50147
92535 2080 48570
92538 6680 57841
92562 3340 2733
92594 6680 78661
92595 6680 4433
92642 6680 12428
92665 3340 2096
92683 6680 18999
92722 2520 29913
92741 3340 25076
92876 3300 87119
92909 6680 30585
92920 6680 2491
92925 3340 45765
92927 3340 73900
92986 3340 12703
93008 3340 45137
93015 3340 73141
93050 3340 33340
93051 3340 66229
93193 3340 26908
93252 3340 5370
93286 6680 87958
93316 6680 44074
93402 6680 72436
93433 3340 76706
93471 6680 62756
93530 5240 77029
93553 3340 16155
93574 6680 62832
93637 6680 85844
93648 3340 58672
93674 9330 90951
93714 6910 53693
93731 6680 57057
93737 3340 39424
93749 3340 57429
93802 6680 15582
93876 6680 80247
93881 6680 779
93937 6680 96947
93993 6680 31697
94031 3340 40869
94050 9430 23629
94053 3340 96797
94075 6680 55087
94135 3340 48441
94232 5540 69512
94235 6680 66255
94243 3340 4951
94243 6680 17166
94344 3340 55239
94344 6680 30339
94349 3340 2787
94369 6680 94723
94422 6360 10884
94438 3230 9681
94506 6680 53088
94529 3340 38610
94601 1640 6936
94656 6680 76666
94704 3340 54998
94726 3340 82731
94740 3340 5792
94757 6680 3176
94759 6680 73985
94810 4190 34609
94841 2890 22811
94861 7010 64756
94862 3340 23122
94884 6680 57864
94885 6680 30429
94931 1030 41072
94961 6680 7167
94994 3340 60618
95072 6680 5644
95085 2800 7663
95091 6680 85988
95097 3340 94326
95143 6680 3968
95212 5650 59555
95237 6680 20697
95240 3340 17079
95250 6680 51965
95259 6680 95644
95275 8050 53893
95373 3340 56677
95382 3340 45516
95389 3340 84867
95410 6860 65491
95429 3340 18493
95452 7960 51843
95478 3340 80728
95496 6680 74462
95511 6680 408
95583 3340 60664
95594 6680 17982
95602 6680 31589
95610 2700 76859
95750 3340 93977
95758 6680 24368
95798 6680 45406
95843 6630 22163
95864 6680 49072
95865 6680 6527
95896 6680 896
95955 6680 46515
95967 9120 10502
95993 6680 88401
96066 3130 22770
96075 8530 89970
96097 3340 90369
96135 3340 45257
96151 3340 30391
96178 6680 10938
96217 6680 96790
96241 6680 20410
96263 3340 31532
96307 6680 49591
96317 3340 31470
96320 6680 98801
96383 3340 87143
96456 3340 28441
96503 3340 45615
96504 3340 69670
96537 3340 4969
96543 3340 92975
96572 250 56765
96581 8090 32014
96699 3340 40080
96784 6680 31667
96876 3340 75014
96883 3340 56465
96896 8670 51233
96971 3340 20918
97016 3340 47413
97031 3340 2209
97046 6160 88036
97055 3340 82388
97065 400 35662
97073 6680 8878
97083 7380 14642
97147 3340 37374
97221 5720 5874
97304 5730 84391
97403 6680 45198
97421 1900 10067
97426 3340 84226
97452 3340 72809
97455 2260 77841
97478 5280 27854
97504 6680 68348
97615 3340 71413
97632 6480 85756
97633 3340 60846
97667 3340 55025
97697 3340 32038
97744 2460 59409
97754 8010 24500
97786 3340 41591
97796 3340 37440
97897 6680 34158
97904 3270 88160
97917 5270 49847
97918 2240 96128
97930 1610 72709
98010 3340 12383
98029 8150 87721
98056 570 41143
98152 3340 86384
98153 6680 42211
98157 6680 95414
98224 6680 29791
98295 3340 33709
98297 8400 53751
98309 4900 94002
98317 2530 78374
98397 3940 43226
98427 6680 33756
98435 6680 36522
98474 3340 94164
98498 3340 4364
98530 3340 67241
98535 3340 15175
98547 3070 74785
98548 7130 10317
98590 3340 99310
98595 3340 23070
98628 3340 13291
98658 7420 94793
98670 3340 38520
98708 6680 64772
98713 3340 23517
98808 3340 6842
98888 9250 58565
98913 3340 57130
98965 6680 68525
99064 3340 76091
99076 3340 47076
99113 2930 48575
99126 6680 91331
99134 540 72721
99135 9970 20521
99147 3340 85497
99174 6680 19444
99179 7470 38300
99217 780 44603
99264 6680 85031
99299 6680 93515
99376 6680 5760
99482 6680 62785
99483 3340 79231
99494 6680 20535
99554 3340 18850
99746 6680 96611
99829 3340 93591
99849 3340 15698
99896 5220 52798
99941 3340 61715
99955 7900 10339
99963 6680 23981
99965 3340 12598
99975 3340 12137
100000 3340 62315
