3000 10000 35148 73480
43 330 26450
85 2510 81920
119 7530 38227
190 3370 17902
278 5020 67334
302 7530 23576
310 5770 70569
375 7530 82313
382 2510 72914
397 4530 13021
470 4540 46563
471 6800 71511
472 5020 33065
509 9470 88705
535 2280 91667
538 2750 10694
564 5020 44743
578 7530 50495
651 5020 35101
665 5020 37300
710 7530 97146
715 7530 39023
727 2510 62989
748 2310 42466
816 5020 86421
827 5020 3027
844 7530 85704
871 7530 1292
903 5020 67681
933 5980 31757
939 7530 50858
1002 6600 6930
1040 7530 74830
1053 2510 61380
1059 2510 49474
1091 830 18248
1124 2510 28028
1164 7530 72342
1229 7530 15088
1261 7530 44108
1316 2510 65078
1321 5020 86026
1347 8920 66415
1351 5020 27362
1407 7530 85697
1417 2510 90362
1499 5020 61439
1523 7530 8746
1535 7530 41658
1552 5720 49358
1566 5020 17021
1593 5020 39554
1610 720 8729
1620 1160 81783
1620 7530 56850
1676 7530 17733
1756 3720 43183
1881 7530 46500
1884 6930 38161
1924 2510 65070
1931 5020 47511
1944 610 2440
1995 8560 50446
2055 5020 88245
2060 8230 74131
2072 2510 64472
2119 2230 86902
2120 2510 47962
2153 2510 77822
2167 5020 3846
2178 220 5662
2210 7530 68212
2216 2510 93893
2246 4350 51921
2264 7530 26080
2291 800 67268
2324 2510 59901
2347 8180 69283
2369 2510 94424
2382 5020 40505
2419 5950 77609
2422 5020 43999
2460 6130 32398
2512 7570 38369
2552 6970 22371
2626 7530 95326
2645 7530 92907
2670 2510 84673
2683 4790 81653
2726 9750 26639
2792 5180 24732
2809 1130 967
2810 5020 54033
2896 5300 69270
2941 5020 83383
3010 2510 31558
3024 5020 52669
3055 2510 41317
3058 5020 95450
3074 3070 70852
3076 5020 16777
3082 5020 44687
3095 1060 46900
3131 5020 1042
3140 1310 63005
3144 5580 33768
3151 7530 53497
3163 2510 54658
3164 5020 95920
3177 2510 70685
3198 7530 38131
3229 7160 55626
3231 7530 96620
3278 7530 23685
3281 9120 98424
3377 2510 29619
3470 2510 99833
3525 2510 69399
3536 8020 42161
3542 8040 49531
3549 7530 13842
3566 7530 57769
3576 6910 41585
3596 1840 97094
3638 2510 15704
3691 7530 74820
3788 7530 20747
3791 2040 58650
3814 2840 49069
3866 2510 19935
3894 2510 95337
3929 3770 72643
3944 7530 95574
3959 2510 85217
3971 4120 81568
3992 5020 65923
4010 5020 84406
4111 5020 26645
4130 2510 79638
4140 2510 91350
4222 2510 12415
4294 5020 5830
4306 7530 66322
4366 2510 24184
4382 5020 13556
4416 5020 32468
4456 7530 69512
4549 5020 1898
4574 1940 41341
4576 5020 66804
4593 5020 11590
4601 5020 51360
4652 1430 40299
4677 120 94867
4704 7070 28014
4730 7530 16430
4792 2510 80937
4833 2510 10706
4876 8090 98638
4881 4690 65439
4899 5020 87712
4919 1600 31020
4932 2510 91186
4956 2510 17962
4969 5020 75169
4970 2510 59175
5064 8760 24584
5097 5020 10420
5100 7530 242
5117 7530 65665
5128 7530 50900
5160 7530 7641
5203 7540 87712
5254 7530 46750
5395 9490 78571
5400 7530 38319
5432 7530 87394
5481 5020 71171
5535 2510 71115
5566 3100 62452
5596 5020 29158
5619 5020 95438
5634 5020 42764
5653 5020 99045
5720 5020 4447
5773 6400 51673
5798 5020 6381
5827 740 48864
5834 7530 44167
5848 7530 21416
6018 3780 9357
6020 490 56882
6095 5020 39724
6150 7530 85522
6167 3920 15022
6195 7530 66332
6217 2510 47590
6222 6550 63945
6229 5730 8771
6231 6740 58235
6301 7530 30852
6338 2510 95622
6358 2510 37510
6448 8540 98916
6455 7530 23952
6456 7530 44201
6557 5320 56909
6558 5020 41121
6656 4600 48927
6702 7530 96405
6718 7530 11964
6722 5020 5951
6770 850 94587
6826 4840 6178
6838 2510 82059
6846 2510 78813
6855 7530 21901
6886 7530 52374
6916 7530 59148
6928 7530 9718
6938 2510 48586
6940 2510 10271
6995 3360 4216
7003 5020 2585
7042 7530 83986
7089 2510 42616
7113 2510 49569
7241 1710 37338
7241 9060 70705
7266 2510 32359
7277 7530 8243
7299 2510 8885
7407 700 28490
7408 7530 78965
7422 7530 59881
7427 7530 98846
7450 2510 22080
7537 5020 29516
7542 2880 35203
7612 7530 15457
7628 30 36855
7675 6760 77099
7683 7530 74481
7698 1580 30219
7763 7530 40382
7772 2510 73852
7777 7530 48387
7805 7530 79087
7867 2510 82522
7878 5020 89200
7907 5020 68062
7930 1610 94339
7947 2030 42513
7975 2510 44223
8064 10020 76890
8082 5020 67293
8127 7530 62583
8148 2510 78997
8163 7530 952
8267 5020 64471
8269 5020 59390
8290 7530 90103
8339 7530 57637
8369 2510 15838
8375 2510 2042
8380 2510 85266
8432 8640 9534
8476 750 69037
8485 2510 65216
8616 2510 8660
8659 7530 56942
8684 7530 28222
8737 2510 20220
8750 2510 38585
8768 7530 81846
8779 5020 25142
8812 370 13362
8812 7850 48570
8833 1780 42165
8869 5020 42062
8879 4720 93939
8906 6880 35784
8933 5020 69489
8955 1030 30326
9021 7530 19043
9027 5710 56854
9037 2510 78466
9049 2510 10112
9134 5020 40957
9204 6120 55245
9256 9960 57121
9321 5020 18095
9321 7530 90073
9325 2510 61316
9343 2510 14239
9366 2680 25715
9407 5020 93655
9415 7530 28027
9432 7530 27208
9451 2610 6525
9475 5020 70316
9520 7530 12724
9544 5020 53626
9583 1460 46545
9618 2510 69296
9625 2510 97735
9682 5020 69648
9698 5020 15311
9711 9630 6243
9751 7530 96432
9753 5920 98207
9762 4140 71942
9818 7530 29239
9844 5220 29113
9851 4000 62585
9901 3490 85285
9908 7530 63614
9933 7530 79561
9959 2510 94574
10007 5020 35489
10032 9360 67998
10059 2510 25499
10074 7530 99124
10141 7530 38041
10145 2510 59705
10147 940 58359
10236 2390 84058
10255 7530 48432
10288 7010 23355
10358 7530 1847
10367 5020 41314
10372 5020 38864
10392 2510 44535
10413 8400 80689
10418 5020 35729
10434 6610 4218
10444 2510 39948
10448 2510 11405
10465 7530 5406
10481 5020 85408
10507 2510 35300
10512 7530 41225
10513 2470 93143
10535 2510 53210
10539 2510 71210
10577 7530 78719
10587 4440 21223
10600 5020 72954
10638 5020 74588
10645 6830 58496
10665 6080 13370
10690 7530 34539
10711 3710 88118
10718 2510 25258
10762 2510 40583
10846 7530 4617
10873 7530 43342
10901 8890 2666
10915 2540 22527
10925 5850 92506
10946 5020 47249
10964 5020 31339
10985 5080 14461
10991 2510 23594
11098 7530 64369
11233 7330 29525
11252 2510 78242
11260 5020 61203
11263 5020 53389
11292 2220 68756
11295 8420 56954
11301 7530 64099
11344 3460 36814
11364 2620 18200
11423 5020 68542
11426 5020 30068
11426 7530 94700
11441 5020 79967
11444 5430 25904
11544 5020 23488
11580 710 11577
11582 5240 88896
11612 4100 54051
11647 2510 11746
11678 7530 46499
11704 9230 52332
11727 2510 19479
11777 3000 23480
11796 7530 26224
11810 7770 7709
11841 5020 14742
11852 2510 89449
11966 7530 46228
11996 7530 17191
12016 5020 90230
12064 2510 58939
12243 5020 53511
12313 4610 87951
12334 5700 65819
12373 7530 1497
12391 5020 36865
12417 2510 79973
12430 3940 69023
12477 7530 84562
12498 7530 21670
12539 3190 29856
12554 7530 7500
12564 9380 59496
12673 5020 32853
12736 2510 68204
12762 2510 73700
12820 7530 36773
12824 2460 28886
12831 9640 9846
12929 5020 69054
12958 5020 64167
12993 9570 26880
12999 5890 96271
13042 2510 62999
13124 7740 62263
13139 960 45180
13160 7530 79823
13208 2510 78577
13225 6410 15539
13328 2510 31848
13429 2510 18155
13431 2510 52636
13452 7530 23012
13494 4460 19699
13546 2510 11057
13591 310 73734
13620 5020 4644
13650 2510 62041
13654 6220 7440
13693 3510 24091
13730 7530 83622
13739 7530 6329
13764 4490 59214
13772 5020 71934
13779 2510 62356
13784 620 24262
13790 9200 97934
13814 2510 66629
13831 7530 9370
13840 9970 94256
13889 2520 73233
13921 7530 2656
13931 20 71841
13967 1100 88432
13978 5020 20846
13980 2510 55468
14109 2510 46995
14117 5020 17123
14169 2510 59606
14193 7530 35620
14211 5020 4719
14223 5020 83707
14223 10010 14638
14248 2510 85291
14271 7530 77657
14283 9920 6160
14285 5020 85090
14307 7530 83784
14326 660 29794
14327 2510 87438
14336 2510 31414
14371 110 40400
14399 2510 22339
14419 2510 22401
14445 3750 75468
14467 7530 79622
14471 2510 29618
14480 2000 34897
14511 5020 38201
14559 5020 44532
14583 400 95154
14600 5020 57045
14601 7530 68560
14610 7530 59268
14660 5020 69500
14689 5020 68542
14732 2510 74711
14771 2510 83186
14777 5020 54385
14830 7530 5732
14845 5020 12448
14869 2510 95767
14881 2510 84821
14894 2920 2023
14932 7710 989
14970 5000 11425
15038 5020 19436
15039 2510 36352
15191 7530 78746
15269 2510 12781
15271 7530 97742
15348 7620 71477
15371 930 54741
15410 2510 86605
15535 240 83315
15539 2510 32581
15548 5020 52056
15569 5780 53268
15588 7530 44793
15628 9500 89403
15696 4820 24905
15718 5020 80850
15740 2510 52109
15775 2510 11637
15798 3250 50693
15828 7530 26253
15955 7530 41280
15971 1650 49230
16013 5020 66890
16043 7530 96185
16051 1570 18559
16065 9320 17638
16074 6030 64582
16084 7530 24903
16155 8310 54178
16202 2510 24095
16220 7530 12458
16297 290 26458
16346 5020 44155
16353 2510 60547
16382 8820 67960
16420 5020 90327
16450 5020 17829
16455 5020 70823
16477 7530 85915
16550 5020 62114
16567 8320 89903
16598 7530 94048
16654 7530 95616
16719 8840 84859
16798 5020 13357
16832 1040 77232
16855 7530 16343
16890 390 58007
16941 5020 17894
16987 7530 41525
17026 2510 75592
17071 450 58684
17131 5020 89794
17154 7530 72637
17182 6140 80016
17210 7090 79860
17213 7600 36445
17290 2510 47775
17351 5020 29593
17424 5020 18796
17443 2510 49990
17448 9480 13340
17595 4080 76622
17636 7530 93612
17697 2510 54317
17721 5020 3226
17768 5020 3348
17786 7530 76499
17801 8980 99656
17863 3090 96110
17877 7940 75727
17882 5020 31617
17892 2510 77370
17911 5020 55614
17990 3870 76326
18020 5020 89618
18091 5020 77474
18104 2120 73762
18241 7530 31391
18337 5020 45731
18368 2810 46282
18411 7960 86118
18434 5020 43620
18467 7530 63291
18600 2510 54629
18632 8720 21269
18651 7530 66983
18751 7530 80735
18765 7530 29167
18806 5020 3172
18809 9190 25668
18844 5020 19308
18868 5020 26750
18870 8140 39105
18929 7530 6816
18939 3760 42468
18939 5450 76147
18963 2510 3200
19000 6170 32508
19022 6270 38147
19119 7530 43822
19129 7280 18316
19141 2210 26781
19144 5020 96405
19163 9590 45988
19250 1070 38376
19251 9160 25052
19467 950 8548
19517 4930 30785
19707 7530 48855
19753 3910 74350
19768 7530 82943
19773 5020 80389
19836 4580 45497
19865 7530 22404
19875 5020 3854
19892 5020 46541
19923 7530 15795
20003 2510 65376
20024 2980 86773
20041 5860 52110
20053 4800 40100
20093 7530 18340
20111 5630 94598
20141 7530 69693
20150 5020 14349
20178 7530 36432
20216 5020 89110
20314 4590 79218
20330 5020 21806
20375 1720 37812
20411 7530 55974
20414 5020 55839
20433 2510 28264
20567 5020 45323
20614 100 20162
20619 9950 70284
20620 7460 70039
20646 5970 31454
20664 2510 50278
20695 6810 26676
20696 2510 54627
20703 2510 29083
20864 2510 78834
20989 7530 95678
21023 1760 24957
21041 5020 59738
21072 5020 53765
21088 5020 85510
21098 2510 86890
21116 5020 51404
21149 2510 29457
21149 7580 15440
21161 4890 3489
21163 50 22602
21171 2510 65253
21178 5020 67870
21181 7530 84989
21182 5020 1812
21215 2510 38015
21259 2510 11786
21265 5020 73920
21290 5020 22472
21380 2090 47346
21411 2510 40269
21559 6210 11197
21559 8270 15144
21604 5020 18222
21619 3610 4483
21624 7530 52322
21660 5020 69250
21667 2510 65431
21685 420 24014
21747 2510 96499
21779 9210 43356
21788 180 77998
21831 5020 36056
21868 5020 11670
21886 2510 19514
21906 2510 12141
22004 2510 87980
22063 7500 36885
22078 2510 7809
22198 5020 96282
22284 2510 65947
22375 2510 88043
22404 7530 73409
22409 7530 56795
22427 7920 58918
22468 3270 94062
22473 5020 20943
22493 5330 96492
22729 2510 83465
22751 5020 34616
22815 2510 82379
22838 8690 12674
22847 2510 53616
22868 7530 22591
22883 5020 21370
22896 2510 73800
22917 2510 97960
22959 2100 46870
22963 760 33527
22986 6300 65667
23033 2510 71040
23077 7530 83699
23088 2510 68076
23088 9460 96665
23143 7530 70462
23150 2510 31010
23215 7530 36273
23254 2510 2317
23341 2510 20995
23346 2510 89527
23366 5420 69233
23393 5020 45654
23416 2510 68568
23422 4960 93988
23513 5020 70786
23523 5020 93712
23539 3350 48434
23552 2510 73471
23557 7630 7387
23569 7530 2588
23595 2510 5194
23595 5020 4084
23616 3680 93773
23649 7530 93985
23654 8430 49460
23668 5020 71638
23679 2510 1655
23687 5020 27341
23727 2360 98956
23784 5020 26995
23805 7530 34787
23813 5020 64473
23834 5020 73386
23890 5020 93631
23894 2510 18110
23911 5020 14262
23929 5820 3071
23949 5520 4222
23961 2510 14954
23985 8370 61436
24005 5020 18567
24066 2180 33747
24163 5020 12961
24164 5020 7401
24316 910 94412
24380 7530 31163
24490 2510 90684
24538 2510 96573
24585 5050 69422
24656 7530 9667
24773 2510 78712
24782 7530 50931
24810 5020 23447
24830 2510 7528
24883 7530 2301
24923 2590 36374
24940 5480 23470
24965 2510 4745
24978 5020 22903
25049 2510 72751
25117 7530 81766
25249 130 95512
25281 7530 23145
25367 3930 30606
25373 5020 87935
25409 5020 8361
25471 9220 49945
25526 7530 93647
25536 7530 80526
25546 5020 98866
25633 2510 99169
25684 3650 66177
25701 9140 13191
25793 5020 22614
25844 2330 65692
25853 7530 89903
25906 5020 91874
25911 4330 28983
25919 5200 81685
25995 2510 26618
25997 2270 96137
26016 7530 7723
26048 1800 54745
26060 7530 10429
26068 5020 89293
26103 2510 45722
26103 7530 39542
26136 2510 39335
26137 4980 33908
26158 9850 13728
26212 8480 50936
26340 2510 73615
26345 5020 5298
26397 5020 94038
26434 5020 79827
26440 7530 10318
26452 4560 68813
26479 9940 44801
26540 5020 22164
26544 7430 74697
26585 7530 96574
26597 5020 26004
26598 7530 5876
26603 5020 55116
26636 2860 50305
26646 2510 63586
26724 5020 3037
26725 2510 31991
26728 5020 40802
26742 5020 3270
26744 4430 82393
26749 7530 79880
26750 2510 6247
26850 7530 93753
26899 5020 45914
27029 2510 51729
27036 7530 19143
27109 9550 42008
27127 5020 48865
27260 4780 73905
27292 3950 41897
27309 2510 37687
27334 5020 59049
27377 5020 23042
27425 5510 38076
27470 7530 50311
27503 5020 90907
27534 2510 56525
27596 2510 24674
27610 5020 97281
27641 1660 56023
27683 9840 32526
27686 5020 7067
27702 8940 34945
27789 2700 79920
27903 7530 1842
27927 9720 20154
27940 1640 14716
27942 7400 6200
27949 9870 94559
27951 7830 89025
27976 7530 47325
28034 7190 50294
28132 3860 7730
28133 2510 59618
28142 2510 27661
28145 5020 52491
28174 5020 25981
28190 7530 74330
28207 9740 15514
28213 2510 78876
28262 3220 55407
28264 7530 90008
28267 5020 93186
28298 7530 93434
28305 5020 63487
28344 2490 11310
28421 2510 61332
28445 5020 19077
28528 2510 28820
28536 7530 97682
28579 7530 35621
28590 5020 61476
28617 6390 78775
28644 1410 62992
28648 2510 9054
28722 5020 89141
28735 7020 76570
28769 3110 51797
28832 7530 16439
28848 2510 69748
28917 7530 56761
28937 6720 76777
28949 5470 35334
28987 3240 40261
29020 2510 71238
29025 5650 23640
29027 2510 21968
29032 5020 3676
29035 7130 21092
29036 2510 22937
29095 5020 52441
29224 2510 65445
29247 7530 53489
29260 7530 69828
29297 5020 63566
29301 7530 49723
29302 2510 94551
29311 2510 57086
29315 2510 40499
29434 2510 55235
29446 2510 83566
29447 5020 19173
29448 3130 68693
29483 7530 14123
29486 4070 23092
29537 2510 54907
29571 2510 47329
29640 2510 81136
29712 3570 39707
29799 2510 62273
29799 7530 92713
29900 2510 20851
29949 7530 52973
29993 2510 7512
30020 7530 4849
30051 2510 58595
30084 5020 22054
30099 7530 48351
30140 7150 52750
30198 5020 20872
30202 250 14898
30207 5020 54159
30251 1830 78223
30314 7530 77322
30340 5020 12146
30369 4680 25421
30446 7530 21772
30457 8860 15580
30494 7530 90804
30540 8030 65533
30585 5020 33982
30592 7530 75382
30619 7530 87639
30663 8110 65526
30665 2510 34489
30688 2510 15821
30700 7530 17459
30832 7790 52734
30898 5020 59676
30899 5560 51661
30908 2510 30971
31010 5020 98492
31064 5020 71865
31082 5020 39018
31104 1540 85081
31206 2170 85816
31209 2510 37212
31244 7530 90900
31316 7530 65000
31317 5020 5539
31339 430 81380
31363 7530 16594
31403 5020 37529
31429 7530 55614
31446 7530 50051
31495 2510 16474
31524 7530 11814
31573 5140 84916
31619 5020 22728
31621 7530 9840
31691 5020 41751
31732 7480 80075
31743 2510 59144
31828 2510 63772
31835 2510 60806
31894 9390 79615
31937 5960 58283
31952 9560 28470
31979 3010 81945
31997 7530 52517
32002 2510 45322
32009 2510 4457
32046 3160 98564
32053 7530 36354
32171 5020 57767
32177 7530 28273
32220 5400 90925
32225 4750 97266
32249 2510 95709
32253 2510 31518
32342 5020 29173
32375 6670 98036
32387 5020 25188
32421 1500 35929
32475 5020 22065
32483 2510 74236
32531 7530 52646
32554 2510 34388
32565 2510 21734
32720 5020 27881
32722 7530 65092
32723 4190 60256
32759 2430 71321
32804 2510 46595
32840 5020 2868
32853 5020 92193
32916 1680 19012
32917 690 13910
32934 2510 82485
32944 2510 54618
32982 1590 22407
32989 2510 21084
33070 5020 79570
33088 7530 51242
33091 5020 62767
33129 7530 2682
33160 260 5052
33165 9410 94256
33182 7530 27615
33209 2510 47811
33239 5020 72037
33244 7530 33645
33245 2510 27461
33295 4480 60745
33297 2510 45067
33307 5020 59536
33308 5020 7440
33315 9000 99466
33328 5020 69874
33334 2510 17642
33336 4650 10262
33355 7530 35118
33381 2510 99151
33510 2510 40738
33654 7530 13571
33658 2780 81178
33667 4670 65601
33669 2510 12428
33670 8930 49154
33674 2510 38922
33685 2510 8908
33725 7530 50536
33733 2510 15700
33758 2510 48323
33769 5020 85029
33838 820 25866
33882 7530 68451
33966 6330 40069
34020 7530 1964
34060 230 10970
34083 4470 77089
34107 7530 10312
34136 3660 47736
34161 2510 90909
34165 7530 18164
34173 7530 74443
34181 5020 89231
34186 2510 29076
34248 5020 69124
34340 5020 42167
34353 7530 78605
34401 7530 93903
34449 5020 45797
34450 5020 67254
34482 5020 71258
34483 7530 24934
34486 5020 98963
34534 5020 24640
34551 1180 15703
34554 5020 67574
34717 5020 96148
34733 5020 54080
34762 2510 14191
34793 5020 35899
34825 9890 45793
34889 6310 89254
34894 7530 81676
34901 2890 50120
34922 5020 54875
34929 5020 41866
34981 5020 21582
35049 1900 32910
35087 5020 82062
35140 2510 41420
35189 7530 35558
35193 5020 33684
35198 6340 12960
35257 6780 78326
35285 7530 72513
35293 7530 24561
35306 1350 65595
35436 2510 61959
35462 1280 48733
35476 5020 29364
35484 7220 52592
35495 5020 77523
35509 7530 32941
35551 6230 34557
35560 160 70067
35605 9650 18100
35676 5020 63721
35679 7530 35615
35690 3600 38854
35718 9820 8366
35761 2510 59506
35781 5810 40313
35830 5020 12749
35837 7530 19921
35873 9900 4491
35906 5020 14311
35919 2510 37772
35943 7530 43911
35986 2510 87524
36107 7530 53913
36113 7530 28926
36119 5020 58662
36241 3850 37286
36254 2510 31073
36273 2510 69107
36281 7530 95167
36412 7530 18197
36447 6700 86473
36448 7530 27654
36463 7530 21116
36480 2510 13273
36534 5020 64155
36641 7530 66447
36662 5020 96705
36672 5020 60148
36676 7530 91800
36700 2510 69659
36705 5020 65970
36725 5020 19683
36732 9170 75957
36761 5600 38935
36789 7530 11524
36799 2510 6002
36816 2510 85610
36829 5020 6005
36845 2340 6490
36848 4400 9804
36855 7530 48219
36883 5020 49849
36952 2510 90645
36988 7530 63420
37043 5020 11280
37082 5020 98789
37106 5020 20118
37129 2510 33265
37206 7530 31629
37231 7530 97868
37255 7530 86405
37264 5540 67188
37265 560 9328
37297 5020 95230
37334 5020 37646
37338 4660 66481
37390 5020 93234
37421 7530 25843
37428 5020 67560
37442 7530 8206
37479 5020 88007
37520 1450 97926
37537 7530 77735
37565 7530 37615
37687 2510 86787
37770 2510 46130
37818 5020 27105
37822 7530 88500
37843 7530 10741
37874 6480 73364
37892 2510 84310
37903 7530 12627
37909 2510 57700
37980 2510 87035
38002 2510 67275
38037 5020 15798
38068 5020 99009
38097 2510 19959
38102 5020 72520
38108 4170 9697
38155 5020 87124
38175 5020 58251
38226 5020 79880
38278 2510 79078
38333 5020 5089
38358 5310 32622
38412 5020 34919
38437 4970 71331
38443 7530 43354
38469 6240 31184
38477 3320 36101
38499 9780 66766
38505 8160 61590
38550 2510 67082
38575 3440 57851
38580 140 57511
38664 7530 80483
38681 7530 72837
38715 2510 30828
38721 2510 93891
38774 5020 90561
38775 2510 60739
38872 5020 94633
38988 2510 79229
38988 5020 33716
39062 5130 37714
39090 5260 37451
39110 2510 42953
39149 2510 10939
39168 5640 78158
39172 8610 94230
39180 270 46151
39194 7530 84953
39200 9770 94157
39272 2510 48617
39309 2510 37870
39311 7530 54329
39339 8380 64213
39350 7530 11857
39356 2510 65906
39383 5020 72917
39412 5100 67927
39470 7530 73302
39497 8850 11384
39525 5020 37387
39556 8360 81855
39580 4240 44401
39646 1880 19121
39650 6350 36956
39692 5020 79465
39741 5020 62474
39742 630 4765
39790 5020 9160
39828 8830 21932
39838 5760 32150
39844 1810 79261
39855 7530 34291
39932 7530 85764
39986 6750 35820
40053 1480 68248
40055 5020 93344
40061 2510 433
40064 7530 78976
40102 7360 92292
40232 7530 39309
40256 7530 31033
40293 6990 92655
40330 2480 37082
40370 2510 27552
40397 3880 65527
40418 780 9906
40432 7530 1437
40457 7530 91656
40459 6260 70475
40498 7530 44179
40569 5020 72737
40571 7530 439
40600 7670 54495
40604 8150 43056
40653 5020 7206
40673 440 8716
40689 7530 19973
40747 5020 78209
40748 2130 33768
40802 5020 66030
40853 5020 80242
40880 9010 63764
41097 5020 93592
41116 5020 94806
41169 2970 6224
41170 2020 10776
41184 1260 44517
41196 4940 98472
41265 5020 5883
41306 2510 21156
41313 2510 43665
41323 5020 36534
41325 5020 4255
41394 10030 41489
41411 7530 93055
41489 7530 81369
41545 8300 55241
41590 7530 62311
41641 2870 24277
41708 8650 59645
41712 6840 24287
41754 7530 57764
41767 2510 25363
41784 5020 23306
41853 7950 69998
41899 7530 16868
41927 9180 60132
41942 2510 29403
42073 5020 75296
42075 5740 7234
42086 7530 82899
42099 7530 64769
42132 7060 63082
42136 2510 96706
42153 2510 85069
42196 5020 54386
42209 5020 58332
42218 5020 95871
42236 6160 43296
42347 2510 3681
42361 7530 70820
42394 9420 10638
42407 2510 86425
42417 2510 11187
42484 2960 59499
42553 7530 2820
42566 2010 73831
42637 7530 18467
42640 5020 63023
42675 2510 68246
42734 360 2552
42740 2510 15677
42744 5020 54265
42779 4450 26498
42796 5020 38943
42805 7530 20280
42969 2080 40460
42986 7690 25004
42995 7530 88380
43013 2380 42488
43105 2510 59716
43133 9760 56745
43175 7530 37728
43316 9090 2051
43325 1440 77952
43398 8240 24908
43443 2550 98023
43466 7530 81122
43507 7530 19301
43569 7530 52185
43620 2260 92698
43623 890 6728
43660 7530 58346
43730 2510 4579
43732 7530 46209
43780 5020 13735
43874 7530 92702
43905 7530 85430
43998 9330 53396
44005 5290 55199
44013 7840 89749
44066 5020 26209
44070 2510 60244
44081 2510 25691
44106 6440 41934
44142 3280 14120
44201 5020 52004
44221 3310 33287
44226 7050 88046
44278 7270 39136
44341 2510 81522
44374 5020 39204
44391 5020 97022
44407 2510 94872
44439 3560 4760
44452 1210 68374
44504 5020 19542
44515 2510 86156
44535 2510 19500
44561 8500 54835
44587 6950 74826
44588 2420 279
44605 2710 23560
44637 7530 73904
44641 2510 84269
44665 2510 51322
44727 3550 75535
44741 3030 10238
44797 7530 98517
44872 5020 20509
44884 6850 76004
44885 5020 6784
44909 5020 30848
44979 6000 12329
44988 6890 22306
45018 5020 63807
45050 3620 57977
45054 5020 15497
45062 7530 74529
45079 350 65951
45088 2510 65313
45090 2510 23121
45113 7530 98954
45123 6470 81544
45169 5440 53997
45184 2510 36051
45189 5020 97802
45232 8190 21105
45272 1690 10611
45315 7530 16908
45348 9450 39151
45428 5020 5785
45473 4380 85297
45507 5790 88892
45524 5020 39481
45558 7530 98119
45611 7530 99591
45651 5020 50660
45675 7420 81963
45682 7530 18263
45691 7530 74353
45736 2510 63209
45746 7530 91498
45749 7310 87588
45925 5410 18541
45928 2350 76344
45947 7530 61016
45992 2510 4464
45995 2650 99809
46023 7530 30716
46097 7530 4168
46105 6490 20239
46160 2510 63896
46172 1550 58723
46185 7530 62590
46276 7530 91114
46299 7530 32552
46385 2510 16571
46416 5020 56449
46454 5940 75842
46468 5020 45436
46482 2510 70638
46488 5020 41342
46539 2510 91798
46543 2510 88887
46546 5020 32272
46554 6660 69849
46573 7530 38320
46603 5020 10476
46607 4950 98696
46608 2510 76059
46651 7530 73376
46653 320 24406
46657 2510 13938
46663 7530 11332
46719 2450 24012
46758 7530 56917
46781 5020 55525
46797 5020 37101
46806 2510 46101
46820 680 87752
46861 6770 76397
46891 5020 90252
46916 5020 6567
46922 6630 11406
46962 2510 49542
47065 5020 44959
47084 2050 75547
47093 3580 77416
47125 5020 72251
47131 7530 6457
47220 5020 62191
47248 7530 62759
47259 2510 70028
47269 1970 9798
47320 2510 62592
47339 2770 75889
47346 7530 91190
47397 7530 68947
47434 2510 29054
47436 2510 56657
47448 5020 36369
47449 8570 64767
47457 10 62033
47461 9300 59
47522 9860 13376
47589 4630 924
47616 2510 5770
47623 7530 34798
47650 7530 25265
47740 5020 28018
47783 7530 46183
47805 2510 92786
47917 3730 58787
47937 2510 89307
47965 2510 73646
48010 7170 65254
48019 5020 5719
48027 4640 51177
48049 7530 32270
48068 5020 21446
48080 5020 3879
48105 5020 11769
48152 7660 8432
48165 5680 64964
48211 2510 19356
48221 7530 19488
48345 4850 96116
48377 5020 12685
48399 7530 68390
48401 5020 82431
48420 5020 34470
48475 2510 4299
48583 5020 35904
48606 7530 22783
48668 7530 54135
48719 7530 33122
48728 2510 44816
48730 9810 35554
48754 5020 49601
48775 60 82505
48804 9540 67083
48909 8790 873
48953 8460 46239
48955 2580 22961
48984 2510 56474
49011 8630 87541
49044 5020 53871
49077 5120 84401
49090 980 29715
49091 7530 51549
49143 7530 89250
49188 5020 78255
49213 3180 46873
49223 9670 20510
49335 2510 76002
49351 7530 53087
49415 2510 42881
49425 5020 22134
49435 5020 54019
49538 6450 82959
49551 5020 91006
49566 7530 87845
49590 7530 72781
49614 8440 57784
49687 7530 54220
49700 7530 67570
49762 5020 11754
49781 2510 70783
49817 2510 31555
49855 8250 29271
49895 3040 40692
49900 8870 15544
49955 2510 15777
49986 6060 17698
50038 5020 18387
50044 2510 49244
50066 5020 56821
50068 4500 6158
50087 2600 79644
50111 5020 2764
50156 5020 18622
50181 7530 73322
50201 8120 54300
50221 3830 31564
50231 7530 83071
50245 5020 36362
50270 1240 19639
50287 2510 7560
50293 2510 49828
50308 7530 60493
50408 7530 24119
50504 5020 31844
50581 5020 10932
50636 5020 94372
50704 7530 81132
50747 2510 98450
50759 7530 46332
50778 7530 70479
50829 7530 43349
50833 2510 16043
50905 5020 14656
50954 5020 36189
50954 8010 77428
50955 5880 41969
51010 2510 49639
51059 5020 8789
51072 7040 11912
51073 2510 63702
51092 7990 45243
51139 5020 60294
51163 7530 40065
51190 2560 16660
51231 5020 29879
51270 9370 69841
51364 7530 17896
51398 7530 82200
51402 7530 31277
51565 1420 5524
51569 7530 91881
51593 5020 18537
51714 3630 6763
51718 2510 89167
51719 7680 60031
51743 9110 90134
51746 6290 50163
51777 2510 93464
51777 5020 18678
51817 2510 5067
51817 7530 60969
51839 5020 72356
51981 1170 23206
52020 90 75449
52087 5910 70676
52087 6960 79526
52114 5020 49836
52188 2510 35389
52275 8410 34161
52393 4060 69768
52468 2510 80613
52572 8880 89846
52574 7530 85944
52595 2510 58320
52707 2510 63196
52709 2510 18932
52722 5020 30483
52755 2510 30773
52756 2510 12963
52760 7530 15242
52800 5020 65198
52802 4740 62134
52858 3330 54068
52863 5040 73037
52887 4040 18468
52896 8900 59388
52898 5020 7939
52921 9520 64297
52950 5020 95704
53085 3260 41272
53088 2510 63391
53153 5020 33801
53188 7530 88161
53272 2510 63016
53314 150 50321
53323 2510 70675
53371 7720 48500
53445 5020 56393
53533 7530 57741
53542 7530 86431
53565 7530 92096
53641 5020 38222
53642 2510 24091
53701 5020 984
53710 7530 87848
53746 5020 77580
53780 2510 1109
53780 7530 13716
53809 7530 60111
53816 2510 7842
53844 2510 29595
53853 2510 24221
53869 8590 92503
53911 2510 87745
53979 5030 41618
54004 5020 43579
54016 7530 96757
54182 7530 53811
54195 5020 18524
54200 9020 39334
54223 2510 88534
54230 4130 856
54271 2510 48188
54277 5020 54589
54303 9030 68069
54388 9790 21346
54397 2510 67538
54413 2070 80154
54432 5020 53777
54536 6900 35292
54573 2140 80367
54628 4300 75068
54654 2320 48881
54666 970 75143
54670 9080 99335
54751 5020 21549
54758 7530 45042
54793 2510 55779
54797 2510 14768
54821 7450 73242
54833 2510 22286
54833 5020 57405
54867 7530 44660
55017 5020 66155
55046 6360 1937
55070 4810 52950
55071 2510 15293
55075 3380 99860
55134 6510 72680
55169 5020 20613
55178 5020 74895
55191 7530 24964
55207 2510 29111
55297 2510 11030
55391 7530 54880
55393 6100 97276
55405 7530 54961
55412 200 97661
55431 2510 23188
55512 7530 23878
55580 5020 67737
55613 730 65154
55638 1330 12955
55688 7930 3132
55722 1020 45415
55738 7530 64825
55759 7530 37937
55776 3970 78685
55847 7530 93198
55888 2510 75091
55906 5020 24884
55979 5020 38627
56028 9100 98814
56090 2800 34820
56153 7530 49444
56158 7530 7210
56248 7530 27566
56296 4520 44169
56312 7530 85876
56367 2690 26624
56368 8770 15267
56386 8750 26736
56413 2510 88516
56437 5020 64959
56441 5020 3352
56464 5020 67572
56495 6280 75072
56587 5020 97132
56629 3690 95165
56647 2510 36027
56651 2510 7007
56709 6980 76430
56729 5020 79227
56780 7530 2064
56813 2660 59332
56887 2510 7772
56903 2760 86561
56920 6190 38295
56924 7550 75297
56968 7530 71151
56977 870 41637
56993 2510 94910
57049 8470 11220
57074 7530 73349
57115 2510 12224
57121 7530 80079
57208 5020 27329
57355 2510 19470
57361 5020 22999
57538 7780 94197
57553 2900 58113
57568 5020 84500
57650 5110 79859
57652 5020 60069
57657 7530 7854
57665 7530 19181
57706 6640 75568
57726 5020 53176
57747 1470 6933
57795 7530 33183
57808 5020 25474
57860 1390 856
57879 5020 44669
57898 2510 46385
57921 1250 1113
57942 7530 15027
57967 5020 7308
57981 7530 87466
57993 2510 68698
58017 5020 30916
58024 1730 89828
58043 5020 18297
58044 7530 8434
58050 7530 93977
58088 9930 58193
58120 4420 33237
58121 7530 97739
58173 2830 66033
58194 7530 84389
58195 5020 31528
58212 4770 14113
58262 7530 82227
58324 7530 78992
58339 2510 13614
58364 2510 79006
58368 2510 35876
58408 7530 32335
58468 7530 90002
58547 2510 51502
58552 5020 55927
58553 1080 53161
58572 5170 77104
58602 5020 71513
58621 7530 57918
58647 7530 95207
58721 5020 6078
58771 1630 14940
58814 8060 74113
58877 5020 73704
58879 2510 51443
58920 7530 60058
58981 2510 80288
59012 5020 73411
59019 7530 55006
59081 5020 258
59083 3530 12492
59091 2500 2798
59208 7530 47913
59213 5020 48660
59217 2510 91105
59227 7530 69368
59292 2510 59386
59314 2510 3872
59343 7530 52268
59353 5020 18764
59368 3420 75575
59470 7820 2590
59492 2510 37771
59494 2510 97174
59515 5020 22494
59549 8080 65970
59552 7530 25233
59587 2510 7451
59701 2510 67403
59703 7350 50120
59759 5020 66332
59810 2510 43713
59851 2510 39548
59878 2510 87547
59939 4920 89641
59964 3050 14510
59976 2510 38764
60011 7530 55219
60064 2510 91450
60083 2510 5008
60149 7530 80384
60219 3890 30151
60245 5020 13723
60286 6180 89669
60311 2510 5552
60319 2510 33384
60354 6250 46158
60366 600 98698
60404 3170 43721
60411 7530 35604
60537 5020 73599
60605 4260 94512
60609 1050 90417
60657 1270 90796
60661 7530 55638
60683 5020 32900
60714 2510 52670
60729 5020 76672
60732 7530 92370
60740 5020 78151
60771 2510 96601
60791 1910 22115
60851 8530 81785
60862 8550 917
60872 5020 89755
60893 7530 20257
60896 540 2699
60930 5020 12882
60931 3800 11911
60991 5020 31915
61020 2510 98541
61026 5020 71716
61063 5020 16941
61102 9430 41842
61174 2510 28208
61207 2510 75267
61207 7530 41351
61285 7530 52935
61289 2510 80619
61322 7530 23469
61336 2510 79854
61345 7800 35859
61365 7530 65847
61408 2510 80599
61474 7760 24001
61490 2510 28904
61501 5020 77645
61514 2510 75090
61528 5020 60246
61555 5610 94957
61588 7250 55385
61622 7530 34300
61649 2510 14332
61661 2510 79898
61701 5020 71579
61758 5020 7171
61770 2510 77191
61792 5020 53434
61799 2510 73937
61829 4900 86743
61833 470 33805
61836 7530 15798
61877 2510 52500
61881 2510 21984
61889 7530 17504
61936 2510 5116
61967 7530 58724
62024 7380 76630
62050 7530 82865
62085 9350 8321
62089 5020 21422
62105 2510 30055
62124 7910 8982
62167 2510 80303
62170 2510 21710
62172 2150 34297
62224 5020 85921
62244 2510 62916
62299 2510 73571
62387 5020 78766
62470 5020 84157
62519 5020 8862
62534 7530 5483
62555 7530 34574
62581 5020 78504
62648 5020 76983
62722 7530 74206
62753 5020 32104
62773 7530 64000
62806 2510 19905
62832 6650 5647
62844 2510 74155
62974 2510 82943
62992 7530 32972
63069 2510 30500
63104 2510 7114
63108 5020 97265
63112 2510 10377
63124 7110 86271
63148 5900 12563
63153 2510 89670
63163 520 95326
63194 5210 95312
63233 7530 26781
63238 4310 46090
63299 2290 51999
63304 7530 7944
63332 5020 56919
63343 7530 13668
63363 2510 77636
63392 2510 45330
63477 2510 39677
63488 9700 53974
63648 2510 89212
63731 5800 57808
63750 2510 62260
63758 9710 70571
63780 7530 89937
63833 2410 23098
63834 2510 79513
63841 5020 81468
63853 5020 29166
63854 5020 11957
63886 3540 51089
63902 1860 51605
63908 2510 7940
63911 5840 1981
63927 2510 79276
63931 5020 66503
63961 5460 17050
64050 2510 33535
64086 2510 63359
64089 5020 67948
64091 1890 22840
64154 2510 85198
64157 7530 53777
64229 7530 97858
64256 2510 92097
64294 7530 38754
64355 7530 32684
64540 7530 78741
64555 1200 52763
64619 7530 32270
64658 5020 74446
64664 8600 60472
64713 2510 66742
64764 7530 33038
64767 7530 57215
64773 8700 20752
64808 7530 76773
64846 2510 80009
64850 2510 8591
64928 5020 55305
65077 5020 55366
65080 5020 38424
65094 2510 52299
65163 7530 6950
65269 7530 84119
65329 5020 5913
65384 4030 11432
65435 1530 75155
65523 5340 83071
65570 7530 61235
65575 5020 31399
65592 5020 13129
65610 2510 86945
65614 2510 88765
65665 5020 48185
65697 7530 78049
65717 7530 93842
65736 1120 63125
65736 2950 14694
65760 3400 56741
65812 7530 85864
65814 2510 83819
65827 7530 19450
65843 2510 42836
65844 840 23636
65852 5360 88040
65861 7490 79739
65910 5020 45975
65934 5020 49143
65952 5020 99446
65958 7530 9250
65981 5020 45970
65992 2160 14494
66010 6070 17323
66034 5020 6874
66096 5020 35875
66111 2510 8532
66138 5020 56242
66152 2510 46663
66158 7530 77956
66164 7120 37052
66211 2510 94478
66269 2730 22081
66318 2510 31283
66363 9980 38302
66450 7100 21137
66473 5020 39630
66529 2510 40236
66593 8490 30426
66594 1010 58571
66702 2510 22037
66734 7530 58206
66749 2510 82123
66764 2510 43206
66778 2510 78975
66782 5020 17918
66839 2510 71990
67056 990 79559
67124 4180 36296
67205 5020 49100
67218 5020 22385
67257 2510 4321
67300 2510 20695
67345 2510 64552
67356 7530 20804
67365 2510 37750
67368 7530 24453
67475 9260 49579
67495 7530 37148
67503 2510 46590
67594 6560 96473
67596 6820 94325
67692 5020 94558
67708 5020 60342
67773 5020 48724
67787 7530 90821
67848 1490 12702
67864 2510 45147
67884 5020 14939
67900 5020 77959
67916 550 77782
67958 1000 87591
67976 300 48192
68022 7530 15333
68132 5020 83336
68158 5020 34475
68167 5020 8286
68204 7530 28144
68218 7810 24914
68232 5020 38488
68298 8710 53645
68311 5020 26572
68319 4620 48951
68382 2510 60500
68426 2510 62483
68447 7530 79611
68451 5020 59289
68522 5020 84700
68595 5020 68994
68605 9400 89988
68749 3140 23612
68755 2510 27882
68781 7530 75801
68791 5020 9417
68834 6050 5231
68864 480 56838
68907 7530 54459
68911 6460 29863
68919 2510 60632
68953 2510 35587
68978 1360 73472
69024 7530 7439
69031 9250 32473
69081 2510 38152
69165 5020 32535
69180 7530 597
69211 2370 9327
69225 2510 47227
69266 5020 65309
69266 7530 25277
69311 2510 28520
69362 7530 82348
69412 2190 24649
69416 5020 32274
69430 7530 55389
69446 8000 35212
69488 2510 79226
69521 5020 98739
69736 2510 82528
69771 2510 11195
69772 2630 84361
69779 2510 79599
69779 7530 85525
69785 4370 80806
69796 9690 13958
69805 1790 75310
69893 7530 92895
69911 8970 49265
69966 5750 81117
70009 8990 6241
70017 7530 866
70041 2510 64258
70065 7880 96468
70093 5020 80765
70115 2510 78540
70151 7530 48811
70186 2510 14086
70235 4870 57596
70249 6090 80818
70258 7530 86062
70279 5020 93114
70291 2510 96352
70340 7530 9329
70377 7530 42339
70397 2510 97145
70417 1380 21445
70480 5020 86014
70526 8290 76719
70544 8730 67605
70566 7240 55008
70595 8800 51206
70627 5020 83479
70654 7530 32049
70659 2640 63627
70677 8210 36799
70705 7530 19221
70710 2940 37772
70713 2510 8163
70777 6540 18563
70782 7530 15850
70791 80 13968
70793 9660 13810
70799 8390 32158
70803 2510 60579
70811 7530 18857
70813 2510 58183
70827 2510 92595
70831 5020 69466
70851 9040 83379
70913 7700 99167
70915 1850 97832
70945 5020 96976
70978 7890 53701
71011 2510 26354
71061 7260 60847
71137 3810 92029
71137 8050 35723
71155 5020 96911
71192 5280 32703
71220 2510 77544
71220 7530 44855
71276 5020 67015
71332 2510 86130
71340 2510 59926
71357 4830 34872
71360 2510 59376
71365 2510 71931
71382 7530 75926
71449 7080 51750
71516 5020 47060
71554 4860 16012
71557 2510 75801
71560 9340 42207
71596 7530 28648
71603 7530 15828
71641 6520 58271
71649 6020 36402
71680 5230 56369
71754 9680 38257
71788 7530 29775
71839 5020 67467
71841 2510 39670
71878 5020 46119
71894 2510 27336
71929 500 39957
72117 5020 26551
72122 410 86115
72168 7530 96577
72318 3470 84715
72356 7530 39258
72474 5150 83656
72535 7900 24928
72623 3840 82070
72625 7530 40230
72693 4090 797
72701 7530 14727
72799 5020 90020
72837 2510 15079
72845 2510 19718
72898 280 70837
72898 7530 65579
72947 5020 88605
73053 2510 89887
73108 2510 30527
73133 5020 54299
73163 2510 54754
73210 2510 4154
73213 1960 33204
73222 5020 52301
73240 5020 95079
73244 570 39265
73247 8950 90417
73292 4150 31386
73299 5020 10284
73303 6580 84699
73314 2510 38178
73370 7530 50609
73389 6620 43296
73471 6530 68244
73499 9130 24089
73502 2510 15438
73506 2510 50176
73535 2510 63211
73539 5020 13090
73539 6500 95889
73644 7530 56614
73666 5370 63199
73674 2510 87634
73674 5570 53006
73677 5020 95859
73679 7530 19307
73748 8340 80188
73783 7640 55992
73841 2240 73684
73875 7530 64357
73893 2510 51744
73979 5020 62846
74072 3670 44579
74108 510 11415
74116 2510 21711
74186 7530 26347
74217 2510 18497
74256 2510 32060
74289 7530 39813
74294 2510 45486
74304 2510 42997
74317 5020 35857
74345 7530 73991
74356 5020 29432
74399 2510 93612
74467 5020 13327
74487 7530 62629
74517 5020 16363
74518 2510 46131
74527 7610 4710
74552 7530 99695
74572 2510 13537
74629 2510 53431
74636 7390 37650
74689 5020 86289
74767 5020 14374
74789 2510 15240
74803 3340 51443
74940 2510 88606
74942 3200 10776
74976 5190 79687
74990 5020 48717
74993 7530 50888
75138 2510 40240
75147 7530 33688
75153 2720 38293
75185 1990 71377
75204 9880 19942
75215 7530 40570
75223 8130 67809
75225 7530 24217
75246 2510 16295
75279 9310 15678
75298 5020 32223
75352 8680 63636
75355 7530 14657
75366 4390 32036
75386 7530 58841
75397 5930 43667
75412 5020 99208
75470 5020 26126
75492 7530 38044
75530 2510 3569
75546 5020 56815
75610 5020 45320
75611 9620 19048
75651 2250 9073
75716 5020 12471
75728 7530 62096
75746 7530 95088
75754 770 15877
75764 5020 45677
75789 5020 85464
75802 7030 98615
75808 6040 3682
75871 5550 75426
75909 7530 19313
75933 5990 22276
75956 7530 33999
76019 2510 14954
76023 5020 97024
76083 7530 70955
76117 2510 38777
76119 7860 1881
76141 5020 25979
76179 2510 6828
76190 7530 28173
76215 2510 75354
76237 5020 13973
76445 9990 36033
76470 5270 29839
76506 5870 83326
76550 2510 84311
76573 5020 32254
76645 7530 17995
76714 7510 85073
76716 2510 62073
76727 7530 72482
76775 5500 82436
76795 5020 44366
76811 7530 49060
76848 7530 75936
76854 5020 7429
76870 2510 26963
76937 2510 59113
76986 7530 91455
77038 2510 25057
77044 2510 5484
77122 2510 94667
77128 9600 46864
77132 7530 38626
77141 7530 91744
77222 2510 83050
77250 4510 68114
77264 9910 18446
77322 7530 22075
77357 7530 66874
77370 5020 41661
77399 2910 17734
77434 5020 16390
77530 2510 51431
77537 7530 85888
77607 1510 60597
77629 2510 27443
77642 9510 71856
77740 6110 64514
77745 8520 5527
77773 7530 58582
77795 7530 19738
77815 5020 62896
77816 5020 68379
77860 2670 57116
77879 9800 44222
77899 7530 45026
77960 2510 46575
77981 3300 41723
77991 7530 94300
78012 5020 35764
78026 7530 24008
78068 4730 70746
78076 5020 44433
78152 7530 28096
78203 5020 48681
78254 5020 24545
78286 7530 25171
78288 5020 67422
78331 2510 41261
78429 7530 58198
78437 7530 33642
78442 7530 85865
78484 5020 62957
78487 7590 35805
78510 2510 48766
78551 2510 2194
78589 3230 43132
78605 5020 33615
78637 7530 89261
78646 7530 51258
78673 8330 6776
78685 5390 3514
78719 5020 80814
78818 9270 80177
78876 2510 51163
78930 5020 91422
79002 2510 2680
79011 9730 10488
79038 5020 71263
79061 7530 43247
79063 7530 30895
79067 2510 56340
79119 5020 39083
79147 2510 64722
79256 7530 96427
79267 2510 50895
79300 1930 54226
79378 5020 19448
79390 5020 76778
79418 2510 17048
79514 7530 17327
79539 7530 13162
79548 2510 73187
79598 8580 6502
79649 7530 743
79671 5020 50139
79692 7970 64845
79706 2510 35520
79733 4270 87554
79764 6320 52910
79776 2510 81811
79821 5020 36526
79876 2510 56947
79899 2510 24752
79942 2510 93067
79964 2510 63476
80007 7530 27333
80023 5020 94326
80073 5020 73913
80085 7530 85567
80100 3060 74498
80131 2510 25506
80131 5020 98458
80173 1290 56566
80187 2530 6280
80205 5020 76650
80341 2570 45764
80353 7530 49952
80364 7530 82229
80367 5020 30897
80403 7530 62062
80474 2510 49359
80535 2510 45309
80583 590 6562
80584 7340 23913
80585 7530 15786
80598 1150 89284
80601 2510 39774
80620 5020 50158
80663 5020 7550
80669 1560 67126
80671 4410 30131
80672 7530 73540
80699 2510 82137
80767 2510 63978
80790 7530 78339
80797 3520 69967
80798 7530 90359
80838 5020 1830
80840 3640 38334
80874 880 38807
80882 5020 17159
80929 7530 79771
80949 9610 81976
80978 7530 32167
80996 2510 94354
81002 2510 10105
81017 5020 50722
81041 7530 18584
81078 1670 47883
81137 7560 64648
81191 4210 12992
81245 3020 60182
81315 900 43576
81331 7530 11876
81372 7530 44285
81415 7530 68446
81436 2200 28115
81444 7980 80238
81445 7530 27219
81528 8780 62799
81555 6010 18276
81563 70 25450
81652 7140 68243
81695 7870 16420
81807 3410 52739
81808 6940 14000
81901 2510 88701
82003 2930 16786
82041 7200 28229
82061 2510 13121
82067 5020 74628
82073 2510 57796
82131 2510 77416
82144 5020 97944
82266 5020 11257
82302 7530 37328
82338 2820 5511
82353 7530 47151
82431 7530 53158
82435 5020 96666
82445 2510 67573
82461 2510 22643
82508 3450 58164
82527 7530 30459
82561 5020 45087
82606 7530 26864
82636 2510 70036
82640 7530 93875
82695 2510 6129
82698 5020 68790
82705 5020 6174
82775 5020 97632
82792 7530 27915
82794 2510 44150
82835 3500 51186
82852 2510 40347
82879 1090 47475
82911 5020 99645
82956 8260 43702
82992 5020 66652
83073 2510 73729
83119 7530 11584
83134 9240 40794
83174 2510 87373
83181 2510 46724
83290 2740 60991
83358 2510 67047
83365 5020 27798
83366 7530 89225
83419 7530 80589
83423 3430 92202
83460 5020 28817
83528 2510 23774
83529 3210 40867
83568 2510 28306
83600 7530 33921
83604 7530 43032
83665 5020 31708
83675 1340 29812
83682 7530 72149
83688 5020 26441
83718 2510 79949
83756 7530 62374
83884 5020 89376
83972 5020 40787
83992 7530 3549
84006 8910 82175
84045 8280 17767
84106 2510 11602
84154 9830 66209
84182 2510 52692
84233 5020 98297
84267 5020 5738
84341 2510 35418
84399 8670 32395
84406 7530 86379
84446 1980 90355
84461 1920 86775
84504 2510 28490
84525 7530 42438
84601 5020 98743
84630 9290 19646
84659 4760 75387
84758 5020 28160
84878 5020 16660
84947 7530 32448
84969 7530 5324
85019 7530 8109
85041 2110 27245
85065 2510 39671
85084 7410 12319
85112 7530 56333
85225 7210 57948
85244 1870 67097
85275 7530 55451
85295 9530 76440
85373 6380 31276
85389 2510 22066
85463 5020 14847
85478 7530 76761
85515 5060 96515
85539 7530 21987
85554 7530 3375
85570 7530 18001
85591 2510 38646
85632 5020 6705
85646 5020 8211
85673 6860 64550
85741 5020 38968
85756 5020 66700
85764 380 63088
85779 5020 16488
85779 7530 32087
85836 5020 83671
85837 2510 99513
85904 2510 83103
85923 5020 80750
85930 2790 42841
85932 5020 58786
85981 5020 69750
85993 7530 11982
86032 2510 21294
86072 7530 60706
86095 7530 25640
86130 7730 65456
86272 2510 12761
86286 5530 77418
86348 5020 24188
86352 9440 78522
86443 5020 88526
86448 5020 34562
86460 5380 10962
86478 5490 84115
86598 2510 62638
86646 210 24024
86675 2510 93646
86678 6590 27353
86680 2510 46476
86711 1620 6871
86736 7530 13308
86754 8350 34047
86779 7530 80440
86812 7530 90068
86826 2510 55231
86866 2510 17349
86893 1190 84799
86963 2510 38215
86966 4360 28517
86967 2510 38897
86975 7530 51981
86978 3820 6880
86986 5350 20858
87031 7530 50258
87035 2510 98748
87117 2510 46333
87140 7530 54540
87162 7530 12710
87171 2510 67088
87179 5020 82224
87196 530 12490
87197 2510 20032
87202 650 57805
87216 7530 46878
87247 2990 86736
87247 7530 59206
87263 10000 17208
87332 2510 29989
87335 2510 91261
87339 3480 49686
87385 7530 64284
87391 8100 23494
87394 5020 87853
87413 3900 2782
87527 8620 89225
87548 7530 54250
87552 670 59144
87575 790 95691
87580 2510 31761
87617 5020 79969
87650 6150 61542
87655 5020 42295
87716 1400 56667
87716 7300 69625
87725 2510 91552
87813 5020 4434
87849 5020 63747
87853 7530 52358
87868 5020 5569
87892 5020 92371
87899 7530 59500
88000 5660 47624
88055 8450 21789
88099 5670 16995
88118 7530 7983
88196 2510 87550
88203 5020 57646
88220 7530 43089
88268 7530 75905
88278 7530 99520
88385 7290 84951
88396 3080 89129
88401 5020 1500
88430 5020 4199
88450 1820 36082
88541 2510 35061
88650 7530 59155
88674 1700 31905
88693 7530 21450
88726 5020 50900
88793 7530 57063
88834 7530 87711
88840 1950 71773
88879 5020 7222
88889 3990 62253
88892 810 81219
88911 2510 37486
88981 8170 49626
89019 340 82464
89050 2510 11100
89059 5020 34875
89090 5020 15513
89114 7530 99039
89169 5160 4224
89183 7530 71715
89207 5020 59551
89240 7530 60949
89364 5020 31652
89374 2510 66206
89413 2300 31019
89518 1770 27957
89546 7530 20161
89551 7530 27726
89609 3150 82306
89678 5690 90590
89681 9050 28111
89690 4250 28304
89690 7320 9159
89728 7530 74079
89750 2510 10019
89753 4710 6502
89758 7530 83983
89767 7530 32013
89771 5020 64421
89776 2510 72908
89776 5020 42176
89808 7530 41402
89873 3390 30404
89910 5020 23154
89997 5020 90082
89998 7530 62052
90097 2510 76836
90146 6420 25878
90147 7750 32879
90173 6690 21318
90194 6870 24634
90217 7530 13659
90235 6680 51276
90245 2850 4562
90264 2510 36470
90305 2510 63978
90568 5070 71239
90578 7530 11477
90645 7530 96846
90663 4050 43667
90679 7530 19558
90726 5010 52573
90755 7650 81628
90833 5020 12814
90903 5020 5448
90946 8510 17824
90948 9580 53718
90968 7530 20075
91012 7530 36285
91016 2510 67399
91047 7530 80405
91060 4290 82091
91078 6570 67343
91080 7530 91420
91084 5020 74923
91202 2510 44825
91205 7530 33473
91215 5020 78766
91279 4280 82645
91319 2510 23763
91400 5020 57414
91421 2510 662
91422 5020 33804
91448 5020 4177
91524 2510 21039
91541 920 357
91607 5020 2345
91634 2510 88400
91706 5020 59984
91710 2510 80286
91734 5020 33536
91736 40 66473
91740 5020 82980
91773 170 70604
91816 8070 51745
91820 2510 57996
91841 1230 95086
91910 2510 74909
91946 2510 20167
91961 7530 44641
91970 7530 79710
91982 7530 56651
92112 2510 19797
92172 8960 97550
92231 3290 83104
92289 5020 30990
92311 5020 77854
92387 2510 78939
92397 2510 99186
92427 7530 14947
92438 2510 36977
92449 7520 69712
92471 7230 20244
92506 5620 53949
92543 5020 63970
92598 2510 88117
92613 4700 28654
92641 4340 79534
92651 7180 94832
92676 7530 98539
92702 5020 79822
92711 5020 31951
92717 2510 61966
92778 460 14279
92783 2510 41558
92842 3700 38693
92843 7530 31205
92863 7530 95781
92886 7530 53800
92893 1370 66339
92974 7530 80710
93039 7530 43523
93101 5020 13319
93177 7530 91116
93199 2510 77652
93199 9070 67088
93222 1220 63058
93250 1300 53354
93274 5020 98563
93299 2060 89820
93312 7440 37037
93343 2510 24677
93379 7000 13065
93413 1320 45396
93454 6790 86675
93485 5020 93195
93497 5020 42945
93506 7530 67347
93570 5020 56494
93581 5020 34065
93599 5020 73483
93603 2510 17485
93672 5020 9710
93684 5020 86132
93690 5020 20982
93712 6710 23738
93725 2510 59223
93744 1740 60938
93804 5020 16696
93870 2510 25823
93870 7530 83705
93972 2510 53947
94065 6200 24799
94106 2510 23680
94141 7530 37995
94153 4110 13458
94160 4220 73365
94199 7530 94024
94212 5020 6244
94287 7530 92032
94338 2510 25436
94356 6370 47458
94362 7530 26681
94371 7530 13346
94388 5590 24744
94495 7530 16546
94502 6730 58206
94540 640 97271
94548 2510 62417
94548 7530 83541
94564 2510 9431
94574 5020 92033
94576 2510 39231
94583 5020 88150
94632 1520 19345
94688 5020 98343
94703 5020 73307
94805 2510 92870
94814 7530 66966
94852 2510 39649
94872 2510 96802
94983 2510 25619
95008 7530 48467
95017 7530 1971
95018 7530 98598
95056 4570 17665
95057 3960 13329
95068 2510 52989
95109 5020 1406
95154 2510 43565
95165 5020 79312
95176 5020 52380
95189 2510 94273
95222 7530 31897
95268 2510 36656
95281 2510 41954
95317 7530 69722
95320 5020 34299
95406 2510 58282
95428 4160 43320
95456 7530 73084
95497 7470 97095
95533 8200 71176
95553 7530 97072
95578 2510 7399
95580 7530 64717
95599 2510 74225
95629 7530 70290
95679 7530 519
95686 2510 12595
95686 6430 63707
95710 5090 47307
95735 7530 44012
95753 2510 96598
95758 7530 32647
95764 4990 97616
95792 5020 48321
95810 7530 80274
95873 2510 69660
95931 5020 55441
95973 3980 9495
96008 4550 56048
96043 7530 72061
96165 7530 85920
96210 2510 6685
96224 7530 19727
96229 860 48966
96282 5020 57841
96304 5020 48199
96333 2510 95283
96337 2400 95655
96340 5020 76197
96354 2510 99598
96481 5020 5427
96491 8220 76866
96512 2510 6642
96521 2510 61209
96523 2510 60377
96542 2510 86628
96607 5250 53719
96608 8740 83120
96651 5020 9691
96652 8810 48147
96680 580 63162
96734 4910 54378
96762 5020 1400
96769 4230 33364
96798 5020 86992
96817 2510 67064
96821 7530 18478
96860 9280 22469
96881 7530 61521
96884 2440 27265
96934 2510 5619
96966 1750 36259
96985 5020 58224
97007 5020 41834
97046 7530 67581
97049 2510 47735
97122 7370 6034
97170 7530 53440
97206 3120 36972
97207 2510 24773
97239 5020 60352
97258 5830 66400
97271 7530 64784
97345 5020 32495
97360 3740 26065
97364 5020 1886
97378 5020 42540
97502 5020 71402
97584 7530 15583
97639 2510 16142
97781 3790 15831
97837 5020 6049
97944 7530 39121
97960 6920 17410
97984 7530 82431
97989 4320 24231
98069 2510 36577
98122 8660 2807
98140 2510 68372
98163 7530 40126
98199 7530 86162
98234 5020 78274
98275 190 88672
98364 4880 3932
98406 7530 84543
98433 2510 14255
98509 7530 71843
98512 7530 89689
98568 5020 21249
98593 2510 84029
98596 5020 67257
98703 1110 33842
98710 2510 21976
98717 7530 60833
98719 7530 36005
98855 5020 25429
98933 2510 30062
98940 5020 35583
98955 4200 35236
98971 4010 32846
99309 7530 174
99358 5020 86510
99369 4020 48077
99428 2510 92803
99439 2510 66369
99463 5020 3577
99469 2510 39611
99481 2510 75844
99486 7530 86973
99590 9150 41990
99596 5020 50129
99599 2510 89308
99657 3590 10484
99667 5020 61867
99723 2510 25977
99756 1140 28459
99799 5020 72154
99849 5020 44470
99948 7530 87280
99953 7530 36302
