3000 10000 38882 85822
76 4430 69804
111 50 22085
163 1670 5974
167 1670 97346
171 1670 86585
180 3350 51135
216 1670 50769
299 3350 75065
352 3350 14676
366 3350 34377
404 4210 16759
449 3350 41967
468 1670 57361
514 1670 40029
535 1670 65211
558 1550 40953
566 1670 63669
589 370 30689
589 3350 93748
660 1680 55597
690 4850 49555
738 1670 95576
739 3350 46305
754 3410 50623
771 1670 6651
777 450 44153
804 3350 40740
829 3170 68463
846 1670 26759
866 3350 53591
894 700 89279
909 1670 28401
928 2290 1697
947 1670 37865
959 3350 19165
978 1620 23606
986 3350 71685
1036 1670 85912
1119 1480 84116
1139 1670 82056
1178 270 18194
1230 2510 71839
1245 3350 82105
1249 3350 38611
1339 1670 53179
1450 3350 79618
1477 1670 48231
1517 3350 88159
1548 1670 31912
1660 1670 68824
1661 1670 30360
1675 4610 69162
1680 3010 14110
1689 1670 42238
1713 1670 20672
1714 1670 60982
1715 3350 47729
1728 1670 38328
1735 3350 28349
1788 3350 12834
1798 3350 56408
1868 130 44065
1876 3350 53562
1905 1670 70891
1908 1670 99189
1974 1670 8756
2005 2470 91091
2007 3460 97551
2072 1670 66354
2088 1670 27429
2094 1670 10665
2103 850 81420
2138 1670 68873
2169 1670 53885
2205 3350 58418
2208 4440 35527
2379 1250 60786
2386 3770 64900
2413 3270 83318
2446 1670 71624
2531 4060 9397
2551 1670 99023
2575 3350 96903
2753 3520 4785
2770 1670 24815
2793 4990 33877
2807 1670 95218
2826 3350 96485
2893 1670 88339
2894 1670 31998
2936 1670 27271
2944 660 64934
2978 3700 73042
3003 4630 46009
3025 3350 58480
3037 1670 87342
3101 3350 84088
3173 3520 14212
3225 3350 62894
3242 3340 73353
3286 1670 61687
3303 1670 69156
3411 3350 82179
3426 160 48218
3446 1670 74985
3473 1670 71418
3499 3350 34969
3518 880 94308
3567 1670 1883
3572 1670 70837
3577 1670 55866
3583 1670 32231
3585 3350 40906
3595 3350 1656
3620 3350 99926
3622 1670 2967
3666 3500 37670
3683 4580 26247
3689 1670 1377
3731 1670 68630
3777 4200 46136
3779 350 5539
3779 1670 65412
3780 1670 60010
3831 1670 18205
3870 3350 35076
3901 4900 4186
3912 1670 51163
3931 4150 83735
3960 3350 80093
3978 1670 47052
4029 3350 97559
4064 1670 47445
4068 3350 91405
4082 1710 95755
4111 1670 1078
4125 1670 87081
4190 3350 11232
4224 1670 17295
4325 1670 68595
4379 3990 91219
4393 1670 23257
4401 3980 18860
4420 3350 47762
4429 600 11079
4520 1670 29337
4535 1670 6446
4558 3350 21413
4597 3350 74891
4618 3350 14883
4682 1670 35304
4682 3350 55298
4691 170 34356
4738 1670 3354
4766 1670 93596
4829 3350 61293
4852 1670 43230
4984 1670 37163
5023 1670 72216
5153 1670 3423
5186 3350 33559
5229 3350 3010
5234 3350 37109
5237 1690 64765
5279 3350 90995
5296 1880 41231
5305 1670 47538
5318 1670 16033
5373 3350 32319
5383 1670 17232
5384 1670 51829
5427 4710 59795
5546 1670 11282
5573 1400 29040
5577 1670 71788
5614 1670 16760
5651 3350 34476
5653 4840 29306
5727 1870 10584
5753 1670 76292
5774 1670 98836
5834 1670 1359
5860 2440 86740
5919 1670 93403
5924 2970 85524
5930 1280 24265
5937 1670 2963
5943 1670 78670
6034 3350 1977
6039 1670 68790
6053 3350 58767
6100 3350 23608
6127 1670 99101
6189 4620 32611
6202 4490 50089
6241 3350 96092
6253 720 27767
6284 3350 50167
6316 3360 32018
6329 2340 31085
6365 3350 50740
6371 1670 82667
6378 1670 48294
6448 1670 67125
6497 700 89256
6547 3350 34430
6610 3290 59840
6633 3350 92180
6682 2500 1568
6724 4410 85894
6738 4680 94106
6744 3350 1576
6839 3530 82721
6843 3350 26363
6844 3350 15437
6874 3230 90304
6875 2080 38792
6929 3350 8679
6956 3950 17136
6981 3350 52690
7030 1670 61397
7058 2750 53856
7163 3760 29562
7220 390 12449
7228 180 90346
7258 680 25187
7340 3350 75860
7363 3350 55699
7381 1670 36382
7483 3350 4179
7534 2580 78827
7535 1670 6445
7540 3350 19574
7557 1670 84735
7564 3350 10742
7567 500 68272
7567 1670 52755
7614 1670 21255
7617 3350 31624
7626 1670 2364
7670 1670 83952
7676 1670 129
7689 1670 23660
7689 4100 77124
7804 1670 7197
7816 3350 74580
7831 3350 88049
7846 1200 66656
7921 4800 47565
7991 3350 76020
8003 1670 64654
8012 4960 71166
8041 3350 15884
8085 4670 681
8203 1670 24049
8210 3350 68736
8235 3350 90505
8271 1670 17728
8291 1670 62516
8367 4250 73190
8383 3070 77318
8386 1670 38709
8448 2470 67710
8503 1670 66924
8508 4830 83046
8519 3270 60933
8551 4280 75564
8613 4350 84399
8640 3350 99143
8648 1670 35564
8671 4280 76836
8723 3350 3539
8766 3350 37380
8834 4180 42565
8836 3350 40565
8944 2280 73499
8953 2550 90753
9011 3350 30663
9015 1670 66349
9048 3350 57090
9125 2790 84129
9127 1670 73552
9127 3350 48672
9133 2460 30943
9167 1740 37076
9204 1670 82447
9208 1670 66859
9213 3350 6251
9237 4350 64924
9247 3350 44037
9264 3350 70731
9274 2840 55138
9313 1670 30298
9336 3350 79838
9386 3390 76574
9386 4590 70474
9448 4000 16337
9500 3350 31043
9553 1670 43474
9635 5000 13456
9677 1670 47676
9688 1670 87096
9755 1670 78688
9773 2420 43201
9781 1670 2756
9881 1320 28996
9899 3240 68369
9926 3080 6112
9942 3350 27697
9954 3400 74006
9963 3350 7620
9997 670 65924
10007 1670 27739
10023 1320 11515
10042 3350 68779
10053 3350 69992
10073 1670 84536
10083 1670 25631
10083 3350 45356
10099 1670 21353
10103 1670 30910
10118 4120 12846
10152 1670 64988
10198 3350 87634
10213 1670 6430
10245 1140 95723
10358 1270 14428
10393 40 75021
10494 3150 97208
10510 3350 23338
10558 1670 92768
10564 1010 76246
10682 2140 51180
10706 1730 42159
10716 3350 92112
10722 3350 94228
10782 1890 59043
10831 3350 25625
10885 1670 95193
10974 3350 51838
11039 1670 39302
11074 3350 9344
11128 2920 88263
11128 3350 17575
11133 3350 66871
11152 3140 95463
11182 2250 65547
11257 1090 37796
11343 1670 59604
11372 3350 11040
11387 5020 14150
11400 3610 21511
11425 820 29439
11452 1670 13757
11477 1670 17679
11495 1670 72706
11537 3350 37115
11538 1670 68148
11554 3350 16293
11612 1170 3829
11664 1670 37521
11680 1670 29152
11699 1670 61950
11713 4530 73569
11777 1200 11402
11800 2830 49594
11814 4270 28864
11867 2650 78618
11950 1670 61469
11990 1670 75625
11997 3350 66227
12005 3350 39203
12036 1670 69856
12036 3350 85987
12061 50 54268
12065 1660 66927
12139 1670 82918
12187 1440 5647
12203 1670 4479
12208 1670 46418
12227 1670 17856
12230 1670 54855
12234 1070 36029
12252 2760 15555
12285 3960 81694
12291 1670 4048
12350 3350 18985
12375 3350 72342
12397 1670 28128
12420 1530 84636
12449 1020 96531
12461 3350 76330
12491 3350 36220
12502 1760 39776
12521 1670 28545
12554 250 4771
12598 3370 68443
12648 2560 32566
12653 3350 35987
12665 1670 75219
12665 3350 84607
12673 1670 69186
12677 810 75946
12685 1670 54720
12756 3930 29614
12762 1670 90113
12791 3350 75313
12813 3350 70835
12839 3440 20943
12900 3350 59901
12939 1670 74566
12967 2530 23004
12998 3350 39067
13002 1670 23995
13014 110 97704
13037 4840 7280
13044 3350 3800
13088 190 90485
13109 3350 32276
13192 2230 99862
13199 1670 16200
13203 3350 27366
13276 1670 50468
13322 3350 94780
13337 1670 39159
13345 4870 87277
13373 690 2025
13381 3350 79628
13388 3350 89802
13412 1670 48176
13444 2640 75634
13451 3640 38113
13533 1670 5493
13607 1670 28257
13645 3350 52678
13712 1670 35599
13764 1670 8254
13860 3350 70491
13877 3350 28487
13888 1670 3403
13910 1670 34201
13939 2890 53269
13944 1670 65920
13977 1670 41785
13978 3350 57684
14087 1670 40177
14103 3350 75213
14129 2980 86585
14132 1670 49847
14139 1670 79627
14205 3350 40153
14214 1670 94197
14225 3350 74279
14246 1670 31502
14248 1670 35544
14250 1670 62874
14256 1670 25295
14259 970 77419
14263 2210 62005
14276 3350 14261
14295 1670 12991
14298 3350 34351
14302 3350 43510
14397 3350 64989
14422 3350 75280
14487 3350 42060
14504 3350 10593
14547 4550 45978
14560 440 87577
14562 1670 36431
14592 3350 36314
14635 1670 5772
14643 3350 30474
14696 1670 45586
14733 3350 44683
14757 1670 64798
14766 3350 41536
14792 1670 86953
14837 2410 43975
14854 1670 75198
14894 1670 80525
15024 3820 76280
15094 2440 60140
15128 1670 72947
15133 2890 9850
15229 3350 63244
15247 790 63842
15273 3350 40278
15279 3350 79108
15337 3350 10973
15389 2120 94184
15390 3350 91436
15394 2800 73031
15431 1670 41635
15633 3850 60390
15656 1670 48620
15751 3350 24827
15793 70 17579
15799 1670 94648
15846 1670 37836
15960 3350 80103
16016 3020 25223
16038 1670 3232
16052 1670 84707
16056 1670 59725
16062 1670 22747
16081 1670 68
16087 1810 6315
16136 3350 44203
16154 1670 92797
16166 3350 93419
16175 1670 14344
16202 470 53942
16246 4410 22838
16251 3350 12733
16257 2050 62915
16264 1670 47361
16267 1670 17902
16307 4110 92301
16315 680 5135
16377 3350 64749
16403 3350 82897
16416 3350 52307
16442 650 77846
16466 2930 57804
16473 3350 87828
16504 3350 59508
16507 3350 55828
16546 3110 57684
16572 1700 56130
16588 3350 94231
16590 2680 34708
16627 3350 16582
16664 1670 51463
16746 1670 44661
16838 3350 12588
16910 1670 3039
17000 1670 70024
17107 3780 80127
17116 1670 77491
17135 1670 30554
17181 1670 31609
17204 1670 29418
17246 1670 12122
17272 3350 96294
17298 3350 56969
17350 1670 48955
17360 1670 84769
17370 1330 44655
17419 2200 64292
17443 3350 31604
17461 3350 24528
17465 1890 33194
17699 3350 34428
17720 3290 55955
17743 1870 10010
17845 1670 55919
17853 390 28269
17853 600 14502
17860 3350 8524
17890 3350 49109
17893 3350 93084
17926 3350 49912
18049 1670 13031
18059 2350 64338
18067 3350 71525
18081 3350 75236
18108 1670 71535
18142 1340 83823
18147 1670 86032
18186 4600 57856
18221 1670 77982
18371 1560 23550
18384 3350 32802
18443 1760 34505
18446 1670 7525
18571 3350 57661
18631 3350 23476
18641 1670 72602
18688 1670 77982
18704 3350 42396
18721 3350 27883
18722 3350 33161
18737 3350 52680
18765 1670 87443
18922 4250 79130
18956 3350 56357
19013 1670 21318
19051 240 55604
19175 3350 66353
19183 1670 61277
19224 1670 12189
19301 4380 74174
19331 3350 19978
19360 1670 15384
19374 1670 73964
19380 1670 2786
19392 3350 46610
19398 3350 99433
19420 1670 59560
19480 3350 85785
19519 1670 13971
19538 3350 31182
19549 3350 77932
19578 3350 79912
19615 3350 51563
19664 1670 33422
19863 1670 86580
19869 1670 78082
19908 3350 89166
19952 2590 66295
20030 1670 48123
20036 1670 27465
20053 1670 40914
20077 3350 88550
20106 590 92143
20110 3660 1367
20129 870 16749
20148 1670 89930
20155 3350 77072
20156 3350 36555
20208 3350 22316
20215 800 24778
20238 4160 17305
20291 3030 88861
20298 3350 51273
20335 1670 50783
20365 2590 92709
20425 240 53013
20475 3510 76815
20501 1290 60568
20540 4070 81388
20566 170 65447
20653 3350 72510
20670 3350 67754
20698 1670 29094
20736 3350 35024
20805 3350 80783
20830 3350 96642
20843 3070 72128
20883 3350 30325
20919 4950 75567
20942 1670 25721
20960 3350 78363
21031 1670 45650
21156 3280 48989
21206 3350 2557
21216 1670 12262
21217 3350 47564
21236 3350 94192
21248 1670 91939
21281 1670 38314
21301 1670 847
21312 3350 91732
21328 1670 5501
21340 3350 76185
21353 4680 44747
21358 1670 48462
21424 3350 72830
21499 1670 59494
21532 4190 76335
21566 3350 2405
21650 1670 58591
21656 1970 10450
21674 1670 97940
21697 3350 78055
21748 3350 68497
21762 1670 53092
21791 2530 97870
21846 3350 552
21847 1670 76427
22077 3030 16070
22095 620 6728
22105 330 83793
22146 4050 54930
22254 1670 97184
22310 1050 8850
22390 1670 56431
22414 3350 66566
22434 1670 20337
22450 3350 69637
22472 3280 78899
22483 4490 47325
22505 3350 2381
22508 1110 21480
22512 1220 82665
22562 370 94915
22573 1670 73090
22710 910 95653
22725 3350 67897
22754 3350 72100
22763 3330 64308
22796 1670 89821
22796 3350 25981
22817 3350 55390
22819 1670 7319
22854 3350 49609
22855 3350 64670
22858 3350 25378
22881 3970 36135
22893 1670 86623
22919 1670 90494
22974 3350 29179
23016 1670 56725
23094 3350 85977
23144 1670 7858
23149 1670 38247
23225 3900 74030
23226 4360 77418
23238 1240 38926
23255 3350 58847
23277 1670 22260
23298 1670 21785
23312 3350 55087
23323 3350 47202
23333 3350 56492
23373 610 81079
23378 3350 31497
23426 1670 1750
23449 3350 32952
23495 3350 73033
23599 3350 13351
23693 1670 92935
23699 1670 83224
23699 3200 85324
23715 3350 71402
23796 3350 47942
23810 3350 97677
23827 3350 92811
23870 1670 46322
23885 3350 8168
23917 3950 54237
23966 1670 85858
23987 4730 3375
24023 1950 58541
24046 1670 14845
24050 3350 47100
24070 1670 23469
24094 1670 85726
24107 1670 83734
24122 3350 57603
24160 3350 49348
24189 1670 55786
24452 1670 50114
24511 4880 21344
24542 2070 62393
24583 2330 30134
24598 4990 61081
24602 3350 87718
24757 3350 66010
24785 3350 56875
24820 1670 1688
24845 1670 10651
24852 1670 21742
24965 1140 86244
24980 3350 84863
25017 3350 31478
25089 1670 81482
25127 3350 92149
25148 1670 88393
25180 1670 74697
25190 1100 21684
25192 1670 15867
25200 1670 36154
25214 1670 94625
25240 1670 26447
25335 1670 13299
25351 3350 63102
25352 4710 26439
25436 1670 77309
25470 3350 94962
25507 1510 96894
25552 4560 10864
25684 2790 37152
25786 1670 53170
25804 3880 20250
25830 1670 30527
25831 1670 6687
25859 1670 1762
25860 4430 31316
25884 4850 30060
25934 4780 83240
25946 3350 72732
25949 3350 22667
25986 3350 61542
26051 3350 43331
26106 150 60835
26174 2080 62101
26216 4330 83896
26236 1520 24481
26253 3350 66427
26267 1670 13171
26277 3350 88614
26298 1060 8537
26391 3420 90782
26400 3350 30068
26406 2490 37223
26414 1490 24644
26423 3350 58893
26511 3350 75508
26574 3350 32124
26628 3350 93919
26672 3630 37566
26695 1770 51442
26744 1670 95755
26790 1670 62378
26821 1670 89031
26877 3350 41790
26973 3350 76168
26997 3350 7193
27019 3350 79524
27072 3350 69075
27079 280 76656
27134 3470 93233
27158 3350 15955
27202 3350 97848
27301 3350 69984
27324 3360 92894
27353 3350 40664
27373 1670 41542
27379 1670 12398
27380 3350 53535
27472 3350 60173
27685 40 98162
27689 1380 99698
27691 1670 74118
27760 1100 58264
27776 3000 1829
27833 1670 83589
27887 1390 94181
27958 2450 56699
27969 3450 44693
27976 3350 4372
27996 1670 47358
27997 3350 71391
28069 710 68872
28111 1670 72591
28156 3350 3696
28163 1670 77516
28177 1670 77377
28177 2150 30787
28293 3350 66139
28300 3350 72883
28335 3350 25747
28351 3350 4790
28358 3350 9259
28375 1090 3061
28387 1670 55228
28401 3350 73563
28410 1670 52356
28427 3350 7004
28440 3350 5761
28583 3350 6276
28587 4220 36827
28661 3940 55581
28668 3350 8609
28714 1670 90003
28732 3350 64457
28850 1670 24020
28881 3350 45932
28898 1670 3286
28898 4570 84800
28899 570 86197
28914 3800 57175
28917 4010 25156
28950 3060 34181
28972 1670 17045
29031 4370 44509
29056 520 2457
29056 1670 18390
29066 3350 46577
29170 3350 87233
29182 100 55515
29276 3350 1600
29311 3690 24747
29323 4340 62551
29399 1670 39401
29401 1830 11422
29404 3350 52835
29457 3350 61843
29512 1670 12746
29552 2870 7583
29586 3350 93809
29710 2710 75097
29811 3350 14316
29878 3350 1506
29902 3350 11344
29951 1670 52486
29992 1560 31287
29994 1670 76924
30026 3350 48034
30041 1670 63523
30044 3390 35464
30078 1230 64080
30086 1670 16699
30088 4810 68448
30096 340 70213
30108 1820 255
30167 1670 75821
30180 1670 60441
30245 3350 37299
30259 3150 44745
30259 3350 80992
30321 3350 90280
30347 3350 91308
30369 3350 1953
30375 760 21225
30398 4210 79058
30399 2960 10711
30418 3350 75289
30463 1670 40163
30491 4080 98972
30511 3350 31541
30608 2150 51751
30615 3350 26562
30644 3470 19848
30702 3350 58719
30716 840 57158
30787 3350 3378
30821 3350 44962
30867 3410 8672
30999 3350 5890
31016 4220 69307
31127 250 26160
31130 3350 98567
31147 1460 22165
31153 3910 91787
31196 3350 34027
31210 3350 22193
31263 3350 8757
31292 3350 25822
31338 4720 69169
31365 1670 10867
31402 3350 71080
31417 1170 99092
31448 1670 43050
31503 1670 75078
31513 3350 51452
31596 1670 25930
31597 3350 50305
31670 4520 61086
31751 3350 7891
31771 1670 44832
31798 2180 94555
31803 230 60611
31810 3350 75967
31902 3350 48330
31927 4670 82788
31968 1670 40100
31979 3350 64201
31999 3350 47071
32037 3350 90400
32052 4700 39822
32088 3350 66705
32147 1670 13875
32193 2770 54135
32262 3350 5485
32277 3350 25450
32290 3350 270
32306 1670 98129
32381 1340 35824
32463 3350 62929
32700 3350 11614
32767 3350 18546
32815 2060 19661
32881 4860 37453
32883 800 18731
32916 740 7916
33061 4930 3184
33062 3350 58672
33066 1670 11435
33079 3350 19735
33132 3350 25628
33139 2810 10410
33207 3350 84528
33248 4640 63801
33255 3350 18298
33259 3640 28028
33290 1670 74607
33444 1670 19020
33462 560 50908
33499 1670 1053
33532 3350 77476
33553 90 93705
33563 1670 24658
33701 4600 64628
33712 460 12148
33717 1670 85252
33734 1670 26525
33767 1780 53490
33865 1670 12976
33866 3320 67729
33934 2700 76796
33948 3430 83688
33974 3350 77248
34004 1000 82738
34006 1670 64173
34030 1670 57914
34067 3350 22736
34082 5020 84459
34107 1670 584
34120 1670 75790
34125 1670 88068
34130 1670 18066
34159 4770 28507
34162 1670 16204
34177 1670 70224
34238 500 17024
34249 320 44448
34284 900 78931
34333 2210 47428
34407 3350 3647
34423 1670 44771
34459 3350 79324
34468 3350 54901
34471 2380 16550
34478 2910 18615
34501 1670 90896
34529 220 55229
34543 4910 67245
34555 1670 38378
34597 4760 29699
34626 1670 15566
34719 1670 56569
34735 400 54687
34772 1670 72798
34773 3350 36865
34807 3540 49399
34883 3350 68480
34900 3350 8692
34903 1670 2814
34976 3350 57529
35017 2230 73624
35019 1680 42768
35047 1670 38306
35054 1670 6513
35069 3350 65117
35141 1670 36398
35203 3350 9427
35222 3350 42518
35365 3090 58325
35380 3350 25151
35381 1670 90988
35406 1910 38523
35436 3350 28010
35444 3350 34224
35481 3350 50803
35486 3350 26737
35517 1670 2049
35518 4510 30188
35521 2570 76651
35549 3350 33561
35577 4130 4569
35627 890 67782
35662 290 42515
35697 4420 32825
35729 3350 43351
35738 1670 35172
35750 4010 50625
35838 4450 48656
35885 1670 24108
35969 1670 72841
36093 630 97477
36133 3350 95970
36196 3350 74071
36212 3230 91773
36216 3350 31159
36271 3350 99802
36398 980 37441
36417 1510 40633
36440 840 43353
36447 1670 17881
36481 1670 57955
36484 4980 6947
36492 1670 71550
36512 3350 23963
36585 4980 47671
36597 1790 98061
36615 1670 97006
36663 3350 27897
36671 1670 77019
36751 2320 11673
36752 120 82997
36768 1670 83710
36769 1030 12508
36804 3350 35356
36808 1980 10688
36883 3350 8595
36903 3350 94133
36913 1670 47695
36983 3170 27826
36991 1670 24007
37021 1670 3677
37042 1670 23920
37049 3350 49157
37234 1670 34111
37250 1670 65093
37257 3350 45172
37258 1670 74560
37279 3350 15035
37300 3350 46210
37341 2600 68461
37405 780 77658
37505 3810 81206
37528 4310 3574
37560 3350 55795
37586 4740 47084
37598 1670 38047
37610 1670 28559
37647 1670 22712
37659 590 58809
37669 1670 65386
37679 4810 12464
37747 1670 3864
37775 3350 84479
37807 1670 64529
37835 2430 18849
37843 1670 89749
37947 1670 75842
37993 1670 43123
38010 3350 51356
38044 1020 57167
38060 3870 61147
38063 1670 96984
38064 3350 22363
38065 1670 35200
38084 1670 10133
38135 1670 47137
38153 1670 64345
38175 3740 43129
38183 660 23918
38245 1930 69700
38255 1670 50393
38264 1670 23586
38285 1670 64907
38343 3350 73616
38344 2900 31475
38370 3350 48743
38374 1670 77005
38391 4560 24874
38404 2900 38212
38481 3350 45106
38519 2660 74509
38537 1670 29113
38556 1670 65109
38577 3140 4812
38601 1670 99385
38672 3350 54858
38681 2660 84749
38696 4690 22727
38879 1670 61655
38932 1670 56629
38933 1440 64124
38962 3350 76865
38973 1670 26644
38983 2850 2783
39149 3350 62283
39186 2680 61157
39424 3350 9969
39524 1670 79553
39558 3970 76622
39577 940 21914
39587 1670 69964
39600 3560 89101
39605 310 59574
39624 1630 45940
39636 3350 45099
39660 3350 83040
39706 1670 39202
39731 1670 78254
39744 1670 4630
39774 1180 27339
39818 3580 56888
39830 4750 8604
39844 1670 52181
39849 3350 7221
39936 3350 12460
39945 1670 55795
39973 3350 45122
40001 3350 26001
40143 1670 41163
40206 1670 28928
40339 1670 50312
40362 1670 90231
40385 1750 91165
40414 3350 98931
40450 3350 61824
40527 1670 95621
40541 2390 22653
40580 3350 38759
40602 3350 81782
40611 3430 53563
40621 3350 56086
40623 1740 47561
40647 3350 97222
40665 3350 67286
40711 3350 24978
40740 3350 30552
40753 410 24641
40753 3350 8525
40764 1670 628
40798 1670 87623
40806 1670 89282
40812 1670 54950
40834 3350 23203
40838 1670 24890
40869 2090 27826
40880 4360 47093
40929 3990 56870
40951 3350 8406
40974 3350 87553
40994 3350 91981
41031 810 41273
41035 1670 28435
41044 1670 79868
41072 3350 3772
41109 1670 2849
41147 3830 2297
41164 4660 98088
41182 1670 34660
41317 900 62963
41325 3350 91909
41356 3350 57992
41361 3350 15508
41366 1670 4480
41384 4070 68290
41483 4040 22568
41569 4140 81174
41601 3350 93141
41625 3350 83669
41671 1670 17555
41697 3350 36869
41700 1150 11924
41741 1670 13165
41821 3350 56311
41841 2260 59701
41896 3350 41356
41943 3350 15742
41946 1670 55711
41976 3350 7826
42133 1270 73670
42157 1670 2072
42182 3350 48794
42183 3350 9952
42279 1710 43894
42281 3220 66806
42367 1670 66475
42374 1670 32373
42394 1670 20400
42430 1670 8020
42430 3810 10989
42456 3350 91083
42512 770 74786
42574 3300 56531
42604 1670 20137
42637 3350 4086
42641 1920 89247
42721 3350 2043
42733 950 17577
42745 2780 60953
42825 3130 37877
42842 200 52190
42857 1670 84387
42868 1670 17817
42899 3860 63573
42954 1050 28031
42954 1550 51896
43030 3350 62805
43061 4480 58205
43063 3350 25621
43099 3350 77770
43109 1670 17332
43148 1670 81350
43150 1520 60585
43256 1670 43030
43268 3350 21584
43279 3350 11424
43304 3350 18065
43446 3350 33461
43455 1030 1156
43471 1860 59121
43497 570 77441
43525 3350 14784
43563 3350 90319
43573 1430 44473
43578 1670 16128
43601 1990 75440
43606 1670 28307
43694 3840 86572
43752 3350 48760
43774 1670 85392
43778 3350 10188
43813 1670 43425
43817 1670 20544
43894 4300 37357
43895 1670 32110
43897 3350 37545
43902 1670 71698
43982 3350 87988
44023 3350 58906
44060 2010 85736
44093 2480 33578
44095 1670 54246
44125 1670 97289
44127 1940 12143
44144 1670 11656
44189 640 80389
44214 3350 71709
44264 420 67607
44301 3870 13099
44327 2140 61032
44336 1670 29250
44412 1670 42387
44566 2090 95965
44574 920 26427
44596 1670 31763
44618 3350 95783
44662 3350 52100
44671 1670 95951
44676 1670 65050
44678 3350 47259
44701 1670 9724
44749 3740 43538
44788 2980 96614
44798 3370 44897
44805 1670 3944
44850 1670 6060
44918 3350 70608
44921 3350 62012
44923 3350 77291
44936 3350 22156
44947 3350 87542
45036 3350 24164
45055 3350 57332
45160 2370 48456
45183 1700 16130
45247 20 42437
45252 1180 49819
45290 970 95923
45351 3350 75598
45388 1580 27056
45401 3350 11848
45414 1840 7284
45425 2400 6969
45433 3350 84223
45454 3350 47797
45457 1670 63975
45469 2310 63729
45488 3350 77627
45532 1670 98597
45664 1670 21767
45840 3350 67397
45868 3350 4298
45903 3350 86819
45916 3350 34237
45938 3350 2490
46113 1670 12112
46114 1040 12524
46179 530 23200
46212 1650 61486
46229 1670 23340
46246 3350 74680
46298 3350 54263
46301 3350 95706
46321 2370 98542
46340 710 6796
46342 3350 2185
46376 1670 82158
46393 3350 40887
46395 1670 97549
46422 2850 32805
46438 1670 45456
46543 3350 14735
46570 3350 13785
46601 1670 51791
46602 4150 9127
46712 3400 85415
46762 3940 93054
46777 1670 48239
46838 2800 62556
46851 1670 4701
46914 1670 79328
46945 3350 78260
46961 3350 45336
46971 1670 39335
46998 2280 11844
47011 510 24276
47047 3350 43050
47118 1670 10822
47225 1670 60952
47267 3350 64916
47293 1670 24414
47301 1670 93578
47328 3350 51040
47420 4450 50343
47433 1670 26124
47447 1670 19524
47485 1540 21920
47499 3350 57462
47513 1670 54562
47520 1670 62426
47600 3750 57214
47606 1840 78460
47896 1670 44003
47932 1670 12944
47960 3620 10104
48021 1670 14204
48069 1900 74874
48071 1670 10523
48090 1670 19160
48123 3350 15735
48267 3350 69935
48271 1670 23886
48288 3350 49325
48319 1670 7623
48321 1350 91484
48340 3350 53675
48373 1670 89793
48426 3610 9224
48429 3350 64106
48435 1260 87977
48437 1670 14011
48445 3350 83228
48467 1670 67099
48614 1670 99844
48621 2490 72074
48666 3310 30865
48772 1670 24670
48774 1670 71107
48796 3350 42818
48823 3350 2345
48878 3350 14743
48879 1670 63578
48893 1670 6636
48899 100 3926
49039 1670 44021
49064 3350 50754
49111 2880 44317
49142 3350 96683
49169 2120 44433
49177 3350 34734
49274 1670 69814
49277 3350 82663
49373 3350 16667
49408 3350 23089
49453 3650 62498
49496 1670 45210
49505 3350 85147
49530 2570 34593
49554 1670 92588
49591 3350 15521
49632 1670 15520
49681 1670 90567
49683 1470 78041
49701 4470 56458
49714 1670 83056
49728 2430 88787
49740 3350 49499
49842 3350 66310
49865 3350 26861
49919 3350 27030
49982 1670 32018
49998 3350 31360
50004 3190 19194
50010 3350 12238
50013 2920 53993
50034 3350 68919
50035 1670 1263
50046 3350 24701
50145 3350 4698
50156 1150 36826
50188 670 37041
50230 4720 4732
50237 1670 56543
50292 3350 77198
50339 1450 42767
50366 1670 88636
50407 1190 30567
50430 2460 39921
50458 3350 867
50484 1670 41660
50557 3460 59277
50632 3350 58484
50718 4110 29616
50744 3350 16963
50764 2540 53208
50770 1670 41108
50778 1430 82547
50844 3000 91544
50846 1670 85390
50856 3350 60475
50860 3350 74547
50881 1670 9049
50897 3350 78300
50934 1670 39009
50945 1670 6818
50946 1670 92627
50968 3350 22241
50994 1670 37209
51043 1670 12977
51059 4380 85627
51102 1670 10597
51167 2360 49483
51169 30 26539
51332 1670 51195
51338 4480 88009
51392 1670 84174
51402 1670 75366
51458 1670 58835
51469 1670 37499
51469 3350 41727
51499 3350 83638
51622 3350 49817
51638 3350 61141
51701 3350 24320
51746 2770 88405
51868 2550 87587
51938 1300 65561
51961 3350 97649
51972 3350 99100
52065 3860 97237
52197 3350 87180
52215 1670 35871
52256 4570 7926
52258 3350 34902
52259 90 82819
52296 1670 60574
52300 1310 50173
52425 1000 73120
52454 3350 94921
52469 3350 11128
52521 1670 97558
52571 1670 25383
52638 3350 31741
52646 3700 65630
52695 1670 45915
52778 3930 30652
52808 1620 88882
52821 1670 75232
52825 3350 78601
52844 3350 28532
52852 3350 38481
52885 3350 42128
52892 310 32931
52935 1670 94806
52943 3350 60221
52949 1670 65497
52998 1670 49831
52998 1770 57746
53107 2520 79152
53137 3670 93939
53183 3350 93537
53190 1670 85204
53206 620 66863
53210 3350 70989
53217 4640 53500
53410 1670 88063
53520 3350 23730
53565 730 87983
53584 3910 74709
53589 3600 63683
53628 3350 36156
53659 3880 77639
53738 830 33961
53738 1670 13577
53792 3350 82543
53807 1670 76794
53826 580 8084
53850 1670 73250
53941 1670 78071
53975 1670 40783
53980 2760 73265
54070 3350 16812
54094 1930 66185
54106 1670 99330
54162 3350 91681
54319 110 92744
54323 3350 37073
54327 1670 93228
54369 4540 11005
54385 1160 26313
54435 1670 98533
54449 3350 44491
54597 3350 47652
54646 3350 16126
54675 4940 20323
54714 2060 64461
54742 3350 69892
54748 1410 26473
54774 3350 89736
54779 3350 81782
54805 1290 80742
54829 1690 73038
54830 1670 25575
54934 4130 45958
54946 30 91491
54949 1670 84471
55008 3350 56977
55040 1670 37765
55099 290 56957
55121 3380 20677
55131 2600 65511
55157 4910 19783
55164 3600 48637
55220 3790 14088
55291 1670 58293
55307 1670 59468
55307 3350 16295
55327 3350 49839
55352 3350 12374
55433 3570 74256
55456 1670 78270
55506 1670 21568
55512 3350 51091
55538 3570 12904
55547 1670 42514
55610 3350 40569
55614 1670 47930
55633 1460 61438
55692 3330 48490
55698 1670 6039
55775 3350 43674
55791 1060 62672
55822 3350 4556
55839 2100 69934
55845 1670 55360
55955 1910 99106
55967 1670 45925
56033 3350 56578
56038 3350 65467
56052 2860 91174
56072 1670 2824
56136 3350 30482
56154 3550 53918
56161 1670 97657
56180 3350 50599
56232 2670 33275
56256 3350 35092
56298 3710 24104
56310 1670 56596
56343 2540 71
56361 1670 96369
56386 2220 29442
56599 1670 82837
56613 4050 60402
56675 1670 13439
56702 3440 31126
56710 3350 33870
56716 1670 64284
56731 1670 25820
56735 3350 65538
56745 1670 53568
56760 860 56796
56803 4320 40585
56822 1670 52507
56865 1670 86480
56889 1570 71822
56913 1670 62211
56918 3350 52008
56968 4950 84431
56977 3350 95889
57014 3350 3193
57023 1670 58560
57023 3350 10757
57026 1300 25032
57054 3190 25218
57080 1670 91981
57148 3350 72252
57220 3350 88112
57254 1670 7103
57360 3350 48935
57368 3350 68801
57390 2940 21883
57420 3350 8165
57478 2620 6764
57535 3350 21088
57556 2410 41071
57559 1670 96281
57559 3090 62819
57568 3720 18920
57586 3350 35294
57588 3350 40141
57591 3500 46645
57595 3890 93367
57705 580 12759
57729 1670 70288
57734 3350 29267
57818 1670 11181
57829 2030 25694
57850 3350 60233
57890 1670 79558
57994 1900 42759
57995 3350 55335
57998 3450 5122
58026 1670 22416
58059 3350 70825
58073 3350 5357
58075 560 30216
58088 3350 46089
58150 1670 14049
58193 1670 946
58216 4550 68775
58223 1670 27240
58251 3350 34893
58332 1670 43019
58337 3350 91892
58359 1670 15278
58401 2350 53408
58406 1670 18097
58413 3620 1944
58415 3800 84051
58470 3580 66090
58473 1080 25642
58530 1670 85091
58623 20 41641
58645 470 42054
58676 3350 62724
58774 3350 78405
58784 1670 34887
58791 1670 20883
58796 2640 24058
58914 4090 30546
58960 1670 90750
59004 780 29795
59067 4890 70418
59071 4030 6858
59132 1670 28359
59187 3350 21562
59204 990 36933
59207 3510 81963
59236 3550 13125
59243 3350 70967
59322 1670 24488
59339 3350 61480
59355 1670 35741
59375 3350 42651
59416 3350 85043
59427 3350 35285
59577 60 34245
59732 1670 88210
59963 2610 8103
59966 3350 21230
60009 1670 97164
60027 3350 98847
60053 3350 74025
60079 3350 18797
60083 3350 17874
60120 3350 7044
60129 3350 78364
60197 3350 53767
60242 1670 58330
60247 1670 34013
60304 1670 27001
60373 3350 12127
60392 1670 97299
60503 3350 99612
60505 4660 57864
60517 1670 19085
60543 3900 52367
60549 1670 79308
60553 1670 52978
60573 2880 59617
60576 3680 82394
60609 1670 49568
60610 3350 34092
60619 3350 91937
60658 1860 52282
60681 3350 78156
60686 3350 78587
60757 1670 59054
60766 3350 21997
60791 1600 26683
60795 3350 57841
60872 1670 99982
60990 3350 33273
61021 2580 31637
61047 1670 66618
61179 1610 90106
61266 3380 79213
61268 3350 56360
61286 3350 79029
61302 3350 29152
61331 1850 86289
61334 1670 39897
61353 3350 87649
61434 1670 41788
61447 1670 12833
61467 1670 24414
61497 3350 44179
61558 3350 73579
61582 1670 89932
61645 3350 42553
61753 1670 41343
61763 1670 963
61781 3770 37107
61799 3350 16
61805 1670 96485
61825 1670 92623
61873 1670 86505
61888 4080 37807
61904 1670 73142
61910 3350 59521
61970 3350 80315
61991 3350 63730
62201 3350 38596
62250 3350 52755
62269 3350 169
62345 4860 8786
62368 3350 68461
62369 410 70499
62468 1670 48678
62478 2240 32384
62496 5010 32338
62531 1670 57466
62551 3180 88876
62573 1670 77605
62593 1670 49877
62596 3300 6171
62711 480 51375
62782 3750 94041
62823 2040 41030
62830 1650 58158
62914 3350 34891
62926 1670 97483
62934 3350 80237
62953 610 15231
62983 3350 22926
62987 4100 72943
62993 1670 58754
63023 1670 46157
63024 3350 34589
63032 3350 99478
63092 1670 20594
63155 1670 51796
63181 1670 82415
63195 2420 18094
63200 1810 75344
63272 4820 92942
63276 3350 54065
63294 1670 13744
63303 3350 19053
63355 1670 22213
63355 3350 30802
63358 1670 97228
63366 1120 86370
63383 1670 6391
63397 520 76050
63443 490 55694
63508 3780 83411
63584 1130 64118
63625 1670 34943
63680 1670 41928
63683 3350 46055
63698 4920 25443
63699 1670 77776
63765 3350 62008
63840 1880 12887
63874 1670 19090
63877 1670 54866
63886 1780 69174
63972 1670 66882
64015 3350 9642
64049 1190 11579
64167 2160 92103
64189 3350 39848
64194 1830 58393
64243 2130 6598
64295 3350 23163
64324 1670 19645
64349 1670 14151
64373 3350 60921
64379 1670 70017
64396 400 51735
64468 280 31973
64480 1670 88027
64500 3350 82143
64554 3350 86138
64558 1670 63918
64589 3350 99830
64629 1670 45227
64660 1670 75087
64716 1010 68591
64718 2630 78532
64719 4940 92062
64778 1600 98747
64779 3920 93352
64784 3350 9851
64864 3350 98492
64948 1670 3370
65006 1670 98251
65056 1670 5087
65123 1670 57513
65133 1670 25999
65177 3350 88180
65251 3350 73824
65271 3350 91120
65281 870 45914
65288 3350 79866
65297 1670 82111
65328 1670 87927
65364 2010 79010
65364 3250 50480
65394 1670 53969
65404 4530 58766
65421 1670 20086
65512 550 52782
65578 3350 6179
65632 1670 45650
65683 120 66668
65741 2300 41919
65761 3350 62691
65791 3110 9079
65801 3020 89781
65806 3160 65307
65831 3350 15974
65837 1670 86526
65843 1670 60640
65851 3350 98623
65965 2220 26788
65986 690 88830
65994 3350 45618
66047 1670 67756
66058 3350 14444
66069 3350 51068
66107 3350 32422
66209 2820 3074
66225 1670 94053
66247 3350 20394
66272 3350 4651
66330 3350 89369
66366 1670 59841
66378 1160 74617
66380 3840 84172
66385 3350 33933
66387 1670 82462
66411 1670 21500
66463 1670 89754
66490 3890 95909
66547 3350 27072
66559 1670 26791
66565 1670 17769
66613 3350 38898
66716 1310 46168
66794 820 8819
66831 3350 66175
66854 1670 34409
66899 1670 95876
66934 3350 18469
67018 4060 62359
67019 1670 96292
67071 1670 15809
67113 1670 28940
67124 1670 31649
67169 3350 30437
67178 3350 45363
67201 3350 58737
67307 760 9271
67439 3350 83299
67440 3350 13373
67442 1670 26335
67509 3350 63737
67521 3350 53527
67553 950 19779
67553 1670 2635
67587 3350 59828
67591 1670 1005
67613 5000 63549
67638 3350 66815
67654 1670 70641
67730 1670 98224
67752 1670 81233
67774 1850 71995
67792 630 3278
67899 3350 95283
67947 3350 31265
68004 3350 31406
68050 1670 77978
68159 1670 98540
68166 4390 42915
68205 3350 7952
68222 1670 93970
68261 1670 19355
68280 3350 69018
68298 1670 36822
68309 4040 93469
68408 3350 39465
68447 3350 47759
68528 1670 69287
68529 3350 60867
68534 3350 62204
68540 1670 79056
68550 1670 63775
68571 210 6863
68588 1670 18517
68596 3350 79403
68611 3350 79068
68633 2620 52760
68671 2020 87644
68678 1670 39071
68690 3350 68949
68739 3350 17418
68781 1670 28839
68786 2310 31691
68808 3040 52447
68814 2000 7272
68822 1670 57447
68825 1720 9339
68904 1380 7178
68928 1670 93412
68967 1670 54462
68984 1670 63960
68986 3350 64334
68993 220 80772
69011 1670 11182
69030 2650 88079
69057 1670 21889
69071 3350 20995
69120 1670 52658
69193 3350 68207
69207 1670 52492
69209 1670 85171
69212 3350 77081
69251 1670 24512
69267 330 79155
69309 3350 71182
69314 1670 36593
69342 1670 47680
69412 300 88666
69424 3350 36380
69430 3350 75241
69481 1670 33513
69482 1220 98189
69484 3350 42290
69517 3350 48839
69526 4230 57881
69536 3350 94472
69543 3350 86514
69549 2820 69062
69563 3350 3681
69579 3350 7336
69616 3350 99183
69690 3680 64638
69724 3350 71646
69790 3350 95880
69798 2960 754
69823 4300 96321
69840 3350 10521
69849 1670 15991
69896 2400 37743
69901 1670 18254
69908 1670 29650
69915 750 10374
70059 3350 37534
70101 3350 66882
70108 3210 11172
70112 3350 72237
70161 4900 37552
70164 2970 94201
70170 3350 19721
70200 3790 8358
70215 1670 7625
70217 3350 15742
70244 350 87809
70297 2040 68961
70307 2240 24783
70345 1670 76748
70347 3350 97385
70361 1670 97040
70366 3350 99111
70407 930 92868
70538 4330 32256
70554 2840 66813
70574 3350 77732
70634 3060 64421
70706 3350 3077
70807 1670 29444
70899 2940 37777
70919 830 47406
70973 4120 75457
70986 3350 23640
71047 4260 40742
71065 3630 6818
71068 3350 60837
71087 260 10150
71119 1590 99176
71156 1670 78805
71180 1670 43914
71181 3350 93282
71202 1670 95714
71221 2610 86075
71286 1670 50608
71297 3350 52396
71335 1670 42720
71347 3350 2370
71370 3350 49615
71438 3350 71078
71457 1330 45770
71466 1670 80735
71559 3350 50319
71613 3350 98029
71643 4420 36080
71663 3350 73912
71670 3350 17678
71679 1130 83718
71706 3350 2807
71717 1670 14012
71751 420 90300
71760 2030 82692
71840 3560 65888
71878 430 97803
71880 2390 95357
71893 1670 80612
71901 3350 68652
71907 1920 45477
71931 1670 57111
71963 1670 25883
72008 1670 91743
72119 2260 94314
72121 3350 78236
72167 4730 70776
72193 1670 48239
72195 3350 9545
72202 3350 5597
72217 1670 17672
72222 3350 69957
72292 3350 2187
72355 4320 74690
72375 4470 81339
72411 1660 74818
72482 1500 30286
72493 1670 3431
72680 1670 50539
72691 1670 42514
72714 1670 19194
72773 1670 14280
72817 3350 53162
72823 3240 417
72825 3350 41676
72863 1670 54371
72870 2070 23010
72881 1670 75945
72891 2720 40248
72919 3350 66509
72972 1670 91215
73083 3350 6016
73163 3350 84152
73187 3350 65781
73192 1670 89939
73205 1670 42916
73216 3350 77999
73253 1670 75241
73274 3350 81358
73328 3350 69986
73347 3480 51758
73406 3350 5321
73412 1670 80051
73472 2990 93860
73488 1670 32026
73528 3350 41419
73530 1670 63976
73546 650 2280
73567 1670 93812
73642 790 71450
73646 4880 46396
73685 3350 70820
73689 3350 15829
73694 4270 5947
73708 3350 99676
73826 2160 36790
73833 1670 66543
73845 210 52638
73855 1260 69920
73858 1670 74045
73864 3350 26715
73893 1670 56868
73897 1670 23634
73907 1670 90452
73913 1670 8177
73915 3350 88129
73948 740 3428
73960 3350 1875
73969 3650 22749
73990 1670 65826
74044 1670 17721
74097 1670 42803
74141 3350 12254
74184 3350 19326
74211 3350 10035
74312 1670 92114
74319 3350 27110
74365 1980 24872
74396 3420 83368
74430 3200 75421
74452 4440 96718
74464 930 95752
74473 2830 75456
74499 1670 65901
74502 1670 59570
74565 3350 40612
74571 3350 44081
74602 3350 26027
74623 3350 34190
74713 3350 13239
74720 1670 78480
74826 3350 15953
74872 3350 30828
74880 2870 24117
74891 1670 6431
74936 1360 58236
74938 1670 9924
74944 3350 37360
74956 3120 89544
75001 3210 65123
75031 4020 26359
75049 3350 18941
75101 1670 69846
75109 3350 37215
75129 1250 95910
75147 1670 53539
75160 3350 66024
75206 3350 3547
75231 1670 91637
75251 3350 72629
75267 1640 5700
75286 3350 90528
75321 3350 86251
75329 1670 22487
75381 2670 81718
75389 3350 31673
75396 3350 10621
75416 1670 12511
75427 3350 72216
75455 190 19072
75492 1670 5163
75599 3350 47451
75626 3350 30805
75662 1670 84631
75693 1670 57837
75771 1670 9525
75816 640 36930
75866 2730 37102
75876 4750 71491
75882 3350 71013
75904 960 62353
75919 1670 47527
75956 1670 7553
75977 3350 27061
76013 3350 9271
76051 1800 51246
76078 3350 50604
76098 850 35153
76120 1670 67098
76255 3350 18650
76277 3350 22582
76346 4140 90609
76359 3350 15270
76395 1670 2142
76433 1670 26900
76517 4700 27874
76538 2270 5059
76566 1070 30113
76583 4460 50809
76636 1670 97811
76662 1670 31279
76702 3350 19778
76731 2340 84963
76751 1670 97438
76764 1450 23250
76771 4780 20378
76817 1670 1851
76855 4180 71031
76858 1500 25163
76870 4650 58895
76883 3350 76713
76925 3350 50886
76937 3350 27528
76997 2100 72180
77103 3350 54438
77140 1670 31029
77150 1670 38994
77200 3160 63278
77212 4230 8602
77216 1670 67749
77244 1670 75604
77312 3350 4703
77316 1360 27902
77334 2020 7831
77342 1670 59970
77372 3350 74736
77409 3350 27061
77540 3350 32384
77625 3350 17172
77661 1670 23518
77695 3490 94884
77745 3350 95561
77806 3850 48438
77872 2330 88546
77879 1390 48539
77934 10 79846
77937 550 24054
77948 1670 29443
77988 1670 29210
78102 4170 55736
78137 1670 67424
78154 1670 59705
78195 3350 11834
78314 1670 60672
78368 1670 13965
78394 1670 72628
78400 1670 65372
78486 3350 6153
78498 1670 67804
78537 3350 76214
78539 3350 46565
78547 1670 12860
78566 3710 93163
78582 4520 83510
78585 4820 34082
78688 1670 22992
78726 1670 22064
78729 1420 26266
78747 1490 19499
78749 3350 99873
78783 3350 74808
78858 3350 35240
78866 1630 70077
78907 1210 76306
78912 3310 35184
78934 1670 70762
78964 1670 59020
78983 1670 63577
79012 3350 71493
79021 3350 9445
79024 960 61946
79030 360 91458
79053 3480 86233
79109 1670 87952
79111 3350 19944
79235 1670 11785
79249 1670 68315
79260 3350 13811
79265 3350 68655
79284 4020 21429
79322 3350 48827
79323 4290 7821
79354 450 21096
79377 1670 54573
79468 3350 39579
79604 1670 96062
79607 3660 15661
79740 4630 16903
79743 3350 61762
79757 4870 21366
79854 3350 10079
79946 3350 73166
79979 1670 32680
79988 1080 26045
80013 3350 66791
80035 3820 66474
80062 2780 46370
80063 1670 65736
80147 1990 66355
80199 3350 40789
80249 3350 30350
80294 4240 12239
80308 3960 26710
80334 300 24714
80345 4030 80771
80373 3350 6112
80383 2130 43619
80426 1950 21101
80426 3250 81496
80440 3350 27433
80449 4760 37784
80505 1670 57881
80550 1670 52997
80560 1670 62337
80606 3350 20790
80636 1670 48095
80638 1670 1089
80682 3350 6324
80706 1670 68500
80763 730 95082
80779 1670 62939
80790 3350 7056
80805 1670 19475
80823 1670 34267
80853 1120 12671
80861 3350 90439
80885 1670 12361
80914 3350 2030
80926 1670 76431
80959 3350 43038
81061 180 83435
81087 3540 40585
81093 3350 65988
81104 3350 74358
81141 3350 79157
81169 2740 39944
81183 920 61578
81282 3350 3440
81323 4970 62994
81329 1670 64363
81351 3130 51511
81384 3350 90766
81412 1670 26591
81505 3350 73353
81568 3350 82537
81581 230 79410
81607 3350 4464
81628 1670 71997
81670 3350 79261
81673 3350 84636
81683 530 30141
81715 3350 96108
81761 1670 47352
81793 3350 27441
81834 3350 31547
81839 1670 41557
81889 990 15461
81895 3590 96497
81921 3490 24882
81934 3350 75372
81945 3350 5187
81977 130 68586
82003 4160 78598
82026 1670 53151
82054 1670 33636
82060 3350 42677
82088 1670 57231
82094 4620 91763
82110 1670 79509
82137 1670 96612
82170 2110 42854
82178 1670 72645
82217 1670 15181
82238 2690 86868
82281 1670 60785
82282 3350 55418
82304 3350 16060
82340 1670 6563
82360 1670 3227
82379 2950 29843
82418 3350 22307
82426 1800 1028
82501 1670 70329
82531 1670 17684
82556 1820 43254
82558 1670 87710
82572 3350 60083
82579 1670 94632
82605 3350 68783
82632 1670 34311
82643 3350 20881
82664 3350 6169
82711 2740 25212
82749 3350 16134
82783 270 72603
82797 3350 4424
82802 4540 63839
82803 1670 57728
82827 3350 14286
82879 4310 49429
82909 3350 31147
82911 1670 43538
82939 1790 13038
82984 4400 92558
83000 380 37586
83009 3350 74662
83011 3350 70838
83016 1670 68393
83058 1670 27121
83114 1670 23512
83120 3350 46998
83137 1670 8100
83161 360 61969
83184 1210 48737
83210 3350 74064
83212 1670 25260
83218 3350 93946
83239 3350 14410
83287 3350 96311
83358 3350 76196
83368 3350 96401
83373 1670 59774
83395 1670 88945
83438 3350 52821
83510 4890 84327
83537 3350 76758
83571 3350 31918
83596 1670 63733
83601 3350 34183
83619 1670 78095
83681 1670 21296
83721 1670 91999
83768 1670 4849
83847 1670 63289
83850 1670 7398
83862 3350 75916
83880 3350 26630
83967 3050 78731
84010 1670 54601
84067 1670 39934
84069 3350 3315
84128 3350 93878
84143 1670 3803
84147 3350 25561
84154 3350 98489
84186 1670 25088
84246 3350 14036
84255 1670 71420
84263 1370 40004
84264 2200 50466
84371 160 84058
84379 1670 4320
84424 2270 91872
84441 3350 89904
84454 1670 9952
84499 1670 2262
84527 3350 77168
84570 3350 79694
84576 1530 68132
84587 3350 61072
84603 750 45847
84606 3350 23239
84627 4200 90822
84632 3350 15459
84670 1670 95023
84702 4290 21606
84716 3350 38364
84757 1670 69449
84797 2700 94119
84816 1670 28605
84958 2050 18949
84983 1670 44908
85001 1670 79734
85010 3350 23846
85132 3350 12442
85165 3350 60284
85172 1670 83654
85222 3350 83853
85225 1670 46417
85306 1400 67381
85364 3350 50863
85426 3350 60598
85432 150 13044
85435 3350 67929
85436 200 51853
85448 1240 45873
85474 3350 6708
85560 1670 9494
85603 3350 98737
85609 1670 33868
85702 1670 8709
85704 3350 27267
85724 3350 39807
85734 1670 67501
85768 3350 63533
85773 3350 85767
85805 1670 78276
85896 1670 38079
85914 1670 37936
85947 1670 68958
85949 1670 1568
85974 3350 62981
85989 3350 3970
85990 980 9492
86013 3350 64634
86034 1670 65419
86049 1670 45687
86088 4830 76070
86135 3350 17799
86168 2860 41046
86171 1670 57821
86213 4770 29944
86230 3350 3494
86242 1670 83404
86253 2520 20706
86254 2710 94558
86409 1670 78371
86414 3350 32883
86454 4390 55855
86606 4190 98260
86616 3590 60135
86652 1670 12651
86653 3350 8430
86666 4650 94130
86695 1670 45450
86700 1670 57883
86754 3350 68126
86767 3350 58400
86781 3350 53633
86787 3350 11755
86804 1970 6114
86817 1670 69225
86852 260 59700
86928 2180 55261
86930 3830 60119
86968 3180 73897
86997 1420 58310
87024 1670 13735
87026 3350 61282
87044 2560 36123
87088 1670 61191
87184 1670 94998
87220 3350 97190
87250 1670 48716
87324 1670 53175
87364 3350 14832
87458 4800 45809
87492 1670 96049
87497 1670 85552
87507 1670 52571
87536 1670 43718
87590 3350 9905
87597 2480 30995
87612 140 60022
87638 3080 50925
87690 1670 15298
87693 3350 49897
87696 1670 81501
87725 1670 79169
87794 1590 49298
87804 3350 16242
87880 1670 5413
87907 1280 87043
87911 1670 68360
87957 3350 46715
88023 340 43801
88038 3350 39230
88043 3350 22876
88108 4340 11937
88192 3100 98301
88209 3980 12087
88222 3350 915
88275 1670 29041
88347 2300 24271
88394 1670 96200
88407 1670 45055
88413 3350 38453
88470 3350 62862
88574 1670 42711
88587 3350 90343
88593 3350 94718
88653 510 71281
88663 1670 60660
88679 1670 72362
88687 1670 9927
88803 4170 45451
88828 4500 31022
88855 3350 1786
88886 3350 65916
88895 2380 32454
88900 1580 20115
88910 2250 20391
88945 1670 25015
88956 1670 35454
88993 880 81134
88999 1470 70426
89034 1670 44101
89082 1940 90445
89141 5010 60240
89158 3350 9007
89218 3350 30248
89228 1670 30813
89286 1670 22481
89319 3350 59199
89325 1670 54120
89348 3350 30033
89387 1670 66641
89397 1670 76486
89439 4510 88923
89468 2290 49438
89504 3350 49733
89513 3730 18306
89562 1670 46453
89584 3350 43731
89599 860 19908
89609 1410 63747
89644 3350 72467
89701 3260 24560
89711 1670 9279
89790 1960 98362
89810 3050 35274
89835 3530 3210
89838 1670 15520
89885 4240 27541
89890 1670 62060
89914 3350 62602
89930 940 32594
89932 460 44600
89962 3350 79004
89972 1670 3267
89981 1670 56697
90009 3670 21152
90047 3350 39582
90050 1670 24386
90055 3350 52547
90119 4370 52537
90161 1040 67149
90268 3350 66690
90308 3350 69139
90319 4790 51638
90320 3350 41046
90322 1670 49228
90324 1670 38093
90349 1730 33195
90356 3350 87793
90421 3350 74478
90437 3350 36045
90448 1540 60391
90467 3350 48753
90469 1670 11137
90481 1670 75400
90508 1670 56616
90586 3350 2158
90600 1670 93474
90609 3350 98606
90644 1670 72617
90724 3350 39644
90784 3350 22459
90829 3350 27013
90857 3350 32015
90862 1670 49092
90868 1670 58772
90871 3350 34316
90872 60 5531
90908 1960 4929
90917 1670 42312
90925 430 1593
91005 480 42323
91005 1670 54193
91024 70 79725
91205 1670 86030
91256 1670 6842
91284 3350 50551
91308 1670 93847
91309 3350 14495
91313 440 32701
91335 1670 38011
91366 1610 1626
91377 320 67733
91388 1670 4826
91401 2510 40133
91419 2730 53990
91483 1670 95386
91502 2360 54476
91529 1670 51609
91532 1670 52305
91539 1570 5050
91569 1110 17431
91592 1670 55098
91609 1670 91673
91613 770 71491
91746 10 89990
91757 3220 68288
91780 1720 23121
91806 3350 78174
91861 3350 55687
91875 1480 92807
91894 3350 54918
91903 3350 71886
91965 1670 74674
91969 3730 62567
91987 1670 95828
91992 1670 36535
92088 3350 21339
92097 3350 2216
92170 3350 52054
92190 1670 89202
92221 3350 64165
92294 3350 43501
92359 2810 15172
92403 540 20847
92538 1670 11913
92623 3350 4527
92647 2170 46938
92657 3350 61730
92658 1670 70410
92684 2950 21604
92759 3350 77370
92772 3350 69094
92787 1670 37142
92803 1670 11656
92820 3350 84955
92925 540 772
92972 3350 32825
93053 3010 47730
93115 1670 88718
93141 3350 4101
93170 1670 9000
93181 1670 91262
93198 1670 21374
93200 3350 65166
93217 1230 73122
93224 3350 64560
93226 3350 16052
93237 1670 61658
93282 3350 46168
93291 1670 31455
93312 1670 43999
93317 3350 43957
93321 3350 34123
93374 1670 6631
93387 910 21068
93429 3350 28449
93468 1670 44729
93627 3350 32550
93698 3350 44648
93730 3350 67889
93758 3350 43754
93797 1670 39721
93842 3350 86659
93860 3350 69516
93913 1670 41312
94000 1670 14933
94060 1670 28307
94076 3350 69674
94077 3350 26688
94111 1670 48340
94126 1670 97000
94206 3350 86110
94228 1670 39300
94337 1640 88397
94350 1670 80333
94389 3350 81555
94455 2000 36473
94465 1670 12945
94468 1670 86437
94470 380 17414
94536 1670 22631
94580 1670 70308
94580 3350 78417
94646 1670 75821
94673 1670 48358
94707 1670 89150
94718 3350 2122
94727 720 95481
94786 1670 89845
94800 1670 32043
94812 2170 94849
94866 4740 55752
94917 1670 31491
94948 1670 94261
94963 1670 40889
95072 3350 67492
95113 3350 91055
95147 3350 40944
95163 3350 50255
95169 1670 54487
95202 1670 6051
95427 3350 98694
95444 3350 2827
95450 3350 46561
95499 1670 137
95522 4580 51854
95578 1670 74495
95646 3350 60554
95683 3350 70020
95729 1670 6297
95757 3350 37961
95766 4090 60311
95778 3350 46836
95786 3350 24441
95822 1670 81261
95846 3690 58578
95859 3350 2526
95891 1670 25566
95896 3350 32452
95905 2690 6455
95978 2190 85503
96056 1670 17300
96098 1670 30254
96104 3350 87963
96122 1670 91088
96147 3260 59172
96160 1670 22597
96178 3350 79627
96234 1670 15382
96253 3350 32427
96268 1670 72188
96283 1670 52944
96363 4960 30898
96383 3350 19903
96404 1670 54535
96461 2720 11373
96465 1670 99944
96485 2910 76042
96516 1670 19690
96519 3350 2361
96526 3350 13412
96550 4000 18764
96552 3350 35839
96602 1670 18091
96625 4690 5885
96628 4590 75946
96680 3320 43222
96736 1670 11452
96737 3350 29312
96746 2500 88871
96771 3350 88975
96788 1670 85870
96848 3350 30276
96977 1670 75662
97064 3350 24905
97093 3350 19358
97169 1670 27784
97180 1670 73364
97271 3040 62462
97335 3350 23915
97349 1670 81454
97372 2190 42268
97400 4500 75389
97404 1350 33672
97412 3350 73056
97424 2450 95323
97479 2320 69717
97496 3350 81443
97498 1670 97904
97498 3350 20656
97507 2110 97556
97529 3350 73789
97532 80 41953
97547 1670 85526
97616 4260 7406
97621 3350 39535
97655 1670 92752
97728 1670 41918
97774 3350 72723
97806 3350 25743
97813 1370 20838
97818 1670 59299
97885 1670 46441
97910 1670 78688
98084 1670 60632
98092 1750 40919
98159 3350 16017
98228 140 20514
98230 1670 69128
98240 1670 59702
98346 1670 94509
98406 3350 77817
98424 1670 35062
98439 4790 92855
98441 4460 20770
98456 3350 67201
98460 1670 35998
98479 3350 72473
98485 3120 33203
98514 1670 72074
98524 3350 87377
98582 1670 43183
98600 2930 80331
98627 3350 10061
98638 1670 53828
98648 1670 28727
98650 3350 90
98675 4970 7857
98716 3760 52331
98720 3350 34753
98751 490 90455
98759 3350 6031
98778 1670 21598
98874 1670 12088
98916 3350 41373
98922 80 60937
98963 2990 70356
98971 3720 55428
98983 4610 82636
99041 1670 654
99050 2750 41103
99056 4400 49217
99096 1670 72816
99150 3350 2174
99207 1670 32257
99220 3350 98793
99291 3350 45760
99296 1670 9902
99313 3350 14313
99325 3340 65408
99369 3920 91658
99428 3350 6345
99449 890 7521
99491 4930 31936
99525 1670 839
99552 1670 89435
99616 3350 56812
99664 1670 79249
99665 3350 22430
99673 1670 43032
99717 4920 4674
99749 1670 15789
99755 3100 73493
99787 1670 24017
99796 1670 5874
99862 3350 32418
99876 1670 51999
99907 3350 96559
99910 2630 98330
99914 3350 11516
