3000 10000 38445 68861
43 1260 62248
77 1260 89851
113 1260 87751
150 3780 68721
153 1710 87631
170 830 7891
199 3780 63546
202 2520 34252
256 1260 17913
264 2520 65798
296 3050 68561
297 2520 4851
385 1260 93143
395 3780 27143
449 3780 84253
451 3780 20131
504 2190 47171
536 2520 99026
542 3780 47088
548 1700 68341
589 4850 80016
614 3780 1437
618 3780 47669
662 3780 14108
746 2520 93354
758 1960 21021
782 3780 58670
879 3780 8752
884 1260 17447
994 3780 40974
1006 2670 70259
1048 1260 52602
1064 2520 6028
1071 1260 17143
1090 1260 78488
1096 1260 61205
1101 3780 84472
1116 1260 60592
1130 1480 65967
1133 3780 67339
1294 3780 58780
1469 1260 80194
1522 2520 1073
1580 4670 49243
1600 3780 43588
1609 1260 11309
1646 2520 26295
1653 3780 25377
1677 2520 10013
1688 2080 19026
1702 3780 22371
1719 4270 20654
1737 2520 45304
1813 2520 45515
1863 3780 36819
1890 2780 53740
1929 1370 18878
1933 900 73109
1970 3010 35515
2106 2520 11971
2107 1670 95819
2121 1260 19702
2128 1260 26685
2129 1820 50942
2217 80 41628
2233 2520 41892
2234 1260 20852
2272 3780 93620
2313 2520 53260
2322 3610 87677
2347 3780 9437
2364 2520 48392
2372 3780 58697
2448 1260 63655
2452 1310 3511
2454 1260 58840
2459 1260 39267
2482 1260 2904
2499 1140 95053
2516 3780 86171
2564 3780 60934
2570 3780 52856
2630 2810 34776
2686 2520 93363
2702 780 63824
2802 3780 81920
2874 3780 57368
2926 1080 81042
2958 3780 41207
2959 1220 742
2986 2520 76073
2998 2520 12262
3003 2800 95297
3057 2520 53499
3075 1260 30775
3097 3780 3220
3104 4760 8312
3167 4910 40684
3170 1260 78490
3305 3780 28804
3327 1260 78626
3359 3780 73029
3394 3780 34389
3403 630 13839
3418 1260 58511
3477 3780 71779
3610 1260 22209
3611 2520 39553
3638 2010 11862
3674 3780 83414
3720 4820 81556
3742 2520 62351
3840 1260 7463
3969 1260 95049
4002 1260 46967
4067 3260 30411
4071 3780 78098
4110 1260 83170
4165 2520 36228
4174 1260 50167
4281 1260 72607
4292 2520 56885
4310 1260 67488
4357 1260 73683
4503 1260 24485
4505 3780 40570
4546 2520 99217
4569 1260 46654
4574 3780 60417
4617 1260 47520
4643 3220 99213
4671 3780 15045
4701 2200 32240
4774 3780 13704
4777 4570 53072
4790 3780 38754
4799 3780 40911
4802 2650 51930
4850 2520 52136
4860 3780 73862
4863 3780 47517
4887 3780 32867
4930 2520 96726
4946 2520 24004
5036 2520 62674
5103 1260 93583
5142 1260 30843
5174 3780 65422
5199 1260 35997
5342 3780 7288
5347 580 18482
5354 1640 65037
5374 3110 15783
5376 2520 4138
5379 2520 92113
5480 1260 46727
5484 2520 82235
5563 2520 76459
5651 2520 92417
5653 1260 73433
5669 3800 25390
5702 3780 33403
5730 3850 45343
5739 3780 78429
5743 1670 76971
5750 1260 25305
5779 1260 70245
5882 3000 26645
5890 3290 47628
5900 460 81819
5962 1570 32652
6112 4610 368
6132 680 38990
6133 1260 58988
6186 4100 79929
6189 1310 86966
6277 2520 1758
6287 1260 67315
6337 2520 44352
6360 2520 43700
6398 2520 89856
6447 3780 67813
6487 2520 65546
6508 1540 32499
6536 2520 14229
6602 3130 25932
6640 2520 74764
6697 2520 94025
6731 1260 46884
6735 2520 34377
6762 1260 5047
6782 1260 75542
6795 1260 41687
6811 3780 32524
6862 2520 50043
6869 1260 88433
6873 3780 85127
6889 2520 97839
6899 3630 35760
6923 3620 87932
6968 120 56019
7008 3130 31527
7040 3780 45881
7089 2520 50317
7127 3780 6641
7136 160 27936
7138 2520 31792
7165 2520 49742
7178 3780 13431
7197 2520 95793
7350 3780 91029
7384 3820 21756
7386 2520 67654
7521 1660 92936
7538 4040 93186
7592 1260 67096
7689 1930 39319
7706 1260 56968
7724 840 61203
7749 800 32052
7753 2530 96254
7817 2520 39862
7971 2370 92886
7972 2520 84771
7990 2520 51098
7992 1260 66978
8050 3780 70244
8054 3780 12947
8075 4990 59536
8080 1260 42471
8112 2520 63079
8149 2710 99535
8158 3780 95194
8170 1260 43798
8190 3780 73805
8295 1260 43461
8319 1260 34103
8372 2520 71016
8487 3780 30464
8544 2520 12889
8585 1260 68137
8602 3780 41306
8606 2520 70686
8636 2810 64416
8640 3780 44975
8641 3080 36442
8646 2520 87166
8647 2520 22949
8652 1260 43093
8681 3870 48201
8744 2520 76582
8756 430 50981
8766 3140 40608
8940 1260 11904
8949 3780 94496
8959 4420 14855
8976 2520 23310
9023 4010 23145
9052 1260 90849
9097 2520 49488
9107 1260 81740
9158 3780 54249
9220 5000 16086
9292 2520 43597
9512 3860 68053
9604 1260 23414
9634 2520 34563
9635 1970 44630
9680 4470 31582
9737 2520 38085
9771 2520 61734
9777 3780 11738
9814 3780 43332
9841 1260 41676
9855 2520 99731
9879 3780 75173
9887 3780 91289
9899 2520 51471
9950 2520 88909
9963 3480 23035
10026 2180 48001
10033 1380 60217
10066 3780 48782
10087 1260 4150
10110 1360 61550
10144 1550 95294
10173 2740 5619
10224 3780 26183
10271 4210 49859
10276 4650 53654
10297 1260 37452
10319 2520 8733
10335 2520 11759
10343 3970 23314
10361 2490 63554
10381 2520 88092
10410 3780 75896
10455 2520 8254
10487 2520 14159
10506 4530 32761
10563 160 13749
10577 4120 42050
10643 2520 19234
10670 3780 30694
10681 1260 8935
10683 2520 79390
10739 1870 46765
10743 1260 865
10752 2520 32100
10799 1260 1468
10813 2280 17306
10843 3780 76699
10865 2520 40013
10958 3010 14355
10976 3550 40042
11041 4890 24836
11128 2520 91214
11248 1260 96696
11266 4400 94128
11309 2520 55281
11324 1450 35592
11352 2520 84194
11360 430 60632
11369 3780 95663
11406 1260 59234
11425 2000 87547
11539 1260 71354
11554 3720 3304
11577 550 51411
11614 2520 34185
11711 2520 27025
11725 3780 1358
11727 3950 79424
11770 1260 63917
11796 1160 99503
11803 1260 84098
11811 4600 89079
11826 2520 64884
11862 1250 62655
11901 2560 40140
11914 2520 15612
11955 3050 98981
12128 3780 56444
12162 1260 10377
12173 620 4508
12184 3780 99025
12250 2520 84019
12270 1260 5895
12285 2070 64720
12438 3780 87179
12457 2520 7192
12496 1260 43081
12529 2520 48010
12548 3780 28608
12704 1260 46443
12714 1260 85822
12720 1260 32019
12744 3780 72608
12842 3730 44120
12855 3780 3546
12888 3780 71210
13023 3780 70394
13147 930 11554
13159 2630 78300
13171 3600 98350
13175 1980 70571
13182 1260 83400
13228 1260 61374
13262 1260 93366
13265 4160 36625
13288 1260 72556
13296 2520 15885
13368 1260 13294
13432 2520 31731
13438 1260 34802
13510 2520 65096
13544 260 51461
13569 2210 96049
13577 50 29492
13757 2520 1134
13758 1510 80971
13769 3780 44954
13776 2520 76380
13840 560 16303
13870 240 95652
13875 1260 41939
13888 3280 71668
13966 3780 86618
14007 3730 53854
14022 2520 33785
14107 1260 78658
14171 3780 55394
14180 2520 12094
14206 3780 43328
14353 3780 69863
14363 2170 73775
14383 2520 74904
14439 1490 47399
14445 1260 72971
14467 3780 90919
14482 1400 54504
14545 3780 90704
14606 4340 54900
14718 2520 60344
14721 3440 92392
14801 3780 60892
14819 1260 72722
14885 2520 40614
14911 1260 74738
14928 1260 80897
14964 1260 78692
14991 3770 95754
15167 3690 80412
15184 4380 91636
15234 3780 18910
15310 1260 49447
15367 3780 7493
15406 1260 10508
15434 1020 92508
15471 2520 66611
15510 400 83198
15534 680 36424
15643 3780 15586
15719 390 16699
15731 1260 74267
15746 1280 74944
15750 3780 15087
15794 700 65783
15833 1260 99661
15906 2790 27603
15967 1260 56831
15977 3780 26223
15987 3780 40077
16023 2200 77222
16066 1260 42425
16067 3780 32067
16073 1260 90054
16083 4290 86993
16212 3780 76823
16226 2520 83813
16226 4280 76624
16237 3780 90970
16254 1260 38157
16293 3110 453
16306 1260 43508
16316 1260 10145
16331 1260 92003
16343 3960 97865
16394 230 90173
16400 3780 36743
16423 3780 43482
16442 2520 61823
16489 3780 12176
16506 2080 46982
16568 2530 85174
16603 3780 71683
16625 1260 2948
16633 1260 24086
16648 1260 32333
16656 4760 72227
16678 1260 74484
16751 2520 7080
16811 2520 56479
16845 2520 12492
16866 2520 53129
16878 2520 76941
16880 2930 10880
16959 1260 24640
17044 2110 28546
17118 1260 56537
17156 2520 56051
17187 3780 12778
17208 3590 40251
17283 4700 31361
17307 1260 59191
17342 2520 22646
17397 3740 16412
17406 2390 37622
17420 2490 24236
17495 1000 92608
17536 3780 21888
17566 2520 40733
17618 1680 24141
17630 2520 37509
17645 1260 83071
17677 3780 37248
17696 2520 64787
17840 2520 97017
17924 570 16608
17967 1260 8438
17984 2520 53080
18010 1160 85228
18011 3510 84558
18103 3980 87734
18194 1260 17316
18210 2520 57952
18221 2520 41321
18278 3780 533
18280 2260 58035
18302 3780 69735
18438 1260 17220
18474 3780 42003
18491 2520 92223
18500 1260 12057
18555 440 32070
18567 3780 5502
18575 2520 52178
18583 3580 9278
18598 2070 66062
18671 1260 60506
18671 3780 87534
18672 1260 68129
18709 450 36458
18769 1260 67147
18780 2520 32376
18795 3220 4430
18819 3780 10774
18823 1260 60839
18944 1260 78796
18994 3780 46885
18997 3780 31426
19017 1810 92980
19062 1400 93117
19070 790 81066
19076 3780 44038
19128 3780 81984
19158 1260 79605
19158 3780 91388
19177 1260 81935
19214 2090 75286
19218 1260 82408
19229 1260 66801
19248 2520 57202
19255 2520 74415
19295 3230 37488
19302 2520 73622
19314 2520 64719
19344 2520 37433
19377 3750 84515
19415 3780 95782
19432 2520 62360
19451 2520 98092
19476 2520 1474
19521 4610 89223
19688 2520 52511
19719 3780 46273
19833 2520 47554
19868 1000 4554
19886 1260 51964
19913 1260 63936
19935 300 34344
19957 3780 41438
19996 2520 80732
20022 1700 20745
20101 1260 38243
20163 4190 13552
20166 1260 52298
20327 2940 13268
20372 870 21930
20382 4640 52110
20441 3780 605
20508 1260 2404
20527 2520 59761
20529 2520 65090
20546 2520 74647
20563 3780 43768
20677 1260 43435
20688 1760 33689
20725 2100 9013
20817 1260 21129
20898 2520 36934
20910 2520 24693
21001 2520 16042
21096 3780 26400
21106 2520 78034
21251 1260 1862
21430 3780 17459
21489 3780 86823
21525 1260 6967
21563 2520 55607
21587 3000 5084
21634 1300 32442
21649 2720 99761
21683 1260 32689
21756 2520 90953
21819 3780 50986
21856 1260 58892
21867 2520 60816
21926 4300 75061
21946 3780 58127
21948 1260 27603
21988 4590 32441
21993 3450 88651
22019 3780 96688
22026 3780 96611
22033 2520 95127
22037 2460 91098
22048 1420 4815
22056 1260 44734
22057 3780 53295
22166 3780 11553
22204 90 57960
22247 1260 40847
22258 3810 92091
22264 1260 2441
22320 1830 59254
22357 280 88377
22451 2520 28329
22485 2520 15051
22560 2520 43296
22583 1260 67971
22618 1260 84564
22633 1260 45930
22644 3780 57239
22654 3770 79699
22780 2160 11632
22788 1260 97417
22805 1150 95342
22810 2520 43108
22911 2520 7472
22927 3780 43963
22929 2520 24737
22983 360 49376
23021 270 87211
23097 4570 94005
23169 2520 44788
23175 1260 74199
23179 3780 81423
23186 4490 62804
23195 1260 8873
23222 4540 91173
23229 1260 79091
23264 1260 24479
23274 3780 89700
23321 2520 76085
23354 2910 302
23387 1260 35264
23401 2520 64750
23425 3780 14960
23432 3990 75898
23501 3680 59410
23568 2520 37500
23583 2520 5996
23584 3780 81
23620 3780 97998
23667 3780 58248
23681 1260 94899
23742 310 96899
23804 1260 6341
23814 3090 64152
23858 3780 94077
23863 2520 40791
23903 3420 95922
23971 2520 23339
24000 3780 83739
24013 990 93966
24022 1260 4497
24046 2520 62482
24072 1260 25828
24086 1260 62387
24117 2520 70898
24120 1260 43484
24153 1950 71719
24173 4360 42442
24205 3780 56451
24215 1260 96166
24240 3780 37674
24257 1260 69464
24269 1260 63344
24329 3780 86310
24333 3030 53905
24339 3780 82089
24394 4480 42932
24409 4830 35687
24416 2520 23927
24466 3090 97593
24470 1260 51241
24495 1260 14518
24502 1260 11554
24584 2520 54676
24626 1260 72766
24635 3630 62548
24688 1960 32328
24695 3780 39100
24727 100 40152
24920 3780 5706
24974 2630 12637
24974 3780 72307
24989 3780 39386
24991 5000 21396
25016 3780 11994
25060 1260 70892
25060 4900 19040
25064 1260 38992
25116 1260 24409
25153 930 93915
25215 1080 34886
25219 1260 79874
25295 1260 83847
25350 2520 84262
25388 4410 46689
25496 4230 64891
25576 2520 53616
25592 3780 56091
25603 740 54260
25663 1260 85081
25665 3780 47286
25672 2520 16153
25675 1260 4400
25678 1260 82643
25707 3760 99838
25739 450 51259
25758 140 5076
25798 3840 83110
25812 2790 70291
25899 1130 20271
25942 1260 69789
26026 2520 54967
26034 3780 43832
26039 710 39430
26041 2520 4754
26066 190 30993
26101 480 43485
26106 2750 94838
26111 2520 89293
26135 2520 5966
26177 3180 11095
26215 1260 67987
26224 2520 73224
26287 2520 19419
26291 2520 723
26348 2520 83437
26411 3780 56903
26416 2520 88413
26488 1260 36345
26513 3780 43655
26593 2520 89552
26710 2520 59406
26752 2520 27697
26754 2520 55234
26762 3320 21057
26788 1260 74641
26818 3780 81123
26859 1260 55095
26910 1260 64921
26923 4710 54800
26937 4240 26400
26945 3780 78385
26954 2000 89987
26993 4310 31304
27013 1650 14192
27037 3780 42708
27050 4860 91664
27176 2520 30253
27209 2520 76434
27230 3780 44179
27235 1260 97929
27279 1260 66464
27294 2520 39545
27321 2450 87034
27388 2520 75989
27510 3780 24885
27567 1260 75528
27585 2520 34533
27628 3780 46859
27678 1260 37068
27747 3170 14434
27747 3780 68840
27768 3170 49638
27778 3310 90093
27792 3780 62014
27816 3780 45312
27833 1260 87322
27851 3780 66655
27864 4550 80236
27911 3390 75235
27943 2520 93276
27968 3950 52035
27970 2520 58971
27984 3780 20610
27997 3780 43248
28010 2520 43506
28014 3540 48484
28017 1260 92176
28024 3780 54570
28062 3910 44752
28085 110 85860
28088 3780 77325
28115 1810 86541
28165 2520 84905
28234 3780 13853
28288 1530 63459
28304 1260 29695
28316 2520 7300
28331 3780 94494
28386 4060 61982
28421 1260 71067
28423 3420 44322
28428 1260 84141
28467 1260 13705
28471 2520 24445
28529 2860 83528
28533 2150 35266
28567 1260 16255
28574 4200 47082
28575 2520 81505
28576 1260 94968
28696 3780 89218
28702 2520 49195
28726 1260 90481
28749 2520 83466
28763 1260 40188
28774 2520 20369
28831 3780 96271
28835 3780 95781
28852 3780 4880
28890 1260 17094
28945 3200 21607
28983 3780 6721
29086 2520 24467
29101 3780 17018
29157 2480 27184
29487 1260 27754
29550 1260 93212
29560 90 72154
29698 2520 31830
29714 1260 61381
29773 2900 85339
29836 1060 8752
29848 2520 75706
29878 2520 92130
29886 1260 12303
29893 150 45484
29968 490 38661
29968 2520 93778
30110 3780 95373
30127 1260 18497
30133 1260 63840
30133 2520 98329
30177 3780 36534
30255 2250 80579
30265 2370 86360
30276 3780 55992
30281 2520 93220
30289 4390 23361
30368 3780 30319
30414 1260 55209
30485 1260 67262
30496 3780 1289
30521 2520 20535
30530 4630 71766
30535 1590 17445
30540 3780 74739
30586 3780 22072
30602 2540 77332
30617 1260 53891
30629 2520 49595
30775 3780 53585
30798 2520 73978
30839 3780 44849
30878 3780 79594
30901 2270 47461
30944 1260 6665
31004 2680 37036
31010 1260 36136
31011 1260 79456
31022 2520 97091
31102 2890 17588
31112 1260 54119
31150 1260 43215
31154 2520 11839
31264 1260 68337
31322 3780 87615
31431 2520 31875
31488 2520 94099
31491 2520 3488
31520 2520 70922
31599 3780 8675
31654 3780 23269
31683 2520 86113
31687 3780 69758
31690 2160 85386
31738 2240 73489
31775 830 77132
31794 1260 93802
31863 1260 97465
31871 670 16000
31962 3780 9856
32001 1260 73496
32008 3780 75611
32018 1970 80619
32066 1260 76340
32078 1260 43094
32114 4240 65027
32128 1260 67361
32151 1260 5552
32153 1260 84029
32214 4960 21363
32220 1260 97788
32238 1260 14218
32240 1260 40444
32282 910 48858
32342 180 52814
32392 1050 49141
32439 3780 866
32467 1260 64041
32508 1260 49939
32530 3780 28814
32541 3780 53565
32560 3780 66200
32583 1890 14118
32598 1260 39117
32598 2520 3917
32620 1260 52070
32649 3780 64369
32652 2520 71487
32672 590 12095
32701 2520 20360
32856 2520 83448
32889 2520 65813
32902 2620 25615
32917 1260 1234
32933 1260 35534
32958 3710 64513
32971 3360 59360
32989 2520 76480
33007 3780 41398
33009 2970 78356
33148 2520 84492
33209 1390 98168
33227 2520 90729
33259 60 16682
33281 1910 58444
33289 3780 68851
33437 1260 20372
33448 3780 21178
33468 2780 16516
33488 3780 35679
33515 2520 77278
33528 1260 30438
33577 3780 45537
33581 1260 23047
33605 3780 62664
33670 1260 51114
33675 1260 92089
33693 1260 66830
33815 1260 66130
33839 3780 56334
33843 3160 53891
33882 2520 57670
33892 3780 12940
33929 2520 26211
33949 1260 82313
33982 1260 15233
34017 1260 22405
34084 2520 78316
34111 2520 78557
34123 1230 6673
34168 1260 48153
34220 3780 47427
34226 1490 34214
34229 3780 83831
34234 640 62438
34354 2520 42781
34394 420 16159
34422 2520 12482
34496 1260 75425
34499 3780 10693
34501 2520 81253
34538 2410 39486
34561 750 89610
34654 2520 50269
34680 2520 34549
34682 3780 68372
34694 1260 62064
34699 1580 98743
34725 3780 8021
34762 3780 33791
34848 3780 62430
34864 1260 63837
34881 1260 42409
34921 3780 86651
34928 170 93617
34930 4380 75641
34945 4770 94589
34952 3780 47798
34959 3970 55137
34979 3780 76597
35090 2520 44079
35102 4000 45875
35146 2520 94726
35170 2520 86922
35209 1260 42471
35216 2520 32344
35236 1260 73654
35245 2520 53888
35257 1260 39724
35289 3340 23820
35323 1260 1235
35352 2740 65819
35364 1260 99780
35409 3780 66648
35446 1260 48884
35476 3780 60151
35516 4900 31740
35563 2520 24549
35569 1260 41103
35611 4560 67545
35618 3780 19145
35621 1260 34329
35638 3780 82943
35640 2520 29696
35646 890 98509
35689 250 6782
35694 3780 27998
35707 1940 72529
35709 3780 65139
35714 1260 81204
35740 1260 90227
35741 4300 31408
35832 610 20026
35850 1260 55610
35947 3780 6894
35976 1260 41320
35976 2520 31893
36042 3780 16016
36058 3380 96753
36126 3780 93036
36213 1260 69856
36297 4980 74485
36319 2520 17449
36325 3780 3618
36330 3780 84820
36417 2520 65682
36431 2520 55742
36434 1260 22513
36490 3520 41068
36522 2520 48579
36531 3430 39709
36653 2520 41652
36670 2520 73206
36673 2520 75563
36756 3930 9469
36763 2520 98869
36809 4970 70917
36931 4700 35354
36941 4860 69556
36957 2420 60799
37022 2700 95458
37048 1470 18022
37057 3780 22924
37095 350 98605
37100 2520 51471
37131 3780 99982
37140 1260 35714
37168 4740 93766
37183 2520 25422
37209 2520 72572
37247 1260 48067
37265 2520 29096
37276 4020 75269
37294 3250 35073
37306 1260 2589
37384 2520 27616
37428 2520 52365
37438 1140 77479
37468 2520 49661
37484 3780 9424
37512 4630 52965
37522 1260 39906
37530 1260 16995
37584 1260 12788
37598 2950 92525
37648 2520 92155
37736 1260 12437
37796 1260 95088
37827 2520 96348
37845 3210 18468
37863 1260 58990
37875 1260 29800
37879 3780 51540
37880 1260 22318
37885 2520 63085
37903 1260 4347
37970 2520 87078
37972 1210 30713
37973 630 98243
37980 2210 63449
38020 2520 83731
38058 1260 35695
38088 1260 41419
38187 3780 85036
38205 1260 60591
38233 460 13054
38312 340 40078
38326 1260 11341
38332 3780 32035
38348 3780 45353
38398 2830 47805
38435 2520 39511
38490 1260 72010
38504 700 95599
38540 1260 49270
38633 1260 45160
38693 2520 62078
38704 1260 58678
38718 2550 49371
38720 4840 74047
38811 1260 10104
38819 2520 91442
38903 3780 67606
38916 3340 8440
38925 1350 82432
38935 4790 94677
38954 2520 21102
38962 3440 72249
38968 2520 91319
38976 2520 39114
39001 3780 6324
39004 2230 46475
39082 1010 54448
39114 3780 12627
39133 1260 63142
39133 2520 86495
39159 3780 87430
39182 3780 5182
39233 1750 10
39262 980 329
39305 2220 54115
39383 3780 14469
39462 3780 42367
39464 1260 86642
39478 3230 90062
39540 2520 25932
39541 3780 53684
39572 1260 10319
39664 1260 63092
39706 3780 55895
39707 3200 21966
39739 3780 92956
39846 2520 6136
39850 2310 50264
39871 1500 6794
39916 3780 96632
39998 2520 75937
40072 4310 16541
40081 850 65078
40126 2520 1351
40130 1260 9307
40218 1260 26949
40250 2590 77214
40280 3780 63486
40382 2520 60395
40405 3780 48529
40442 3780 39007
40460 1260 2151
40468 2520 78772
40480 2430 50861
40516 80 26189
40535 2520 91349
40563 4070 34819
40564 2980 45239
40589 2520 45038
40613 1260 7008
40660 3780 88612
40673 650 62604
40677 250 60418
40686 2600 26019
40700 3780 6756
40726 3560 14283
40728 3680 20207
40729 4030 59413
40733 870 17908
40749 1260 48693
40820 1260 50769
40840 3780 43882
40842 1260 58601
40905 3780 8009
40983 3780 87419
41001 3780 13893
41054 1680 50237
41061 310 97199
41075 3780 19182
41082 2420 84772
41108 3780 4780
41109 910 46090
41110 3780 41434
41161 1260 38239
41179 1260 73523
41220 3780 8578
41245 2520 13334
41266 1790 11515
41277 2520 25921
41341 3030 43836
41374 1650 64787
41390 3780 70272
41429 3520 56315
41541 340 93485
41615 3800 7860
41659 1460 15213
41698 3780 13128
41743 2050 82558
41756 3700 98431
41779 3780 71169
41802 2520 57929
41825 2520 67007
41950 3780 78956
41954 2390 96394
42047 730 39688
42064 2520 57862
42067 2520 28283
42081 1260 71739
42101 3490 6630
42103 2520 38343
42144 3780 64284
42173 1480 63973
42247 3780 33256
42298 3780 47382
42348 2520 97937
42463 3780 98844
42480 1050 51972
42536 1260 64736
42590 1260 39026
42610 1260 13206
42686 1260 96860
42686 2230 65816
42825 500 79986
42825 3780 32203
42858 1260 97270
42882 3780 10815
42883 3780 63383
42905 1260 69124
42924 1260 88235
42928 2520 73534
43003 4460 93915
43049 1040 36321
43095 2520 18749
43146 1260 83263
43170 2520 12543
43225 3780 94080
43284 2520 29863
43292 3780 42129
43293 3780 25879
43324 2520 88072
43343 1190 35878
43410 1260 61389
43458 3780 80980
43471 980 48622
43529 2520 8381
43548 3780 49864
43568 2440 50665
43589 2520 59945
43624 1840 67182
43694 1090 29440
43699 4140 89074
43801 1260 41294
43880 1260 35748
43882 3780 50362
43884 3780 11260
43905 2520 32773
43939 1930 78129
44038 3780 25492
44072 3780 44856
44090 4150 47253
44102 3780 10932
44118 3780 43628
44166 2520 93608
44167 1260 72815
44217 3780 79928
44246 1260 63041
44250 3780 40872
44263 3780 40448
44264 1260 90945
44312 1760 40384
44312 2520 68059
44376 1260 27954
44393 1690 32103
44403 3780 3989
44469 1260 11851
44487 2520 66529
44569 1260 83935
44622 3780 29271
44658 2520 22175
44697 4720 1124
44777 1260 72226
44850 2520 25432
44861 3780 52747
44886 2520 83729
44913 3780 72073
44945 2520 32652
45022 3780 9241
45025 2520 64001
45026 3780 84001
45042 420 9223
45047 170 38945
45058 3780 948
45090 2520 54083
45120 2520 9618
45135 500 68921
45151 1510 98301
45247 510 77156
45280 2520 90851
45325 1260 70996
45426 3780 48291
45477 1260 40517
45532 1260 2858
45570 1260 83751
45591 3750 45632
45621 1260 3807
45656 320 37384
45688 4360 31989
45704 1890 13082
45765 1260 1143
45821 1260 99252
45911 1260 88710
45937 2520 23422
45953 3780 43130
45979 2520 28274
46005 1260 16281
46049 40 53247
46160 1800 86224
46205 3780 11220
46225 4330 44277
46230 2520 84000
46239 1340 77565
46289 2850 36005
46302 2520 72408
46304 1260 46860
46322 3780 41217
46325 5010 17866
46403 3780 74983
46453 2520 48754
46476 1660 88204
46508 3780 66807
46562 1260 6091
46614 2520 74271
46631 1620 64942
46674 760 23876
46687 2520 60929
46710 1260 45681
46849 3780 60102
46851 2020 53348
46852 440 93267
46855 2520 50774
46858 2520 69340
46877 4060 98619
46895 1260 49217
46977 2520 8282
46979 3190 36818
46985 2970 37606
46995 4070 50496
46997 3780 47123
46999 2240 23172
47102 1260 77771
47116 1260 99446
47168 140 5486
47208 1260 73155
47274 3780 84994
47315 3780 81656
47322 3780 58685
47374 4450 98594
47412 4390 61522
47444 2520 61705
47448 3780 37672
47492 2820 69080
47537 4940 49074
47557 2520 94724
47561 2520 50930
47574 370 40927
47611 1260 2218
47628 1440 76529
47728 3780 36962
47747 1260 42942
47749 2520 24049
47766 1260 61088
47769 2520 90609
47804 1260 93999
47812 1260 62305
47816 2360 41471
47819 1260 30119
47847 3780 36212
47863 190 73762
47932 3530 97939
47966 2470 13450
47970 970 84615
47971 1260 19749
48082 2520 75549
48125 2520 41721
48147 2520 87379
48158 2520 13453
48160 2520 65658
48257 1390 87318
48292 3120 83801
48292 3780 84439
48341 3020 20002
48359 4540 78939
48385 4210 54300
48397 1260 22155
48446 4730 25938
48526 2520 94771
48526 3780 2951
48580 1260 78167
48615 4780 40446
48677 2520 48946
48800 2520 57102
48821 2520 81524
48825 3780 74147
48836 2520 38166
48865 1780 28535
48902 2520 90874
48925 2600 28569
48958 3780 44071
48975 1260 92012
48995 2520 20046
49029 3780 52193
49035 3940 72993
49039 1100 37097
49052 1260 24167
49053 2520 49456
49081 750 35746
49190 2520 15992
49199 3780 14370
49207 810 77837
49212 1260 32672
49224 3780 80180
49244 1260 63943
49276 3780 76527
49277 2520 81455
49314 2760 68883
49375 360 46865
49381 3780 8697
49423 1560 4098
49453 2520 90985
49469 1260 62411
49506 2520 77927
49529 1470 80479
49552 1600 79528
49572 2520 94181
49602 3260 62487
49628 1250 96528
49737 2520 62310
49787 1420 88206
49790 3780 84007
49793 1260 51796
49794 2520 25469
49816 1260 76225
49860 2520 93724
49861 4470 14839
49890 2520 62779
49927 2520 52260
49933 2520 84523
49960 3780 4754
49966 1260 18586
49971 2520 1638
49994 3640 44725
50026 3780 61502
50108 3830 53262
50283 2520 36716
50313 3470 61324
50313 3780 88175
50337 2520 36927
50338 1110 80880
50423 2350 79744
50485 3780 70535
50527 3780 31506
50540 2920 58275
50548 4520 36479
50550 3780 44909
50594 2060 63356
50611 3780 82626
50627 30 9526
50669 1260 54972
50702 1260 87249
50849 1260 55608
50851 1260 89556
50900 3780 60340
50911 3780 98445
50950 3780 5986
51004 1260 41716
51012 2290 20853
51067 4550 48782
51104 2520 862
51105 3780 91655
51106 1260 6718
51119 2520 68606
51176 1260 87730
51176 3760 58459
51218 3780 32078
51238 2520 35942
51250 2520 90781
51281 1260 60088
51297 1260 75590
51298 2830 9763
51314 2520 75707
51326 3670 91358
51399 4170 77561
51437 4710 4052
51531 1260 88591
51531 2520 55402
51581 3780 42253
51603 2140 2205
51604 2520 54559
51633 3780 90430
51646 3780 21709
51656 1260 26010
51662 2520 58444
51698 1260 90090
51722 3890 75485
51763 3780 34627
51808 1130 81873
51820 3780 31212
51881 3780 15093
51886 2440 10761
51933 1260 81295
52046 1990 20094
52064 3780 98242
52073 690 12514
52203 2330 84758
52234 3780 92213
52315 3780 63955
52361 2520 70324
52426 2770 43363
52460 3510 93664
52490 3570 185
52494 1270 54660
52507 3780 50835
52514 2520 34551
52613 1260 36874
52634 3780 90575
52662 3390 46683
52775 2520 58955
52794 2520 79675
52868 2650 16118
52879 2380 7282
52882 2280 50280
52887 1260 24537
52976 880 38681
52989 2520 92955
53016 2520 78526
53099 1260 82418
53116 2520 3382
53153 3780 78038
53155 1260 75405
53168 530 3111
53183 2520 19494
53208 2520 33227
53209 3780 1307
53226 4800 21324
53234 2220 26056
53255 1580 46502
53263 3780 65656
53280 2520 11366
53294 1260 48726
53301 940 52427
53306 2040 87657
53307 1260 85665
53326 1260 74823
53353 2510 37377
53367 2520 83689
53529 3780 58606
53565 2520 74179
53577 3650 64699
53589 3780 75212
53604 1260 14912
53626 1260 79631
53653 3780 24337
53686 410 13476
53722 3780 49521
53753 1260 388
53834 2520 90329
53840 3780 57242
53849 3780 1433
53853 1260 12150
53854 2520 85394
53890 1260 31480
53898 2520 16931
53922 3780 49388
53940 3910 83872
53951 3780 81100
54094 180 10381
54124 4130 39122
54125 1260 56527
54133 3020 83767
54151 1260 6957
54158 3840 62464
54277 2520 842
54332 2520 89571
54391 3780 86344
54431 3960 77974
54451 2520 52061
54458 2520 19032
54504 3780 96169
54516 1260 2502
54517 1260 36402
54556 1260 36521
54561 2520 31290
54576 3780 20662
54586 2640 73456
54592 1120 84213
54627 4580 5791
54734 3780 82334
54735 900 21266
54741 1260 43221
54802 2520 31634
54845 390 93138
54863 2680 49174
54906 1640 41988
54916 2520 23895
54940 3580 35312
54971 3780 37757
55084 2120 42908
55108 2520 58440
55116 2520 52816
55188 3780 76963
55224 1260 41636
55250 3780 56486
55271 2520 53741
55297 2520 85731
55326 2520 39321
55408 2990 78215
55411 4420 36970
55423 1820 63166
55445 4950 53316
55455 3660 12522
55476 4600 64277
55492 1260 65710
55520 2520 41406
55526 620 52177
55527 2520 1095
55573 860 27784
55636 2520 2294
55726 3780 83534
55759 3780 51826
55807 3780 98793
55909 3400 51334
55910 4020 96865
55930 530 70127
55983 3780 57348
56187 2520 35035
56237 4520 5578
56247 890 69367
56252 130 15581
56262 2520 58242
56283 3780 20627
56327 2520 65653
56414 3780 23247
56481 1920 19228
56483 3780 95537
56499 2520 97370
56512 3150 99371
56551 1260 32361
56628 3780 62936
56633 3780 72907
56707 1260 4821
56721 4810 8638
56757 3780 50392
56802 2920 79487
56822 2460 86125
56843 3150 43967
56845 1260 87500
56881 1260 22070
56909 2520 32602
56911 3780 56574
56968 2520 10479
56978 2760 89051
57005 2520 1589
57018 2520 91168
57031 2030 73834
57063 2520 37417
57087 2520 65237
57110 2520 51840
57114 1260 26956
57151 860 34576
57184 3780 71854
57192 2520 38989
57211 1260 70150
57236 4250 57194
57332 1260 70691
57343 3920 37478
57350 3780 30330
57359 2520 75006
57403 3780 76901
57430 970 37447
57438 1260 92792
57506 3780 14581
57562 3780 97737
57577 1260 65573
57610 1260 26718
57677 2520 58138
57772 1260 50397
57809 2690 54834
57819 1260 12327
57863 2520 19106
57892 2520 75210
57930 3070 62519
57948 1260 17749
57985 3780 22519
58067 3780 12321
58079 2520 77330
58083 3780 63696
58084 3780 34026
58156 600 89289
58198 2110 74558
58201 820 65617
58217 2520 50260
58222 3780 11865
58241 4010 59920
58261 1260 9730
58261 4990 73458
58281 40 61075
58288 2400 53182
58292 720 18830
58311 2520 53028
58331 4510 2153
58384 2520 72584
58454 2990 4283
58476 3780 61015
58479 2520 61601
58533 3780 17346
58565 5030 87202
58626 4490 54892
58707 1260 80672
58721 4920 69742
58759 760 55984
58773 3780 6959
58780 3780 42044
58796 3780 77808
58813 1260 58475
58869 2520 34486
58895 1260 41203
58913 770 64279
58949 3780 11249
58975 2520 87616
58992 2520 41735
59029 1330 58940
59050 2520 85755
59056 4850 64753
59064 2520 59147
59087 3780 38927
59126 4270 54221
59143 2520 47567
59156 3780 40067
59175 4230 96462
59216 2140 49325
59232 1260 39132
59266 1260 19474
59301 1260 64363
59328 3780 61601
59391 4500 31983
59416 3780 36335
59465 4120 68856
59506 2900 99710
59517 2520 79399
59522 2590 5173
59557 1260 26540
59584 3780 14121
59586 4880 50559
59597 1260 19181
59629 3780 83092
59669 2520 35621
59770 520 22914
59791 3780 41861
59927 2040 412
59929 1260 34958
59965 3250 70748
59975 3780 43294
60018 1260 21918
60055 3780 86547
60076 3780 19168
60123 1260 42104
60126 650 87047
60228 3780 71689
60249 290 79390
60296 3780 95374
60307 2520 5658
60363 2520 3300
60376 4330 98448
60413 1260 67592
60470 1260 70110
60512 2730 22021
60537 1260 15248
60540 2380 98860
60578 3780 45803
60581 280 41335
60621 1260 12437
60645 3780 69402
60672 2520 86005
60756 3780 34537
60766 3210 15934
60776 1260 32045
60782 3780 6360
60812 60 58343
60908 3780 98753
60960 1260 86493
60962 1260 56194
61029 1590 88182
61059 2050 6912
61132 2470 84401
61187 2520 59210
61190 3780 27844
61201 3780 54338
61340 1070 67807
61381 570 62702
61385 4750 83848
61394 670 81619
61397 1260 37112
61427 3780 2565
61461 3360 39250
61482 920 12049
61561 3780 65772
61596 3780 41884
61680 2520 92902
61690 2520 75697
61745 1260 91216
61804 2520 1293
61813 3780 8153
61848 2520 3288
61894 2500 36682
61901 1260 22083
61906 2520 20973
61961 470 54800
61965 1260 5762
62068 4140 24476
62296 3100 65948
62309 710 57237
62311 3330 49315
62351 1850 32369
62354 2550 89729
62357 1260 43586
62378 2520 40454
62378 3180 58755
62416 3780 9376
62422 2520 72831
62434 1210 73712
62459 1260 87006
62467 3780 93682
62493 3350 75637
62545 1260 65262
62552 1260 80748
62559 3780 98299
62593 1260 21982
62636 2520 10962
62677 2520 62007
62693 4660 52675
62808 3810 85175
62893 1260 35575
62898 2520 17345
62904 2520 23635
62922 220 37160
62967 2520 66264
62976 2520 66452
63006 2520 12717
63010 2520 79417
63064 2520 93666
63134 3560 56834
63137 3780 97904
63153 1560 27784
63269 2910 67366
63322 2520 71242
63323 3780 42412
63337 3780 76079
63391 2710 10046
63434 2010 5495
63463 3780 31250
63475 3410 73040
63479 3780 6294
63480 2520 35375
63523 3780 40691
63616 3780 91259
63651 3780 48436
63664 1260 22877
63689 3780 27756
63721 2520 84223
63724 3780 45263
63734 1260 15809
63789 2860 87999
63809 1030 67352
63870 3780 72336
63910 2520 7215
63931 1330 16650
63947 3780 12156
64002 3780 90227
64048 4190 10218
64049 2130 72078
64050 1260 3492
64053 4880 26619
64082 1260 63408
64093 3710 5757
64167 2520 7072
64178 1260 28156
64248 3780 829
64255 1290 33339
64257 3780 95908
64275 3780 44394
64307 3640 19171
64348 1180 42415
64353 3100 29092
64387 1260 5270
64420 2170 24038
64425 3040 58210
64435 3780 88507
64443 1260 59713
64446 2520 98767
64452 1260 45941
64487 1260 92310
64541 370 71520
64577 1260 56476
64700 3780 88391
64730 4450 28524
64735 4440 94902
64746 1260 98620
64792 4740 14583
64813 10 29777
64838 3780 42113
64871 4770 26149
64932 2520 76285
64940 1120 23970
64986 2520 97224
65018 2520 4613
65034 2520 71533
65121 4680 40585
65138 4690 54239
65154 2520 30394
65198 3470 5543
65216 1260 73379
65287 1260 37271
65376 2520 75052
65427 3780 96979
65454 3080 8490
65473 1260 68597
65490 3930 97753
65511 3460 8939
65538 4260 12264
65648 1260 47163
65656 200 5701
65660 1260 87845
65666 240 47018
65670 1260 87184
65687 3780 15611
65733 4090 96617
65757 4480 8919
65850 1260 85623
65912 3060 33562
65944 2940 88860
65956 1230 57834
66040 1260 46409
66049 1260 65957
66120 2520 36275
66120 4780 3428
66134 2250 71973
66135 3780 49653
66159 2520 24294
66166 3720 43520
66177 1260 87178
66252 1260 1638
66277 1260 39466
66356 4110 55852
66429 550 20327
66460 3570 48256
66477 2030 66211
66499 3780 31456
66561 2520 71152
66566 3780 65953
66569 800 55116
66587 1320 22774
66591 1260 87130
66623 1260 38860
66652 3920 71318
66700 1770 17964
66740 1260 22277
66754 2520 98763
66769 3780 33437
66778 2520 73514
66790 1030 4590
66790 1260 77333
66854 3780 66210
66860 2520 29005
66896 2400 15601
66912 210 69712
66941 2520 94231
66943 4830 95502
66975 2520 84717
66989 2520 28962
66995 4560 38558
67013 1430 2341
67048 2520 55877
67099 2960 30577
67200 1260 32639
67203 1900 81307
67214 3780 75563
67251 1260 4338
67282 920 98727
67407 1260 97327
67453 3410 38919
67459 1350 5437
67459 4320 1328
67463 2520 33423
67476 3590 30811
67479 3780 81469
67485 2520 57910
67526 4530 72029
67579 3040 40131
67590 2520 2651
67688 1320 2300
67722 4960 26060
67725 730 69514
67766 1260 66750
67789 1260 26280
67849 1370 38833
67930 2520 52148
67972 2520 65784
68077 3780 31094
68117 3780 16956
68212 1260 86777
68245 1170 75150
68268 3780 7812
68304 2520 45547
68306 540 16673
68316 2930 69337
68340 2520 7169
68356 4690 3267
68381 4920 51314
68484 2520 91962
68582 1520 26599
68583 3780 4444
68615 2520 35330
68639 3780 82828
68680 2520 86275
68699 2350 17759
68757 2520 9394
68760 3780 81709
68836 1570 62319
68836 2520 44510
68851 1260 7596
68860 2450 74121
68860 2520 48991
68862 3780 43962
68876 3780 12366
68883 2520 65150
68907 1260 91345
68928 2520 13521
68941 1260 10382
68973 2520 40624
68985 4250 33008
69054 1260 85321
69061 1900 63845
69110 4730 8707
69147 4870 56429
69148 1260 30523
69366 1260 956
69392 3780 12670
69420 2520 10098
69423 210 34692
69435 2520 33551
69469 2520 54352
69479 2520 2128
69505 330 22186
69506 2520 5763
69540 1260 62161
69562 3780 91000
69570 2520 84943
69609 2520 685
69634 1260 25041
69637 2520 2599
69664 2320 26063
69701 2520 55379
69728 2020 7122
69772 320 39852
69794 70 16963
69825 3780 69519
69831 2880 17804
69857 1780 88281
69876 2520 56788
69952 4000 40068
69987 1260 72387
70111 2520 23647
70113 1260 94481
70147 2960 92983
70175 3780 32106
70206 3780 99481
70211 3780 97601
70253 770 59784
70264 1610 83910
70292 1260 66816
70309 2520 57560
70333 2520 18248
70365 3780 57942
70438 3780 63988
70497 3860 87632
70499 1600 85149
70532 1260 54905
70545 1260 81726
70602 1260 82116
70653 2520 47393
70713 2520 40951
70723 3240 18474
70818 3780 35237
70839 3320 79685
70875 1260 39031
70901 2520 43014
70998 3780 93498
71067 2520 51061
71076 3780 5888
71086 3780 45819
71108 4430 65941
71123 2520 27993
71166 840 477
71228 1260 22355
71248 4950 70386
71371 850 79655
71468 330 27003
71513 1260 23819
71576 2520 61907
71645 3740 55907
71658 2520 13282
71743 2520 90665
71831 260 16393
71833 3780 76206
71856 2730 95408
71867 2520 49666
71918 2520 59137
71937 2520 91829
71939 3780 56382
71957 2520 92917
71978 1340 11402
71979 3780 77737
71984 2520 93339
72074 2520 44336
72080 1260 33412
72091 3070 18863
72097 1260 81163
72131 3780 63016
72136 1260 17200
72202 3780 54179
72206 3780 77923
72223 3780 40426
72301 2770 322
72326 1260 21951
72350 2520 16642
72350 3450 99288
72384 2520 37030
72392 1260 49842
72404 2520 31524
72450 3780 20261
72460 3780 15818
72482 2520 54618
72508 2520 6590
72518 2300 51939
72529 3780 43217
72565 3190 2371
72569 3780 48226
72579 1260 53517
72667 1260 47299
72683 3990 68335
72690 2520 22911
72692 3780 12789
72725 2520 41781
72740 4820 22726
72752 3780 55491
72792 3820 21500
72793 1260 63105
72804 2120 71188
72837 1550 59894
72894 1260 60509
72912 2100 74581
72950 3780 66860
72972 4790 35973
73060 1260 97226
73155 2520 40453
73166 1260 88143
73188 2520 94380
73275 1860 49446
73280 1260 81981
73409 3500 37236
73410 3780 15890
73411 2520 5381
73422 1450 34611
73426 2520 62304
73493 3780 86606
73499 4660 87151
73550 1260 62790
73567 4510 81909
73573 4580 61771
73574 1260 56020
73598 1260 63049
73611 1260 52734
73628 2520 8449
73646 1260 77237
73656 1540 74613
73688 2520 89223
73694 4260 46204
73759 3700 70227
73786 810 48748
73803 690 86462
73812 1260 440
73823 2520 34785
73891 2520 47739
73952 4080 67147
74209 1260 17335
74217 3780 1756
74272 2520 91305
74289 4800 40016
74306 230 86877
74320 1260 93937
74325 3300 98082
74341 2520 48360
74355 2520 54139
74491 1260 76634
74505 3780 40160
74520 3980 44221
74557 2520 7355
74603 3780 12567
74647 790 60291
74698 3310 92925
74708 3780 96036
74792 3270 98217
74829 5010 9966
74870 2520 46742
74913 1260 68121
74916 1260 37267
74956 1260 98713
74968 2520 4792
75024 4280 29633
75034 2520 7206
75147 3780 9985
75181 1260 47352
75237 4590 36953
75282 3780 88558
75387 1260 25165
75416 1260 61850
75435 1260 47001
75436 1260 24996
75444 3610 41696
75457 3780 43614
75459 1260 3938
75461 1840 71751
75484 610 32530
75504 2520 26489
75505 1260 70026
75554 1260 59128
75563 2850 84036
75591 4930 40550
75603 1260 13403
75620 2520 62723
75682 2520 63708
75716 3780 43872
75718 3780 15852
75769 1260 12678
75811 2520 72789
75822 520 42393
75866 1260 4028
75871 580 81797
75880 3780 56753
75942 3780 11275
76014 30 81245
76023 3780 87642
76036 2520 51648
76057 4100 80602
76089 2520 27696
76155 1220 75621
76189 3780 86707
76220 2520 28534
76282 3780 22097
76287 2520 12838
76292 1260 77151
76384 3780 65480
76385 4970 98006
76398 2520 25136
76445 480 81870
76465 3780 41035
76494 1260 61844
76512 2520 14670
76589 4650 96496
76592 3120 93006
76610 1260 94557
76645 2520 66110
76707 1260 91260
76754 2520 77718
76777 2750 67099
76786 3780 44805
76802 3780 29596
76891 3900 19614
76981 1260 28004
76987 1440 83441
76996 3780 18579
77012 2700 76035
77043 4130 10156
77055 2520 26733
77115 3780 61966
77118 4500 98540
77135 2520 66249
77136 2520 68731
77163 3780 89384
77249 2320 27163
77252 1260 97025
77266 4620 15105
77318 3780 73092
77324 3780 9624
77360 1260 68979
77471 1260 41025
77479 2520 20749
77512 1260 92060
77557 1260 31281
77562 1260 26701
77819 1260 76259
77821 1950 4645
77824 1260 37568
77959 4840 59506
77984 2330 1848
78086 2520 59590
78115 3780 27456
78121 1260 82893
78135 3780 51681
78145 2520 73880
78209 3780 17243
78260 3780 31266
78294 1260 51199
78295 1260 53075
78299 2520 35032
78317 3350 41396
78341 2520 84475
78363 5020 1265
78393 3780 94812
78394 2520 70591
78412 1260 76355
78482 1260 472
78522 3780 52157
78526 3780 60245
78535 2520 78995
78547 1360 38200
78563 20 44013
78582 600 52829
78647 3780 74907
78718 3780 78133
78769 2520 12830
78866 2840 81819
78924 1260 11238
79032 2520 35343
79052 3780 35981
79066 220 90653
79085 3600 25391
79190 3060 48616
79215 1260 76823
79235 1260 57390
79243 2670 20132
79269 3780 7297
79289 490 91916
79310 3780 72948
79312 2520 47336
79317 2520 21732
79361 3780 11309
79365 2520 59229
79376 3880 18807
79439 1870 98939
79494 1260 7581
79561 2520 34095
79568 2520 32505
79571 1290 27037
79572 1740 63796
79705 3780 72418
79762 2520 66999
79767 3780 71700
79781 1610 66730
79810 4680 38420
79840 1720 30156
79860 3530 76033
79890 2520 31776
79901 1260 88492
79908 1260 20271
80018 1260 32104
80064 3780 47040
80081 1260 48202
80135 2520 16384
80255 2520 29903
80268 1260 57438
80308 3780 88174
80405 3780 11670
80438 1260 97030
80462 300 86722
80519 1260 78613
80519 2520 40450
80524 2520 27072
80543 1260 22715
80589 3460 92390
80612 3780 66376
80632 2520 93396
80648 3780 25788
80687 2520 42993
80697 3780 58346
80702 1260 87403
80739 2520 66038
80771 3780 86277
80870 3880 88827
80989 3780 87871
81017 2520 31958
81024 2520 4703
81053 1260 70160
81112 4370 82419
81120 3780 52374
81133 2540 19258
81240 1260 50733
81274 2520 1945
81343 200 58620
81373 1260 96816
81405 470 43152
81427 1260 98975
81440 660 11255
81460 3900 77263
81511 3780 5359
81577 2520 78299
81671 4890 46132
81692 3780 86924
81756 50 56227
81847 1260 41132
81848 2520 61708
81867 1800 41022
81903 1260 22154
81914 2520 30855
81914 3780 4944
81956 2520 92009
81958 1260 49801
81976 1200 81524
81992 1260 69255
81998 1260 4766
82011 2520 90933
82036 3780 67938
82045 950 97904
82095 2520 57654
82103 3780 40758
82147 2520 85491
82166 2340 10965
82209 1260 11844
82232 3780 24675
82235 2520 1789
82247 2880 30937
82255 3780 100000
82271 1260 25722
82311 4400 83894
82352 1040 61854
82438 1260 100000
82455 3780 84574
82484 410 83996
82511 2570 55606
82596 1260 56416
82637 3780 77203
82658 4150 22236
82714 1260 67081
82738 2520 61642
82798 880 35797
82801 1260 36394
82814 1730 9182
82847 1260 96858
82873 3780 45744
82896 1410 88765
82945 3780 22425
83005 1260 62811
83088 2430 51563
83089 3690 9880
83138 3780 97730
83146 3780 83206
83299 3780 96254
83310 1260 72268
83333 3780 80562
83338 1260 57526
83343 3780 14762
83363 1260 31477
83434 3780 36338
83438 3780 34810
83460 1260 80082
83492 3780 44283
83499 1260 61294
83513 1260 75572
83519 2360 68693
83587 3780 93549
83594 2690 53876
83606 1200 16101
83612 1260 33232
83666 1260 64793
83691 1260 92104
83700 3780 23777
83719 3780 9745
83765 3780 75821
83773 3780 98580
83845 1260 41719
83915 990 12815
83930 780 31633
83965 3780 62346
83980 3780 89464
84017 4620 96785
84032 3780 71507
84078 3780 30377
84109 2520 84566
84123 3780 85017
84175 2480 5855
84176 2520 90124
84181 1110 77376
84186 3780 91283
84272 2580 16192
84292 2300 1555
84352 1790 12791
84380 2520 78393
84393 3780 96368
84449 3780 55949
84454 1260 21682
84463 3780 56439
84482 4670 20083
84491 1260 65042
84501 400 41604
84600 3780 69773
84605 3780 74443
84616 3780 55667
84641 1020 53633
84689 2520 72505
84730 2520 47433
84747 2520 73475
84762 1260 64689
84818 2560 1587
84818 3780 28384
84858 2520 41887
84886 4050 77970
84913 2520 34303
84974 3780 75131
85057 2520 31326
85132 1260 67067
85219 1260 20998
85241 3280 16300
85243 540 92770
85256 1530 66774
85293 3780 62009
85366 2520 18145
85372 2520 57665
85383 3780 93399
85492 1880 18542
85509 3500 28026
85534 3780 20867
85544 4080 348
85681 1260 21292
85706 560 65079
85718 3780 46018
85759 1830 17611
85763 2520 90135
85776 2520 95902
85808 2660 99202
85864 1260 26122
85922 1260 63885
85940 3780 31372
85945 1170 39897
85948 2520 38044
86006 1630 74498
86024 2520 59952
86064 3780 5530
86090 2520 61306
86105 1380 29098
86197 1260 14742
86199 1500 81325
86307 1260 18693
86355 2520 76357
86390 1260 40378
86425 1260 51960
86426 1260 30682
86484 3780 99901
86490 3780 29666
86553 3780 81053
86628 2800 56631
86660 3780 38880
86704 3780 5463
86709 1260 28879
86742 2520 69640
86763 3780 38292
86803 2720 71542
86872 1260 99134
86886 2520 17546
86905 2520 81261
86952 2840 49875
87006 4910 6225
87036 4180 32104
87067 1260 66529
87089 2520 31032
87104 2520 64379
87151 2520 11202
87156 2520 90983
87224 3270 5914
87240 3850 27925
87253 3780 50768
87362 2520 10445
87379 2890 56650
87440 4870 89225
87486 3780 53306
87525 1260 71519
87547 3780 77973
87548 3780 74219
87571 1260 30529
87575 2520 81952
87583 2520 45196
87586 3780 99715
87597 1260 25837
87624 2520 448
87688 3780 19302
87714 4980 45201
87730 3400 1078
87743 3780 40968
87773 1260 67578
87792 3780 83965
87818 2090 68802
87849 3780 50823
87877 2510 79179
87884 1260 38491
87906 1260 64036
87939 1260 33683
87971 2520 46846
87974 1260 1540
87978 4370 19922
88063 3790 97514
88079 1260 32984
88099 2520 80493
88104 1260 39820
88196 2520 22131
88257 1460 2077
88296 3780 4460
88306 1300 14198
88327 940 27326
88344 4110 89440
88361 2520 84723
88378 2150 12324
88390 1260 3452
88436 1260 66934
88464 3780 19763
88473 130 64085
88480 2520 20929
88506 1260 33547
88537 1260 3185
88540 1260 4398
88546 3780 1885
88548 2520 12313
88584 3780 38860
88587 3780 14535
88592 2180 93116
88660 3780 68934
88822 1260 85196
88850 3780 86519
88859 4930 30568
88867 1260 17057
88881 350 54187
88892 3780 70392
88923 1260 27517
88926 1690 4735
88926 3780 8625
88953 2520 55275
88960 1260 65909
89053 2520 71347
89131 3780 82750
89156 3780 89570
89182 1260 76987
89198 1260 19505
89223 1260 42779
89232 1740 63681
89255 4460 67776
89261 1260 80626
89294 3780 19184
89315 1100 6202
89316 3780 42196
89333 960 27747
89447 1260 27686
89500 2520 6056
89511 2520 62681
89519 1260 73860
89528 3780 3016
89544 2520 39210
89547 3780 60736
89552 3780 35715
89556 1260 21904
89581 2520 51444
89710 1260 64124
89733 2520 41216
89751 4200 55737
89763 150 33826
89769 2500 70528
89780 3780 49097
89847 3780 23863
89871 1270 84510
89946 2270 30937
90025 2870 83009
90062 2520 90363
90089 4090 72268
90199 1260 20747
90200 3780 93921
90205 3780 84054
90210 3780 7796
90216 2610 91872
90234 3780 17934
90243 1990 31023
90300 3290 74156
90300 3780 50280
90331 4940 23375
90344 2310 46304
90368 3780 7714
90375 1260 9437
90465 3780 97367
90553 2520 65290
90571 3780 93703
90664 2520 33734
90706 3780 63599
90753 1430 38636
90776 2520 41067
90802 3240 8044
90804 3780 39766
90824 2520 65389
90854 3780 82427
90861 3780 10669
90869 3780 30389
90906 2060 96524
90928 1910 24983
90951 3780 7126
91008 3940 87828
91016 3780 77040
91132 1150 2929
91133 1630 76339
91168 2520 31740
91218 4170 92612
91239 1940 56995
91324 1260 5001
91414 1260 70860
91420 1260 95818
91431 3780 54558
91432 380 77037
91441 1260 59281
91446 1260 76036
91453 1060 34420
91490 3780 48603
91551 5020 2974
91555 2520 27556
91617 2520 21089
91678 100 68776
91752 2520 63016
91753 3540 31442
91755 3830 71880
91860 3780 12952
91861 2520 58351
91866 2520 83488
91959 1260 55849
91959 1410 87473
91985 1260 75815
91987 3780 68651
92010 1260 39553
92019 3380 2964
92053 2520 34017
92077 3780 12458
92090 2290 14727
92097 2980 40116
92114 3780 11405
92130 1880 54821
92161 3780 49678
92188 1260 2784
92217 110 74533
92257 1260 60884
92317 1770 89204
92332 3780 48752
92359 640 52979
92362 4810 73992
92372 3780 60821
92473 1260 56325
92486 1260 20357
92581 4430 36648
92648 1260 66669
92726 2520 32892
92759 2580 89215
92773 1260 13693
92779 820 37633
92793 3780 93937
92798 3330 15320
92845 1260 87944
92882 2520 7882
92904 2520 49766
92908 2520 15417
92942 1720 72766
92957 3780 15646
92999 3430 40972
93049 4220 41346
93123 2950 20509
93139 1260 13397
93175 1260 98882
93189 2520 89539
93242 2520 77744
93327 2520 5292
93339 2520 93916
93354 2520 67794
93443 1240 19466
93477 4340 92718
93513 2520 53577
93518 2520 95201
93525 3780 9970
93527 2520 12510
93547 5030 43982
93557 2520 95640
93566 3780 89087
93573 4290 30737
93579 4350 98157
93583 2620 4360
93585 1260 71606
93669 1260 2894
93678 2520 52407
93682 4030 95142
93690 1260 66437
93695 2520 92121
93699 3780 68141
93773 2520 72325
93836 2520 61480
93844 2520 805
93921 2610 36049
93944 2520 81167
94014 3490 30314
94051 1850 28054
94071 1260 33572
94159 3780 70264
94161 3870 12933
94219 70 48503
94242 3780 50435
94261 2520 8249
94282 2520 78858
94326 1260 91265
94395 3780 78529
94445 1260 25482
94460 1260 78416
94481 2520 64249
94485 10 13975
94569 2520 19037
94591 3780 98468
94684 3780 2714
94743 2130 733
94798 3780 1983
94821 2520 83289
94883 3780 23286
94890 3780 95181
94943 1260 1261
94998 2520 66526
95004 3790 23153
95017 2520 77083
95033 3620 12180
95057 1260 56050
95098 3780 29236
95110 4750 3451
95140 3780 81801
95187 1260 37431
95191 1260 85287
95208 2520 67235
95314 2660 19712
95320 960 5175
95321 3890 11433
95340 3780 9470
95380 3140 31882
95393 3780 94208
95406 1260 21254
95445 1260 11193
95454 3780 72667
95471 2520 54259
95491 720 66041
95506 2520 40837
95552 3780 12054
95590 2520 98089
95634 1260 3197
95655 2520 14148
95680 1260 60111
95760 3780 35843
95769 1860 16871
95771 1180 69170
95796 3670 2802
95807 1260 67321
95827 2410 73272
95855 1240 33351
95887 270 86136
95950 2520 64676
95990 1260 89371
95998 3300 21770
96020 2520 9194
96072 2520 94452
96087 2520 17708
96092 3780 3866
96105 2520 27
96157 2520 58682
96166 510 74103
96166 3780 81718
96203 4050 25265
96221 1750 8802
96265 1260 16388
96320 3780 48352
96394 290 6931
96407 3780 59616
96416 1260 31489
96442 2820 89946
96463 1010 99456
96463 3780 79228
96483 1260 11335
96519 2520 28347
96531 2520 97851
96540 1260 34612
96619 1260 30816
96628 1260 81106
96672 3780 60613
96714 3780 58152
96775 3780 92080
96789 1260 89245
96793 2190 214
96797 2520 91008
96853 590 78469
96866 2520 82933
96906 3780 70213
96929 2520 7408
97082 1260 38422
97090 1260 11450
97156 3780 15903
97235 4040 2676
97240 3780 93614
97241 1260 31172
97245 3780 12075
97251 4440 45523
97346 1260 81599
97444 1260 40409
97449 2520 40251
97462 3780 7450
97533 1260 95056
97575 2520 53320
97658 1260 17133
97689 2260 30010
97695 3780 94254
97716 2520 98530
97777 1260 30637
97784 1260 77665
97882 4220 64908
97886 1260 6072
97929 3780 91586
97933 1260 76872
97945 3780 66577
97959 3780 15020
97981 1260 43750
97984 3370 1883
97989 3780 91701
97995 2520 17688
98000 1260 21130
98073 740 85729
98078 1260 3483
98090 4160 23841
98191 3550 26096
98220 3370 1310
98337 2520 41579
98360 1260 30427
98368 2520 45175
98387 1260 4112
98400 1070 44332
98406 2340 67080
98420 1260 61814
98439 2870 79960
98449 4180 83306
98464 3780 93741
98474 1710 86131
98497 4350 84144
98525 4410 23954
98528 1620 36474
98549 1520 42731
98554 3780 110
98555 3780 13780
98591 1260 74834
98655 2520 49216
98660 1260 9867
98716 3160 122
98728 2520 30935
98754 1090 25313
98756 3780 53518
98783 3650 83110
98795 660 57691
98917 1730 53686
98919 380 19466
98951 3480 37901
98974 950 54997
99071 1190 96098
99098 1920 89495
99131 2520 59572
99171 2520 54305
99198 3780 83552
99199 1280 12895
99278 2520 36812
99286 2640 32163
99320 3780 81140
99323 1260 46504
99330 2520 26520
99340 1980 45233
99356 4720 20607
99421 3780 22718
99440 120 69647
99552 1260 16610
99597 4640 36576
99692 20 66472
99727 4320 40799
99737 2520 23031
99825 2520 1030
99836 2570 59841
99846 3660 60310
99901 3780 35960
99920 1260 70464
99947 1260 61485
99995 1260 17268
