3000 10000 17571 51640
15 5010 52024
20 7450 26135
40 10020 84166
82 6100 65455
84 8720 93258
188 5010 72435
235 4450 3507
236 10470 70144
281 12410 67613
300 10620 91642
304 10020 13827
351 10020 98946
434 5010 95559
454 2230 83231
504 1840 50904
509 4260 97046
516 5010 44675
526 10020 35327
574 5030 41035
584 5010 23223
600 4640 45327
612 10020 40004
632 10020 34153
649 10020 80973
704 10020 43364
750 1340 84445
764 7730 68536
778 5010 52140
832 5010 20777
837 5010 19710
925 12180 22935
931 5010 53121
935 5010 80751
958 10020 55901
961 6090 5280
969 5010 3207
989 10020 199
1019 7290 29166
1030 5010 76160
1046 5830 88651
1057 5010 14154
1060 3610 33046
1127 5040 8334
1167 3650 4424
1170 10020 63922
1206 13590 57853
1230 10020 5999
1275 10020 2070
1295 3710 54144
1322 5010 54425
1359 10020 56409
1462 5010 751
1552 5010 95917
1564 2710 34366
1648 10020 30663
1784 5010 40774
1899 12080 47970
1909 5010 62462
1930 500 86126
1942 5010 27090
1956 10270 52679
1966 3040 32225
1993 6860 33675
2000 7570 90726
2007 5010 56808
2022 10020 9810
2039 10020 11825
2055 10020 69643
2114 5010 32308
2165 10020 30644
2180 11550 75777
2249 5010 31980
2418 10020 77432
2452 8450 92169
2489 1390 26867
2499 5010 19696
2525 5010 5370
2554 10020 35293
2562 5010 86724
2587 920 1493
2597 10870 71153
2674 2140 64253
2707 13740 33245
2708 10020 34744
2713 8510 84296
2736 4760 69953
2774 5010 90170
2776 5010 56096
2822 9990 42419
2842 5010 51655
2865 7530 59227
3015 9120 51629
3025 5010 31197
3039 5010 23373
3049 5010 28883
3093 5010 34670
3100 10020 66491
3136 5010 37811
3169 10020 10727
3235 10020 55968
3311 5970 45963
3328 8730 51210
3385 6640 74665
3395 13050 40202
3439 5010 27987
3455 10020 89249
3479 10020 75758
3481 10020 13255
3492 14150 51710
3496 5010 92898
3500 2100 84452
3520 13890 16893
3556 7900 95024
3622 5010 48232
3662 8640 61048
3693 10020 71188
3723 8100 72101
3790 5010 87308
3809 5840 70024
3820 10020 80909
3881 13980 12603
3906 10020 29104
3917 14950 93181
3991 13530 20841
4062 9010 38607
4082 5010 39174
4142 5150 70412
4161 11220 22396
4181 5140 14473
4224 5010 54480
4320 10020 67149
4323 10020 28014
4373 12430 55951
4385 5010 19685
4388 3230 83631
4406 4020 46455
4458 6070 71695
4459 14940 27000
4538 1710 93520
4560 10020 82891
4571 5010 27518
4596 10020 49847
4599 11790 2066
4649 5010 26553
4658 8780 86706
4677 4730 1160
4753 4220 92405
4761 10020 17595
4764 5010 39483
4784 1460 62246
4820 6400 81917
4871 11560 50283
4988 940 37953
5007 14840 39571
5044 5010 90370
5073 14880 87271
5101 10020 1123
5108 10020 26453
5112 5010 92233
5128 5010 3510
5137 10020 95842
5163 7880 68464
5179 10990 75751
5183 1940 90449
5209 5010 41442
5240 13170 43900
5241 8190 47320
5317 6970 75174
5317 9300 67175
5330 9850 17698
5356 14550 79540
5421 5010 44733
5423 13930 47320
5441 7100 34865
5497 3860 15013
5525 10020 33584
5585 5010 543
5625 1490 34891
5687 4390 78646
5716 3360 55217
5771 10020 67583
5780 5010 16074
5780 12470 32560
5793 5010 69573
5833 9320 63284
5914 10020 82052
5915 13070 66544
5988 5010 93892
6004 10020 9273
6005 13850 99815
6045 5010 5070
6073 10020 51005
6088 10020 72893
6202 9260 17961
6242 4560 85893
6284 2860 24121
6439 6150 95404
6490 4490 58273
6578 5010 9559
6640 11920 72498
6677 12690 18571
6680 5010 18931
6689 5010 89079
6751 10020 37708
6765 10020 98406
6789 9290 99505
6812 7560 34969
6855 5010 11926
6856 5010 75750
6875 13610 46340
6915 10020 72203
6973 3160 33311
7057 5010 39934
7120 10020 19772
7166 12630 39175
7320 5010 89849
7345 10020 85653
7386 10020 28370
7388 5010 4565
7399 3190 62559
7418 8410 19957
7450 10020 55838
7465 5010 14341
7493 4800 86655
7560 14100 12133
7563 10020 98686
7653 6220 35598
7661 5010 18063
7795 8320 2569
7834 10020 68072
7854 7200 1033
7894 2370 91019
7923 10020 80300
7959 1530 81615
7989 2520 66926
7997 10020 12169
8000 9620 54541
8021 6870 82424
8049 1830 31227
8058 5010 91228
8105 13490 69493
8186 5010 45636
8190 5010 84748
8210 5010 58725
8255 4620 18141
8273 12450 4632
8333 5980 57701
8339 4290 49084
8341 5010 64001
8351 13710 74755
8357 800 75554
8400 5010 16312
8407 5010 15211
8421 890 51097
8430 10020 77060
8434 1720 35587
8471 5010 52417
8492 5010 81912
8503 13150 27693
8570 2220 80249
8575 10600 67517
8635 5010 71918
8659 10020 54032
8743 5010 28855
8750 10020 40109
8788 7940 4860
8805 10020 92991
8814 5010 84881
8872 1380 88384
8880 4590 40181
8887 10020 70825
8917 12710 50935
8959 2030 88910
8995 5060 57789
9000 10020 37414
9034 10020 36853
9053 11960 57287
9060 10020 39025
9090 10020 78702
9189 9530 11115
9239 10020 98728
9368 5010 38004
9381 1350 14381
9392 5010 99314
9425 5010 14111
9646 5010 9998
9647 10020 64180
9727 5010 55312
9775 5010 1756
9805 2270 39235
9806 1480 30711
9837 10020 11595
9852 10020 43602
9874 10020 54819
9883 5880 60587
9885 5010 65624
9891 10020 40129
9966 8150 80887
10080 5010 60486
10127 12540 70649
10153 10020 70577
10154 10020 84265
10165 5010 57122
10168 11520 24204
10230 8060 41453
10280 5010 56353
10311 13750 28674
10349 7280 48076
10350 1790 66909
10410 3980 70428
10489 1330 78791
10515 10020 69639
10517 5010 72898
10561 5010 59842
10592 10020 97072
10635 5010 47831
10691 14480 51411
10724 5250 93993
10762 12700 83489
10768 10020 37753
10773 8810 49039
10804 6560 94860
10822 10020 97645
10857 14410 71484
10926 1100 86175
10936 5360 80280
10959 250 4697
11153 10020 58786
11172 5650 11052
11204 4070 75494
11213 5010 62837
11231 5010 14672
11270 5010 732
11371 5010 10194
11386 5490 60468
11397 10020 6868
11582 5010 24780
11586 4250 69123
11649 12020 89388
11716 5010 67792
11724 2200 15761
11767 10020 51668
11829 4350 17888
11911 5010 47185
11989 590 76447
12014 12340 14752
12108 13690 21749
12158 6510 43893
12192 5010 52301
12202 10020 91057
12279 14200 26778
12372 7780 7864
12429 10020 14879
12438 10020 4656
12535 12990 10876
12568 7330 46644
12573 5010 64775
12584 12270 69901
12585 5010 9915
12601 10020 74160
12675 10020 84524
12692 14630 7892
12707 14640 89556
12713 10020 65076
12724 5010 64750
12727 3850 78371
12775 5010 58914
12779 10020 78963
12848 5010 46918
12984 5010 37524
13004 640 20152
13029 10670 88220
13032 10020 82355
13051 10020 2472
13157 10020 79040
13179 3790 40847
13196 2810 54816
13197 6350 11004
13211 5010 92743
13215 13240 63000
13300 11650 34370
13316 3670 4590
13419 13310 44506
13421 11970 13048
13461 11840 88926
13477 10020 24051
13525 1870 87905
13540 10020 83524
13616 13670 44821
13637 10020 82364
13716 12760 46078
13746 13300 50282
13820 5010 32173
13860 10020 75359
13893 10020 39859
13894 6490 74164
13904 10020 40595
13909 5010 12939
13942 10020 51203
13987 5010 6346
14096 10020 7969
14193 10020 75828
14278 5370 28554
14287 3060 21864
14296 5010 64126
14303 10020 18943
14329 1050 80782
14363 1600 71008
14414 10020 37033
14490 5010 21665
14539 10020 58013
14564 5010 66413
14567 10020 81955
14597 10020 1883
14603 5010 91899
14726 5010 12255
14728 10020 90959
14783 5010 91185
14803 6550 36421
14808 5010 10012
14839 3560 98237
14871 9200 69710
14995 5010 81206
15000 5010 76063
15021 10020 34034
15054 10020 14823
15078 5010 87087
15084 5010 82512
15106 4000 61531
15108 10020 70902
15188 14770 98805
15195 10020 83273
15229 3340 51170
15271 5010 42971
15317 11530 62456
15347 5010 36392
15351 14610 5184
15387 9770 19088
15398 1730 31266
15436 8970 66149
15448 1120 17459
15518 1230 35559
15543 3950 77729
15619 5010 63314
15626 5010 62440
15644 10020 11852
15647 5010 56149
15671 5070 73195
15705 5010 50693
15712 10020 79615
15745 13120 5494
15794 5010 30413
15883 5010 15311
15887 5010 38585
15907 7870 43180
15982 970 36256
16034 560 85802
16042 10020 88470
16097 2290 955
16125 5010 23451
16190 10020 90612
16257 10810 89069
16275 10020 97281
16415 7630 88682
16437 5330 66648
16452 10020 80167
16484 10020 38203
16504 5010 18321
16524 9450 19563
16538 5010 80870
16601 5010 67677
16654 7340 34575
16664 10020 45514
16671 10020 87090
16736 10020 48031
16752 5010 57289
16758 10020 79393
16797 1560 81517
16817 10020 73964
16825 8840 94753
16832 9040 15025
16860 5010 56440
16978 5610 93320
17007 4890 51219
17049 5010 69053
17085 2510 55056
17118 5010 90465
17149 9510 56562
17165 350 77479
17224 4360 56609
17239 10370 54908
17261 1410 64353
17286 14140 81093
17396 10020 88581
17401 10020 58191
17408 13970 54485
17458 1140 53690
17492 5010 60
17585 13210 75910
17597 8920 68551
17607 10020 31614
17635 5010 70381
17669 5010 53420
17687 5010 37205
17689 5010 96138
17756 10020 41765
17810 5010 37821
17838 5010 65641
17861 230 4789
17878 10020 59861
17920 630 83251
17928 14780 59276
17942 4550 4056
17996 10020 60426
18061 5010 86391
18075 10020 36184
18095 5010 64564
18125 11000 75922
18148 10020 7295
18154 10020 13788
18166 10790 90083
18259 10020 65477
18376 10020 65068
18386 5010 28262
18451 5010 13856
18473 5950 3075
18486 4240 49332
18488 10020 96322
18564 8770 95814
18579 10020 86711
18622 5010 28168
18664 13480 19141
18674 5380 88246
18701 3250 30265
18714 10020 67286
18734 5010 39631
18739 10340 96396
18766 10020 47550
18840 10020 1032
18845 11580 86319
18876 8740 40987
18945 5010 904
18957 150 12567
19010 9800 18238
19054 13360 7131
19086 5010 60313
19144 5010 52823
19150 10020 6080
19155 10020 51702
19189 5010 82609
19277 10020 52567
19288 5010 48399
19301 10020 796
19433 10020 72837
19437 5010 12855
19437 6020 75645
19454 3550 60821
19492 10020 29449
19511 8570 80440
19582 5010 84028
19705 5010 74743
19770 10020 57030
19785 5440 72468
19857 5010 97754
19910 8440 83824
19974 9680 58146
19986 13430 79356
20001 10020 95741
20041 1270 36086
20041 5010 69170
20129 11700 48105
20132 550 6362
20138 5010 78240
20168 5010 22133
20170 6420 23046
20173 5010 57594
20191 11620 6478
20231 3490 7288
20250 5050 31752
20255 10020 69471
20394 10020 2622
20423 10020 96913
20448 8910 56562
20470 6180 89748
20483 4940 10081
20508 10020 73699
20529 3600 91140
20563 5010 67805
20564 10710 73806
20593 11400 11709
20610 10020 50065
20644 3470 12389
20681 14120 6720
20698 5010 11556
20718 8830 21573
20722 3140 38000
20792 8120 55341
20805 7050 49820
20890 13810 14360
20928 5010 68044
20945 6810 80502
20964 5010 90847
21019 10020 40776
21031 10020 33479
21053 5010 5636
21085 10020 58246
21104 2380 24286
21105 5010 54152
21128 10020 60692
21142 10020 83165
21179 10020 34818
21201 5010 88683
21238 1810 21001
21260 5530 22671
21285 5010 98450
21346 5010 19141
21370 5010 7836
21391 5210 81607
21394 4710 61529
21404 5010 40732
21409 10020 19883
21424 4520 88343
21424 12950 34390
21444 7030 94140
21455 10020 56097
21561 11440 4270
21706 4990 89643
21712 10020 82148
21733 10020 95575
21734 10020 60343
21746 12220 2456
21748 10020 20659
21832 11870 28530
21835 2500 21167
21856 11380 70743
21952 5010 681
21960 5010 61730
21976 10020 42849
22100 7810 93431
22178 5010 87786
22188 15000 73153
22189 13390 12096
22205 10020 38533
22221 7320 66346
22238 10020 22121
22265 10020 33197
22325 10070 92570
22327 5010 37162
22355 10020 34378
22384 3350 50751
22394 5010 92862
22406 5100 18914
22408 14520 45820
22426 4310 61149
22446 9440 32603
22534 10020 27359
22665 5010 46779
22669 10020 50789
22674 5010 7818
22760 8530 52800
22803 10020 6538
22832 5010 29534
22837 7980 88963
22841 740 42413
22866 4600 29085
22904 5010 23255
22924 10020 69518
22958 10020 93003
22967 4790 18643
22982 10020 53444
23004 5010 55178
23030 11210 84169
23039 8460 41738
23073 10660 44298
23110 3290 21639
23185 5010 43124
23196 7300 50532
23206 3740 49292
23232 14730 26569
23327 5010 91198
23401 8790 8711
23426 5010 675
23465 11270 23441
23467 14020 48703
23513 10020 77934
23534 8700 62241
23576 9780 30367
23587 12070 26655
23615 5010 92805
23668 10020 30392
23701 5010 17907
23711 10800 65386
23748 9790 78953
23751 5010 49021
23828 10020 22451
23844 3870 20502
23861 2770 56373
23872 5010 9016
23887 10020 18007
23894 10020 70503
23920 12780 89578
23944 10330 41023
23979 5010 91400
23986 10540 88413
23991 5010 3327
24017 9370 66903
24117 3410 81673
24174 10020 74723
24200 5010 16187
24226 5010 78916
24256 510 76012
24281 10020 41230
24309 5010 85681
24323 2530 24477
24373 14280 21222
24390 5010 7725
24459 5010 38968
24462 10850 68114
24499 10020 51561
24542 10020 21430
24634 10010 72999
24645 8930 9388
24703 5010 68865
24759 5010 15740
24776 10020 4887
24799 4480 40256
24825 5010 24691
24825 10020 12103
24829 8400 41558
24915 1020 84381
24938 2420 90702
24944 10020 26453
24963 5010 25383
25004 14850 82936
25052 190 25902
25081 8520 77632
25169 11490 66751
25189 3720 66128
25254 11240 92449
25310 1200 60727
25329 12310 98715
25355 5010 28872
25369 9920 47579
25408 10580 6583
25515 10020 82816
25554 130 95391
25603 5010 21748
25632 10500 86142
25654 12790 492
25713 10020 13392
25780 8550 21960
25785 11030 8586
25831 60 42753
25843 10020 87792
25858 1190 19502
25883 7670 76068
25911 5010 30656
25967 4210 78612
26024 9500 81984
26024 10020 78351
26059 5010 49853
26066 10880 63316
26107 5010 49963
26292 5010 44338
26392 7910 25100
26408 5010 33068
26410 5010 14672
26492 10020 71235
26495 10020 38991
26521 3210 66441
26523 10020 10360
26535 9580 98281
26595 10020 89754
26602 3960 99136
26620 13840 36025
26697 5290 43577
26823 10020 58114
27068 11280 11053
27078 10020 46500
27145 2350 59701
27189 8680 67136
27238 10020 94424
27249 10020 15104
27302 5010 32720
27306 10020 54763
27316 5010 40800
27343 12900 44056
27380 5010 17488
27405 5450 41468
27466 8660 59064
27507 6880 18401
27531 5010 79590
27551 12730 71701
27621 5010 44381
27625 10 39376
27647 9900 80912
27703 1060 72314
27751 10020 23010
27777 10020 32084
27805 5010 27351
27821 5010 11526
27826 4650 88211
27832 14820 47713
27893 5010 57495
27897 13250 99399
27923 10020 46983
27950 5010 93648
28004 10420 14188
28029 5010 53032
28083 10020 90196
28106 50 45917
28117 11010 48805
28205 5010 29248
28307 7270 47880
28343 5010 28570
28360 10020 53968
28384 1780 31105
28448 5010 25869
28472 5010 79631
28494 5010 90336
28494 7060 50478
28542 5010 12539
28628 5010 28920
28630 2650 29930
28784 13460 99218
28878 5160 87318
28917 5010 57254
28936 10020 61953
28966 5120 53849
29125 7310 79182
29149 10020 48934
29153 1450 84107
29174 10020 10741
29190 11260 62180
29221 7170 22813
29414 5010 43301
29429 5010 93068
29434 13770 42295
29436 5190 69834
29440 5010 28249
29569 10020 42357
29631 3970 20197
29648 10020 21725
29690 5010 447
29731 5010 41775
29756 10020 97737
29782 10020 47557
29792 10020 31174
29861 9650 7949
29969 5010 27975
29976 5010 52162
29996 680 15073
29997 10020 83195
30015 10020 97409
30038 10020 92771
30046 10020 186
30082 2700 54061
30086 1680 81441
30110 1430 58432
30145 2430 77182
30148 1510 14116
30226 5010 39432
30270 10020 47423
30308 10020 145
30365 410 11342
30379 10220 36598
30414 5010 12600
30497 10020 35581
30498 2160 46253
30528 6540 83210
30553 10020 49159
30554 14010 49182
30568 14330 86016
30656 5010 69969
30695 3070 32015
30732 5010 86337
30738 10020 98782
30755 10020 89485
30768 10020 10260
30773 2210 79504
30801 5010 13413
30812 10020 42795
30860 5010 31142
30873 2010 23437
30912 10560 28503
30917 770 86350
30919 13410 11769
30951 4140 41430
30969 5010 70839
30973 9860 43697
31020 13580 29333
31030 6840 66920
31096 12210 79968
31099 10020 76890
31143 5600 48924
31176 10030 74882
31184 7370 67486
31185 13660 21534
31198 5010 58039
31217 5010 28105
31261 10020 50782
31279 750 23197
31317 5010 18835
31321 5010 17677
31338 13130 14040
31341 10020 9604
31358 10020 28049
31367 14930 54242
31385 3110 11746
31387 5010 79291
31399 5010 83090
31424 9330 31501
31503 10300 58226
31535 5010 14033
31582 9310 49159
31649 10020 56082
31657 3660 89342
31683 5010 88429
31698 4410 67012
31756 5010 78060
31774 5010 41358
31774 10590 75237
31786 10020 4432
31840 5010 47452
31865 11080 94948
31880 5280 49335
31997 5010 78032
31997 10020 83394
32103 6890 73210
32111 3010 98686
32151 10020 32590
32152 5010 51907
32295 10020 38667
32326 7360 37765
32334 10020 61829
32350 5300 68993
32389 2880 33289
32438 6470 48284
32489 11780 75901
32512 880 8150
32519 10020 6416
32522 3440 55467
32531 11660 81791
32540 5730 48950
32568 10020 67334
32596 6610 78723
32616 13330 38332
32661 10020 59150
32684 11590 25669
32751 15020 45645
32817 6700 24188
32839 6130 10422
32879 10020 82394
32937 10020 30993
32940 12400 31159
32969 5960 61054
33058 14390 43661
33093 9930 9639
33136 4090 31248
33274 10020 60201
33294 8620 77257
33374 5010 76287
33412 10020 21665
33446 6520 17531
33471 13760 69383
33488 700 50195
33578 2790 97224
33621 2410 93291
33660 10020 23028
33677 6670 25376
33681 10020 45417
33757 10020 14158
33763 9970 20669
33816 10020 45776
33859 10020 12552
33903 8000 50395
33926 11940 3212
33932 5010 88310
33944 7510 3808
33978 1970 71345
33996 5010 35728
34034 10400 58393
34117 14760 48650
34176 10050 1156
34210 10020 88392
34247 13260 94764
34365 12480 47040
34433 14670 26202
34464 14620 23419
34478 10020 18615
34490 860 77675
34493 10020 57976
34514 9000 78935
34526 7690 5874
34778 5010 44130
34828 4830 58870
34925 5010 61972
34927 14680 7927
35000 5010 75010
35004 5010 7161
35035 5010 49840
35040 5010 71994
35105 5010 40898
35115 10020 999
35222 13570 92954
35299 910 84088
35359 11500 49274
35361 10440 34435
35363 10020 95036
35395 5010 52594
35407 10020 92851
35411 5010 42086
35437 10020 74752
35468 8580 52483
35512 10020 56278
35671 8960 12880
35770 370 65916
35791 1400 40456
35804 10020 97711
35816 7160 45455
35873 9170 61297
35874 10020 71319
35875 10020 30595
35916 6010 74460
35923 5010 52359
35943 5010 2900
35991 5010 19850
36047 5080 22288
36055 10020 78442
36061 13550 33602
36097 10020 1968
36118 10020 65107
36170 8760 98557
36235 10020 74947
36323 11180 67272
36344 5180 96117
36353 7020 1084
36356 6800 9288
36382 11460 19305
36398 5010 4328
36399 10020 49189
36421 13560 15320
36441 6950 25247
36464 5010 89866
36479 10020 61638
36523 5010 56952
36536 10640 51482
36552 5010 76814
36565 10020 53402
36589 5010 66644
36634 5010 69971
36649 2340 73868
36666 5010 77729
36704 620 9276
36732 10020 15185
36775 990 96476
36793 5590 98197
36839 12290 72148
36840 10020 2628
36852 2870 42654
36869 10020 5668
36907 10960 87742
36962 3080 17647
36967 10020 29271
36983 10020 87054
36986 5010 98259
37040 5010 91213
37053 11350 55656
37128 13500 65693
37130 5010 35623
37171 10020 11108
37188 5010 48897
37191 5010 15489
37241 170 53283
37257 12750 15038
37279 12120 33212
37294 10020 4181
37308 10020 22404
37317 13730 1816
37327 4880 85615
37376 5010 46187
37388 12600 10836
37392 14990 64201
37454 14400 32390
37494 5690 97841
37519 10020 95209
37543 10020 94533
37579 1610 88214
37701 10020 34096
37718 14170 50398
37733 2120 77878
37752 10020 71308
37755 1280 72805
37791 13540 6966
37866 8220 11808
37873 4080 51424
37934 9590 46250
37968 5110 50816
37974 8160 14176
38060 10000 54660
38145 5010 35375
38192 6240 27655
38280 13800 70375
38304 10020 17712
38327 5660 51080
38350 10020 88640
38451 10020 10668
38474 4230 51729
38515 14450 97487
38550 8430 84472
38556 14000 37615
38562 5010 50980
38575 5010 27756
38586 5010 45355
38594 10020 22608
38679 10020 26410
38683 1070 15841
38692 11750 35414
38711 2740 62138
38839 10020 62320
38851 6390 53061
38884 5920 53223
38933 5010 2700
38937 10020 74654
38961 2570 7148
38973 1670 22602
38982 6850 81184
38984 5020 6074
38993 5010 5850
39002 2020 30239
39029 5010 13556
39053 8690 24994
39070 4700 2636
39080 10020 21207
39081 5010 60455
39127 7010 69568
39176 11120 4320
39232 5010 75562
39233 5010 91657
39240 5550 49989
39321 11470 39190
39350 5010 72085
39375 5010 40345
39425 4040 87836
39433 8470 72229
39510 12350 60086
39515 4380 25667
39568 11110 12147
39603 5010 95737
39624 14320 73264
39651 3620 76495
39672 5010 72698
39683 10380 21106
39707 10020 24128
39715 5010 12807
39757 1420 41295
39785 11200 48451
39795 4280 38617
39825 8880 39762
39918 5010 96007
39928 10980 49348
39974 5010 71188
39990 10020 20680
40079 4470 84271
40083 10020 95293
40100 5010 53805
40122 5010 74230
40156 5010 99399
40159 3310 28651
40167 6310 65632
40199 4680 25639
40309 1040 9633
40370 5010 21490
40411 12040 17446
40442 5010 60891
40485 10020 56091
40493 14340 96838
40500 11330 94681
40515 11370 35446
40544 5010 93182
40559 7390 78153
40570 5010 93818
40588 820 85433
40591 6050 42635
40632 10020 97570
40636 10780 76065
40637 9180 35179
40659 5010 82649
40661 5010 56825
40688 3130 15148
40689 8370 94463
40703 2600 95358
40717 2990 10889
40720 11130 86073
40721 13960 19052
40770 5010 44113
40891 1580 93945
40921 5010 67962
40921 10020 14235
40926 5400 57956
40939 13060 58206
40947 5010 19531
40950 2750 66373
40956 4580 51130
40964 5420 143
40985 10020 41484
41028 6160 10123
41040 10020 93384
41060 5010 91814
41063 10020 60008
41083 14420 88029
41101 12360 21731
41118 5010 92117
41182 320 11689
41188 10020 72953
41219 4510 44681
41238 10020 21517
41244 10020 59095
41268 2180 80278
41287 3400 46807
41303 2460 97848
41355 10020 7086
41356 10020 79146
41431 10020 22709
41484 5010 86822
41510 10020 97023
41548 10020 72482
41773 5010 61789
41777 10020 96565
41792 13720 44837
41806 9890 83693
41861 12840 83818
41880 5010 8276
41882 10020 90576
41993 1860 81575
42002 10020 58348
42030 10820 55658
42044 10020 68935
42083 1130 10907
42100 6000 42089
42112 10020 78676
42132 5010 41186
42194 10020 97130
42228 4180 64805
42231 1300 45404
42256 5010 28822
42259 5010 59534
42271 7120 19734
42355 1370 95632
42475 14970 28506
42510 12810 66135
42539 7840 59301
42613 10020 94540
42614 5010 60954
42633 5010 58677
42644 11160 59806
42657 960 56117
42673 7260 39222
42686 10020 93235
42697 10020 23497
42745 10020 23810
42751 10020 77486
42756 5010 58875
42976 10020 15768
42976 10060 82520
42989 5010 55508
43013 14750 65766
43134 10020 58193
43150 5010 12907
43192 5010 38855
43205 5010 23436
43224 460 81101
43290 5010 37390
43299 12370 39349
43334 930 26048
43336 1520 5699
43360 720 16395
43488 10020 46173
43565 10020 67351
43623 10020 4629
43641 10020 88116
43660 10920 28859
43663 10020 67464
43693 5010 35823
43709 13180 10457
43748 2580 94044
43875 5010 31766
43944 10020 1376
43958 8350 99903
43971 10020 65888
43975 6730 70857
43994 7180 35076
44015 14220 37057
44052 10020 26811
44209 6300 44974
44211 10020 33169
44306 6450 81213
44327 13110 8324
44341 10020 18283
44349 5010 5253
44358 10740 34503
44362 5010 30351
44407 240 30689
44409 9280 11880
44447 10020 97517
44468 290 42444
44479 5010 760
44500 10020 79770
44535 5010 86527
44540 7970 30796
44574 480 24407
44598 10020 69635
44609 8260 75483
44627 6690 80184
44666 5010 27968
44735 10020 52244
44780 5010 18104
44801 10020 45241
44880 3810 51123
44930 11150 26033
44931 5010 39018
44953 10020 64310
45020 10020 85791
45091 5010 38452
45165 5010 84373
45213 14890 10493
45217 10020 66611
45252 10020 46919
45301 5010 41238
45307 9910 26761
45315 5010 39468
45335 5850 73303
45363 200 71120
45376 5010 35199
45559 5010 49853
45563 570 83084
45577 5010 77687
45614 5010 36588
45616 11980 99108
45623 5010 32566
45627 5010 75520
45635 5270 99616
45636 10020 92229
45639 5010 10027
45671 6760 77950
45703 3640 22484
45753 11670 95325
45791 5010 6023
45802 10020 13222
45809 12010 79872
45810 5000 71637
45834 8200 42226
45870 5010 63305
45970 5010 78300
46006 1090 87433
46016 5010 21289
46022 5010 24070
46022 10020 1382
46055 5010 21364
46098 6030 18505
46108 10020 99680
46194 11300 53601
46217 10020 68469
46263 5010 82644
46272 12060 64972
46342 10480 68258
46349 5010 75666
46353 2280 27504
46372 430 22536
46415 10020 36745
46426 8870 97529
46444 5010 7344
46491 7420 93796
46530 5010 78595
46595 5010 35178
46610 10020 99389
46680 3690 84661
46704 10020 82949
46753 11610 10839
46769 5010 25485
46775 5010 49348
46791 5010 7664
46791 5350 776
46847 5010 41580
46862 5010 62494
46863 6330 20939
46915 5010 38283
46937 690 76184
46963 10020 26099
46964 10020 65238
47118 10020 99799
47121 5010 9385
47133 10020 47946
47139 5010 62690
47151 900 96191
47152 8050 38885
47228 4130 15601
47244 13320 92222
47290 5010 19777
47315 10290 62704
47375 3180 9002
47424 10020 75716
47442 10020 33975
47498 5010 92699
47499 5010 49465
47506 1650 53751
47588 10020 74438
47634 1910 64077
47699 6990 18423
47713 270 49911
47745 10020 59723
47814 3590 48191
47826 5010 72041
47858 330 70726
47937 10020 13563
47952 5010 50924
47964 10020 24569
48082 5010 87437
48128 1590 84029
48176 5010 4610
48201 14060 22969
48204 5870 90089
48204 10910 52342
48255 10020 82909
48274 5010 76620
48338 10020 23469
48449 10020 90226
48590 5010 51689
48612 10020 74940
48613 5010 88756
48627 10020 56976
48632 6080 21255
48645 14540 28053
48666 12910 75377
48681 4190 8768
48710 5010 76741
48723 12170 98599
48730 6770 68589
48738 7250 12134
48748 5010 19395
48842 10020 60907
48853 1360 66007
48892 10020 46213
48896 7380 18775
48952 5010 45052
48994 5010 62147
49039 5700 29760
49125 10020 19148
49165 5010 12690
49169 14740 8191
49170 10020 7550
49171 10020 59937
49194 9230 22767
49267 3820 9456
49286 10020 24407
49296 10020 70460
49310 2720 16846
49327 4740 90952
49365 5010 72496
49385 11410 49275
49397 10020 14529
49450 3020 41996
49508 7470 92013
49539 8710 3315
49652 2840 92754
49653 10020 9569
49685 10020 28586
49731 8140 37841
49763 10020 74067
49765 5010 73375
49780 3120 41929
49809 10020 3237
49809 13340 61487
49954 13920 18282
49957 14290 13961
50000 10020 38126
50008 5010 39652
50014 7350 62321
50060 10020 46543
50128 5010 46536
50156 1850 67745
50178 10020 74792
50331 14430 24832
50434 5010 99029
50444 5010 26613
50457 10020 73838
50474 12820 75166
50563 10020 73402
50633 10020 88614
50716 10020 97249
50721 10020 36946
50752 13220 37058
50753 7130 38391
50763 10020 25799
50773 5720 48779
50778 10020 80279
50790 10020 3108
50792 440 98158
50841 10020 50603
50863 2070 38567
51003 5010 72808
51022 4420 89119
51022 5010 54720
51051 5010 45250
51089 10110 6653
51093 3030 93008
51111 5930 65787
51166 10020 9416
51219 5010 17486
51235 11830 6940
51266 11760 89323
51320 7920 84763
51320 10020 12434
51321 10020 34106
51323 5820 68382
51336 10020 86434
51342 13950 50788
51386 5010 24652
51398 13910 49644
51415 5010 3706
51465 5560 25079
51489 1180 19177
51538 5010 88670
51619 12680 34901
51631 10020 32183
51635 10020 69394
51661 5010 82290
51667 5010 87145
51668 7430 79159
51695 1310 49040
51745 5010 21157
51768 4910 83236
51809 3580 32005
51825 10020 26243
51876 10020 14883
51940 10020 86951
51999 10020 38452
52000 6710 73012
52011 4690 70848
52061 360 78976
52082 11230 10287
52144 10040 19613
52205 10020 64496
52257 5010 53323
52302 7480 49100
52307 10020 93166
52309 10020 10202
52310 13860 2945
52350 450 24913
52457 2640 39145
52511 13420 29670
52514 10630 40414
52553 7860 87403
52594 10020 44968
52640 2190 60353
52678 12770 8405
52701 10020 9231
52708 10020 3941
52727 11250 60348
52797 1440 71472
52828 5860 46666
52833 10020 37213
52836 5010 33073
52838 13270 55138
52864 10170 23197
52877 4870 36736
52914 12920 60352
52927 10940 63982
52989 5010 95738
53008 13600 7144
53063 5010 99838
53073 3680 34639
53150 10020 82381
53185 5010 98369
53195 10020 29120
53200 5010 32626
53240 5010 28721
53286 9830 31117
53287 10020 52231
53581 5010 68047
53604 10020 50576
53695 5010 78353
53751 10020 21603
53764 8860 50020
53794 9570 21216
53796 9490 98181
53797 10020 4330
53865 1210 56275
53979 10350 29282
53995 4630 70752
53999 10020 96789
54008 5010 1898
54009 11480 74121
54032 5010 6717
54167 120 73916
54172 10020 79860
54209 10020 39440
54230 5010 98190
54234 1800 27902
54272 5010 74830
54304 2000 20482
54320 5010 12930
54324 10180 30880
54332 9090 13454
54409 13380 22564
54441 9520 12611
54457 10020 86716
54463 9160 26958
54467 10390 25459
54490 5010 59702
54515 7760 88435
54544 5010 63217
54564 5010 3927
54591 10020 40695
54652 10020 81992
54707 5200 10472
54729 12650 86305
54810 10020 93349
54817 12500 68244
54821 8340 27903
54827 5010 28834
54876 14510 41467
54988 5010 51563
55027 1320 4191
55047 8480 11471
55047 12390 65958
55061 10020 84294
55084 12260 85219
55099 9820 33770
55224 10020 10899
55250 5010 14697
55259 5510 27289
55342 8310 41326
55367 5010 25780
55372 5010 65901
55437 5010 55361
55536 4100 30345
55561 280 65937
55575 5010 17384
55591 13990 53590
55597 5670 21894
55698 10410 35992
55760 10020 41264
55778 5010 29416
55778 8630 59714
55839 10020 87051
55847 5010 69856
55877 3910 94997
55889 10020 53906
55908 7930 97600
55937 10700 37332
56055 10020 31282
56072 12720 76779
56128 10020 25862
56130 12140 3717
56173 5010 62972
56177 10020 83970
56221 5010 79076
56251 8280 21555
56259 11450 58807
56282 5010 66321
56301 5010 45295
56332 670 99297
56425 5680 92803
56445 3330 83268
56470 10020 5018
56480 10020 15434
56519 5010 67324
56546 12970 33839
56549 5010 19446
56572 11800 8180
56597 10020 23225
56618 6210 78022
56677 10020 25960
56682 6380 56657
56715 8600 91321
56750 9220 23732
56753 5010 24780
56754 10970 33933
56786 1960 35943
56790 5010 97466
56826 3430 43367
56921 14870 84524
56961 7850 35930
57001 10020 13039
57014 10020 10054
57015 1110 72976
57037 10020 73463
57041 1290 57194
57053 4320 87749
57066 1000 46360
57072 6360 32924
57115 5090 5082
57126 13350 17525
57172 10020 38119
57173 9070 52108
57228 10020 40323
57315 10020 8369
57325 10020 75427
57327 6830 97255
57367 10020 48101
57398 13140 59940
57410 10020 11883
57434 5010 44539
57444 5010 99607
57473 5010 49004
57481 10020 82361
57506 10020 49051
57512 5010 43021
57537 10020 54414
57539 9390 55773
57550 10020 87450
57573 4030 81063
57582 5010 53772
57598 5770 98272
57618 2980 50769
57643 5010 88589
57672 9190 68687
57708 3150 2092
57746 5010 79514
57754 14660 13234
57761 6370 35812
57816 5010 29663
57888 9700 43799
57915 10020 14607
57925 10550 13202
57980 6260 74552
57991 10020 63270
57993 5010 3633
58024 12640 20930
58063 10020 61420
58070 10430 90933
58089 10020 32688
58160 4170 7664
58181 7830 96387
58187 5010 88096
58199 9760 54907
58204 5010 79702
58217 10020 83066
58220 5010 36378
58271 5010 34
58276 90 4780
58303 10020 54674
58324 5010 30318
58347 5500 60427
58395 5010 31666
58399 12590 367
58510 10020 98734
58536 4960 93077
58586 5010 7240
58604 9600 35000
58611 10020 46199
58643 12200 97946
58691 14210 25092
58711 8900 11807
58731 8500 24812
58731 10020 49097
58738 5010 45103
58984 4400 53638
59008 10020 10
59024 8270 26961
59036 11890 57118
59039 7040 33284
59046 2560 94482
59187 10020 25978
59210 10020 92768
59255 7190 82373
59306 3830 2820
59308 9740 73994
59388 10200 81131
59441 1250 70360
59456 9410 63066
59571 10020 34846
59585 10020 59233
59603 10020 69243
59649 11020 51763
59730 9980 74301
59844 5010 4133
59871 3880 89466
59873 5010 22013
59874 5010 7230
59875 8610 54986
59928 11690 28703
59951 2450 7218
60022 13040 29447
60070 10020 40874
60097 10020 47056
60168 13160 44493
60238 5010 87933
60254 10020 94788
60434 10020 89476
60471 14710 58825
60525 5010 70846
60545 12100 97863
60559 5010 5115
60638 3300 39179
60672 5010 96601
60741 5010 78395
60760 10020 98343
60782 10020 91806
60792 14230 655
60844 10020 67013
60926 10020 86636
60929 5010 65703
60948 14980 9292
60981 11290 57900
60992 6440 69823
60992 14570 21854
61010 10020 78469
61020 5010 48061
61023 14050 2963
61036 3730 94402
61037 6930 46819
61074 2820 47816
61083 2150 37908
61116 30 93173
61123 520 5176
61126 6270 29687
61141 10020 58343
61178 5010 83922
61224 5010 29677
61224 11070 85208
61226 13100 41199
61280 2260 59012
61306 5010 54014
61465 10020 64468
61488 10160 94990
61660 12510 16294
61697 12420 79026
61706 14260 88315
61732 10020 72243
61778 12330 21212
61794 10020 97638
61819 10020 75763
61864 10020 8590
61890 5750 26276
61916 11810 69867
61972 5010 51190
61973 12870 21371
61977 10650 85905
62056 5010 24899
62169 4660 70743
62171 10020 47133
62371 5010 38162
62400 5010 25231
62404 10020 32668
62407 8820 65540
62415 9870 97959
62479 5010 62593
62501 10020 47819
62506 10020 24699
62560 8940 85882
62589 10020 11048
62604 8290 56567
62653 5010 87415
62669 5010 9949
62671 10020 87609
62672 5010 83529
62680 10020 59130
62697 10020 94902
62705 2890 90668
62742 10020 19643
62775 10020 46051
62825 12860 96997
62889 10020 91201
62918 8950 85180
62940 3270 88457
62995 10310 7106
63032 13030 66140
63117 5010 52582
63176 10020 22550
63218 10020 66076
63219 5010 63489
63219 10020 67001
63222 7770 86623
63243 5010 40704
63254 4110 96728
63264 12090 36694
63270 11430 5128
63286 5010 63579
63293 5010 46037
63383 5410 59127
63434 5010 75250
63453 13640 4166
63545 3770 79196
63549 2630 48981
63554 12550 81128
63647 5010 50885
63658 10020 31590
63677 12320 96820
63747 5310 30940
63792 6940 43871
63820 5540 57260
63822 10020 22913
63837 12800 21862
63851 5010 22029
63865 5010 36625
63869 4750 53205
63925 5010 73946
63954 2900 87297
64100 10830 59890
64106 5010 7814
64130 5010 50723
64187 5010 16914
64206 4530 73614
64284 5010 51332
64343 10140 50201
64344 10020 66162
64378 8750 53536
64384 5890 28882
64427 5010 14024
64457 5010 31823
64473 1540 20378
64674 5010 32574
64695 5010 51619
64698 14690 9149
64780 5010 99277
64789 3990 81476
64826 10020 61107
64854 5320 8407
64884 10020 38991
64905 5470 10713
64953 5010 72790
64985 10020 36443
65004 7800 49521
65046 10020 4355
65062 10020 43684
65158 10360 62420
65234 850 94283
65280 6650 75995
65306 5010 46770
65309 4330 55708
65327 5010 12853
65329 14700 30092
65350 5010 62364
65354 7230 10289
65480 5010 91027
65488 5010 76634
65519 5010 41351
65557 13830 5885
65565 5010 42961
65572 10020 61697
65582 10020 15623
65587 10020 9984
65602 2970 89102
65611 10020 3202
65615 5010 45172
65619 10020 79673
65637 5010 4472
65729 5010 57835
65741 5010 46150
65743 6460 38751
65759 5010 68237
65761 10020 72549
65774 5790 89320
65823 10020 76757
65842 5010 50278
65883 4010 34257
65889 14380 55502
65934 5010 84952
65964 4340 10886
66039 12830 66082
66042 10020 88287
66046 2400 20455
66052 4160 51231
66089 14360 89066
66194 2620 80415
66196 4930 67332
66241 5010 56870
66346 6230 87070
66411 8590 56182
66415 5010 71326
66458 5010 57771
66467 4860 14507
66590 10020 13293
66606 5010 72539
66672 5010 98941
66739 10020 92501
66771 10020 9752
66803 5010 87398
66816 5010 18912
66824 5010 46292
66918 12520 79635
66928 6280 44243
66997 4060 44575
67028 5010 91009
67033 5010 20017
67034 5010 22752
67099 10020 29158
67100 5010 19391
67172 9610 80674
67242 11390 13422
67256 5010 50854
67309 5010 76833
67334 5010 92850
67341 1500 19303
67417 11060 46716
67419 10020 74220
67575 7440 41308
67610 4840 73522
67651 10020 68365
67659 10020 47461
67670 830 53072
67770 5010 542
67778 10680 90202
67840 10020 21433
67862 6620 51764
67873 5010 55405
67881 5010 66505
67887 840 36408
67897 5010 86081
67908 10020 60529
67933 300 72901
67952 5010 68540
67996 10020 57684
68010 1080 20466
68097 10230 99240
68132 10020 21761
68347 10450 99412
68364 7080 72937
68367 10020 85103
68389 5010 48546
68419 10860 93326
68422 5010 25507
68432 4540 425
68445 5010 45073
68483 11570 68091
68502 5010 59184
68573 3540 34581
68586 10020 11784
68641 10020 7642
68646 12150 63175
68698 5010 77289
68707 11730 92221
68749 5010 44114
68840 9480 22706
68959 5010 74360
68971 4370 10855
68984 6480 71078
69036 13400 19500
69066 380 38581
69085 2780 96709
69099 13230 3981
69106 7660 36197
69116 2360 32804
69127 12110 39838
69132 10020 20813
69144 5010 17092
69185 1550 99770
69220 1890 18735
69227 5010 36220
69279 10020 11322
69299 5010 86160
69353 5010 199
69390 5010 87049
69422 10020 92973
69487 14530 27116
69496 80 85789
69521 5010 97556
69538 11510 85968
69581 7960 1527
69654 5010 47201
69657 4850 14532
69693 10020 87718
69714 10020 86390
69815 10020 98911
69886 10020 34801
69968 6200 21245
69984 5010 86255
69997 10020 6223
70001 3520 69711
70020 8210 52133
70141 5010 69264
70191 5010 14114
70206 5630 80995
70221 5010 70599
70244 11930 84613
70254 13440 96199
70272 10020 57730
70315 12580 54501
70319 10020 15702
70360 10020 5265
70409 5010 24919
70418 5010 76762
70422 5010 20767
70440 11950 59208
70456 10020 92378
70496 10020 30728
70518 9250 32795
70574 13650 45822
70593 5010 50018
70675 14860 14010
70685 10020 71405
70710 13020 54035
70761 9550 71712
70804 12050 11260
70827 5010 95093
70832 5010 91582
70838 12490 29552
70878 13280 8090
70889 10020 97063
70962 6430 5557
70965 10020 89984
71047 2310 14033
71099 1220 57699
71141 5010 13556
71168 10760 36158
71192 2060 10927
71224 5430 40473
71250 4950 69472
71260 10020 58994
71278 5010 37650
71356 5010 89530
71357 12620 11089
71381 2730 98289
71490 1750 19352
71546 1470 85038
71546 5010 60723
71557 1690 84795
71565 3380 8684
71579 4980 34504
71589 10020 3721
71599 3200 35191
71631 11710 98623
71667 5170 87211
71672 610 13231
71677 9940 99823
71721 2300 1269
71852 2080 14015
71862 5010 1102
71895 10020 92969
71922 1760 37402
71932 10020 99885
71940 5010 32358
71969 420 6293
71973 13370 49392
71986 12610 82217
72010 10020 25703
72024 6250 75203
72043 8040 71644
72046 5010 49749
72052 10020 58620
72087 10020 83858
72101 3800 24152
72137 10020 94113
72216 10240 13353
72238 9340 3841
72283 5010 35163
72303 10260 51350
72316 12250 86678
72319 10020 13072
72385 530 97866
72404 5800 68373
72442 10020 87543
72488 5010 2800
72506 10020 28516
72588 12000 14658
72595 10020 60742
72625 10020 60955
72637 10020 84410
72662 3000 40608
72662 5010 97186
72701 2690 75827
72723 10020 22354
72782 5010 24363
72843 10020 27347
72889 2480 7438
72935 1150 62029
72935 12380 99
72942 11630 13666
72972 7720 94401
73032 5010 20002
73068 5010 17774
73070 810 19436
73120 10020 4069
73199 5010 48223
73253 5010 98745
73287 5010 38001
73324 5010 80896
73364 5010 5058
73385 13290 99310
73411 10020 23977
73431 5010 78570
73529 5010 67666
73611 5010 41464
73675 5010 53816
73701 14910 98108
73723 7140 3626
73744 5010 54682
73816 5010 99228
73828 5010 88250
73881 5010 45757
73899 8110 95455
73917 3260 97201
73960 3050 49384
73980 10020 33951
74030 1260 39268
74039 5010 21638
74056 12930 65375
74064 1170 13843
74069 10020 52678
74124 10020 99081
74160 10020 82416
74190 10020 591
74216 14300 16802
74241 10020 80263
74294 14500 53228
74319 5010 49124
74337 2110 10227
74465 5010 63820
74472 1240 10265
74474 5010 29826
74515 10020 50284
74518 10020 41797
74565 10020 64455
74587 5010 73526
74677 14490 5035
74678 9150 45748
74730 3750 54161
74791 1160 757
74857 5010 13659
74875 5780 96586
74913 7680 73951
74917 11910 73371
74976 5010 22485
74999 14790 44747
75004 5010 55189
75020 10020 69093
75064 13470 80637
75085 8420 23922
75091 7110 84240
75100 5010 57687
75199 10020 67185
75224 6780 66034
75249 14800 85828
75331 14900 57210
75368 10020 38545
75464 3480 50423
75471 1640 29935
75471 5010 82128
75491 1010 92975
75562 10020 63844
75574 14590 45904
75615 5010 11474
75635 10020 71405
75645 2950 3762
75686 8390 20668
75687 5900 42578
75762 10020 59130
75804 10020 97927
75837 9350 29519
75844 4670 68760
75852 10020 9366
75872 10020 57222
75873 310 85318
75881 5010 37391
75941 10020 11588
76017 5010 75046
76019 11900 83341
76031 14830 79762
76036 7600 74231
76058 10020 81692
76125 5010 45841
76186 5570 75883
76228 5010 2253
76228 10020 93884
76232 5010 29726
76249 10020 99123
76279 5010 37391
76348 1920 79041
76362 3370 85478
76430 10020 32665
76483 9110 38940
76520 10320 64912
76577 5010 33984
76612 5010 33574
76615 1770 88630
76646 6980 14052
76704 5010 81189
76747 3760 17678
76771 10610 55204
76798 10020 32242
76801 5010 17607
76812 10020 52628
76827 5010 97554
76864 14310 20495
76944 6740 64579
76956 5990 6137
76963 10020 90842
76973 5010 74414
77032 5010 26767
77044 5010 67313
77049 10020 49396
77060 9720 20866
77179 10020 59913
77189 11170 67291
77197 2250 76254
77214 10020 52404
77292 1620 78413
77302 2850 22573
77308 7520 1167
77321 9750 81567
77325 5010 2146
77361 8070 19883
77393 10020 73053
77524 390 46225
77545 3090 50107
77562 9360 2213
77640 10020 19509
77643 7210 21816
77659 10020 79955
77688 5010 19123
77699 5010 26693
77826 10020 45913
77842 7950 99746
77845 5010 37919
77845 11100 9449
77936 100 18645
77948 9100 30015
77995 12940 85141
78004 5010 47515
78061 10020 2274
78108 6900 87219
78368 12240 98096
78375 10020 57883
78391 3700 63482
78402 10020 64409
78452 2330 7835
78482 5010 9196
78504 13510 67922
78533 1990 14251
78543 10020 24283
78560 5010 48530
78582 6110 16888
78670 10020 68519
78682 2800 9296
78722 5010 49674
78722 10020 60538
78767 13620 26363
78807 10020 46526
78885 8090 93128
79012 5010 97389
79073 7090 47801
79108 3630 98544
79143 5580 37377
79147 5460 48437
79175 5010 19317
79281 10020 56193
79302 10020 71905
79333 5010 15121
79337 1660 11412
79387 10020 15720
79419 10020 22388
79531 10090 95590
79548 10020 24922
79577 12980 11498
79692 10020 89168
79708 3240 7053
79740 5010 94774
79775 10210 25031
79849 10890 59632
79862 10020 90874
79972 8650 69
80030 5010 38513
80033 730 34236
80111 14650 28725
80115 14240 39688
80158 5010 40255
80191 5010 97770
80214 13900 87919
80231 10020 61469
80247 5010 60334
80259 10020 78470
80333 2960 68985
80450 3510 19792
80499 11990 20560
80501 10020 11772
80511 5010 31895
80541 10020 30223
80552 7000 20410
80560 14580 50604
80565 950 44290
80597 5010 88822
80604 10020 59501
80628 5010 2874
80637 10020 3131
80708 10120 82236
80726 5010 99365
80734 14190 87236
80788 10020 83242
80855 6040 48413
80905 10950 3474
80920 580 27329
80960 10570 26411
81080 5010 4323
81082 2390 41304
81099 11360 73234
81136 5010 15631
81182 3920 90696
81183 9690 56067
81202 13010 35153
81207 11050 81858
81231 10020 95916
81234 10020 4670
81238 5010 92947
81270 8300 24440
81294 10020 75537
81299 40 40269
81310 1880 79914
81313 5010 18190
81361 10020 15972
81383 5240 73563
81398 4440 14012
81430 9880 98762
81440 10020 2713
81453 10020 38811
81454 9810 23753
81535 3450 12328
81556 10020 15394
81635 660 51995
81652 14350 8337
81667 5640 12328
81688 9460 47290
81703 8240 27967
81711 5010 37020
81726 5010 14986
81834 6190 98344
81843 10020 21040
81857 9050 59173
81858 14270 595
81867 10020 90848
81895 5010 51159
81900 10020 6554
81908 3320 11317
81931 5010 71031
81953 12740 3662
81997 5010 85653
82014 5010 54738
82021 10020 876
82030 15010 72079
82066 10020 79413
82121 5010 36523
82133 7750 997
82165 5010 70718
82233 180 85756
82237 10020 23531
82283 9420 98711
82297 2920 81717
82324 10020 19836
82337 7590 48163
82355 14470 94595
82376 8980 32546
82396 10020 44837
82487 8990 18355
82497 5010 2698
82511 14160 73390
82577 5010 60532
82663 9730 97645
82665 5010 73531
82715 5010 47912
82738 5710 71377
82790 2670 99871
82897 10020 41770
82936 3220 83987
82968 10020 96190
82996 10020 46511
83082 5010 97929
83108 1950 93391
83134 20 20710
83171 6500 65554
83173 12440 32187
83185 12570 19295
83267 8180 27873
83273 1820 51584
83321 5010 44059
83329 14460 16854
83353 5010 57620
83356 10020 16734
83380 11310 63892
83396 10020 33496
83404 9130 51709
83412 10490 63891
83439 10020 68885
83449 10020 48304
83475 7240 69839
83502 160 75294
83513 10020 4882
83514 5740 70301
83524 10020 60811
83550 5010 99569
83630 10020 47118
83731 12130 85786
83742 5010 16775
83780 10020 19623
83791 10020 58729
83841 10020 51967
83865 1930 63919
83884 6170 15226
83898 10020 95013
83909 10020 9752
83914 12300 34837
83940 5010 55883
83982 4820 43929
83988 2170 32421
84017 5260 3510
84037 10020 31924
84061 10020 87573
84071 10020 55570
84080 10020 77002
84132 2540 69350
84139 13450 43858
84173 9710 86337
84271 5480 51403
84284 5010 57010
84334 10020 23605
84398 14250 64962
84442 3280 8945
84457 12890 58360
84488 10020 86032
84544 9270 68826
84611 12160 62057
84640 5010 44442
84690 5010 9913
84705 9640 59801
84707 10530 14841
84718 14560 81907
84749 5010 97483
84758 7460 79362
84779 8360 19917
84814 3500 38892
84814 5010 71222
84849 9140 46428
84897 13870 39334
85008 260 11526
85010 5010 15330
85038 13000 10531
85048 5010 39029
85180 6680 52846
85257 5010 54779
85257 10190 58152
85268 10020 49606
85283 10020 17652
85303 5010 8816
85336 8670 35775
85361 14110 74984
85368 5010 81984
85385 5010 42066
85388 10020 97448
85453 5010 73354
85506 5010 94602
85569 5010 55521
85593 10020 31454
85730 4610 12260
85735 5010 12759
85742 10020 37347
85744 5010 7292
85759 10020 21007
85894 10020 67969
85914 10020 81804
85922 6060 69754
85931 10020 67256
85940 10460 51927
85958 10020 5897
85984 5010 55606
86000 5010 94465
86001 10020 61907
86006 10020 33185
86042 10720 52148
86058 7710 78685
86087 10020 99432
86109 10520 76305
86123 8560 94080
86155 12850 70836
86164 5520 23606
86183 10020 30729
86289 14080 86021
86296 2440 73278
86304 10020 51939
86311 220 12803
86340 5010 46808
86375 6340 91227
86378 5010 23421
86379 5010 39693
86384 10020 50240
86391 5010 27088
86407 10020 51853
86427 6660 95611
86435 760 93382
86447 5010 51704
86474 11600 77475
86534 140 81393
86551 5010 71407
86556 13820 63861
86561 11090 42876
86628 5010 28689
86637 10080 1564
86647 5010 16335
86650 10020 14300
86705 10020 85891
86705 14030 18340
86714 9400 46877
86723 9380 21535
86742 5010 79742
86866 10020 55351
86964 12230 38396
86966 5010 76650
86997 10020 74907
87013 10020 12235
87033 12660 84506
87054 2680 84075
87089 6570 61165
87090 13080 68234
87121 9210 11159
87122 13790 27205
87206 5010 96239
87219 12960 21716
87222 10020 27134
87280 10020 98598
87303 10020 96318
87357 10020 82777
87359 10020 41755
87369 12030 41536
87439 6580 48849
87449 9960 70058
87504 10020 26082
87505 13090 49667
87527 14810 96716
87528 11340 1990
87536 10020 25792
87567 1030 67693
87647 5390 18401
87670 11850 63492
87675 10100 39665
87713 9560 55391
87732 4970 49431
87752 5010 49016
87814 5010 36439
87820 3900 67535
87843 5010 56004
87924 5010 4461
87933 5010 3507
87945 5010 51765
88063 5010 43114
88070 10020 39785
88083 6920 50141
88108 5010 76736
88131 3530 4362
88154 10020 12012
88171 14600 42600
88185 13200 67725
88187 10020 81400
88204 2040 95873
88310 10020 18428
88326 10020 60555
88355 10020 33524
88465 14040 63992
88483 5010 25103
88549 3930 61549
88559 10020 92675
88603 2090 50016
88645 10020 9518
88663 5010 32454
88665 11640 2264
88820 5010 13348
88827 5010 76724
88839 11740 79777
88900 10020 32722
88934 10020 87015
88956 10020 56150
88987 5010 85274
89004 4460 97054
89020 14090 83044
89068 5010 77641
89096 14180 11231
89112 9670 25999
89160 5760 53705
89188 11540 72206
89215 6600 47272
89244 5010 29596
89245 5010 82192
89336 6120 55490
89343 9240 5358
89384 6960 97034
89417 4430 39031
89439 12190 9750
89494 10020 15423
89548 10020 95512
89577 7220 89007
89579 2930 54024
89632 5010 26284
89647 1900 23159
89671 10020 7572
89673 8540 60698
89721 5010 40303
89724 5010 22399
89725 2660 24381
89728 5010 2891
89785 10020 36742
89798 14720 91895
89819 7150 10963
89822 8080 81991
89838 9030 2849
89848 5010 40841
89917 5010 46529
89984 7540 52726
90097 5010 67121
90202 10020 4246
90208 3170 97540
90236 5130 49270
90264 1980 30231
90339 5010 79990
90354 9020 3032
90421 10020 38379
90468 7890 81380
90473 13190 51018
90567 3100 80844
90573 6320 38883
90594 10020 7794
90605 8010 13280
90666 10020 73221
90675 10020 92383
90682 6790 15769
90734 10020 46636
90788 210 76487
90829 10020 51371
90871 5010 42420
90939 7740 20605
90952 5010 7596
90965 5010 52031
90971 2910 42252
91014 10020 58597
91065 10020 32640
91081 6590 92996
91087 5010 71757
91104 10020 92667
91132 5010 99385
91135 5010 52811
91186 1700 57357
91205 10020 93816
91293 10020 40986
91295 5010 70354
91323 12460 36832
91424 5010 10650
91435 11880 7365
91440 4300 27167
91466 8170 24010
91476 10130 77393
91500 4200 72809
91511 5010 20037
91530 3570 38733
91531 5010 26314
91540 11820 60035
91548 10020 4048
91575 2240 30497
91626 10020 87069
91668 5010 59177
91696 7650 13750
91782 10020 39221
91794 14070 89950
91802 11770 61611
91814 10730 97882
91817 5010 17453
91984 9430 84993
91995 7550 44577
92004 11680 44366
92020 5010 24168
92045 10020 53404
92049 7790 14092
92076 13880 71382
92086 10020 27914
92112 10020 85334
92121 870 66528
92142 2830 7021
92158 7580 46428
92203 2940 89048
92303 10020 77950
92313 5010 35342
92377 10020 68086
92398 9060 21168
92424 11720 12832
92457 10020 20623
92471 5230 52644
92484 4120 99776
92569 10020 33720
92613 5010 8949
92631 10020 30059
92638 5010 35560
92840 10020 87226
92900 8890 58282
92934 6140 55012
92991 4720 35611
93001 2550 41118
93031 10020 90920
93057 10020 96887
93082 9080 11535
93095 9630 78296
93101 650 5385
93177 1570 33291
93204 5010 47844
93291 5010 56087
93335 10020 49647
93336 10020 68589
93345 8030 2596
93346 10510 45997
93430 10020 96561
93473 14440 7796
93486 12560 16068
93493 13780 83980
93500 5010 81091
93524 10020 63565
93592 2470 148
93593 4570 84704
93615 3420 26335
93689 5010 61150
93750 5010 11477
93765 9660 46359
93834 11860 55293
93851 4900 79397
93892 14370 74521
93964 5010 27435
94077 5010 27286
94091 10020 17248
94205 5010 66879
94210 710 43220
94229 10280 98043
94256 8250 92367
94263 6720 75034
94320 10020 4302
94388 70 969
94424 5010 78370
94436 5010 63937
94486 10020 51463
94508 7500 83864
94522 1630 29502
94535 14920 15087
94586 10020 82945
94597 2130 30934
94616 1740 44134
94641 790 52172
94668 8800 27736
94692 10020 65484
94703 8850 35636
94733 2590 90412
94777 5010 73262
94805 9840 75222
94827 5810 531
94835 10020 2630
94852 6410 34893
94918 7990 93030
94924 7820 6119
94952 7410 12310
94978 3780 5577
95018 8490 94609
95027 5010 52653
95032 340 4948
95100 10020 93388
95106 980 56620
95159 10930 63679
95163 10020 21470
95174 11320 57593
95325 4270 14380
95337 10020 60149
95357 10020 95845
95437 10020 99302
95495 470 54982
95575 10020 23589
95587 5940 61780
95707 6630 74219
95716 5010 74687
95771 780 18092
95772 10020 27928
95783 4810 36486
95783 8230 68124
95834 4150 89866
95838 10020 11056
95839 2050 95093
95877 10020 92466
95903 10150 13235
95931 5340 90730
95933 2610 31423
95941 10020 62606
95973 6750 97226
95980 5010 26803
95984 10020 69848
96078 4920 20117
96159 10020 66462
96164 6910 13280
96231 12880 8639
96242 13680 48577
96261 400 91684
96271 3840 9391
96395 5010 37119
96406 10020 33940
96416 13520 90858
96429 10840 35786
96529 5010 89420
96583 5010 56137
96612 11190 45521
96641 5620 224
96720 10020 13413
96738 6820 81976
96759 10020 6915
96763 11140 99164
96777 10020 14122
96794 3940 72045
96857 5010 46504
96900 5010 50756
96950 5010 43544
96958 7490 41994
96989 10020 88519
97041 10690 35354
97042 9950 10819
97075 5010 64780
97091 10020 72912
97091 10900 53910
97190 5010 98510
97217 10750 50867
97237 2490 10006
97271 5010 37073
97282 10250 92101
97287 5010 24141
97287 5220 45366
97464 5010 24039
97472 110 84248
97477 7640 47663
97506 10020 77693
97636 4050 98967
97702 4780 75909
97706 600 32225
97728 5010 30735
97797 10020 68519
97852 7070 50287
97934 5010 98431
97935 5010 5150
98043 490 71237
98082 7700 86741
98102 12280 67711
98131 5010 50698
98136 10020 81459
98235 10020 1781
98253 14960 30969
98281 13630 96348
98294 8130 47474
98316 5010 83324
98424 7400 48693
98476 9470 3446
98504 10020 29883
98520 13940 14985
98527 8380 14987
98545 14130 31795
98552 5010 85475
98567 5010 62410
98579 5010 38967
98615 10020 56525
98633 10020 11065
98639 11420 16023
98671 13700 96520
98684 8330 66417
98731 5010 36123
98743 6290 88338
98745 5010 66071
98865 5010 43722
98866 540 70612
98866 4770 13572
98901 10020 83540
98930 10020 13866
98948 5910 57268
98950 10020 37969
98952 12530 50510
98975 2760 31241
99023 8020 2554
99041 11040 99773
99109 10020 42565
99122 10020 88701
99130 5010 18323
99132 5010 25953
99181 5010 83881
99188 7610 28108
99194 10020 61448
99198 4500 91009
99214 5010 24304
99266 3390 35227
99346 10020 98931
99385 3890 58502
99409 2320 69828
99490 3460 60893
99570 10020 91052
99595 9540 26181
99630 10020 7483
99670 7620 66464
99674 10020 85721
99687 5010 86753
99741 12670 66043
99753 10020 83676
99799 5010 58727
99883 10770 16650
99935 5010 11126
99935 6530 82995
99936 10020 79141
99959 10020 42757
