3000 10000 15045 47126
126 5550 64319
176 9030 66873
180 7000 57349
239 4200 62186
242 11280 29259
271 7520 92574
329 7520 97682
355 4820 27592
376 11280 80403
406 7520 41487
409 8730 56483
457 5380 36332
464 11280 59624
466 13580 36354
482 3760 72456
600 10430 99948
677 7520 70151
689 13600 98434
715 6150 46956
786 11280 51739
787 6000 56371
831 7520 32421
869 11600 86730
882 7520 8347
927 3760 84518
947 11280 21902
963 11280 17812
1032 12050 43046
1037 3760 3865
1045 4760 52281
1064 6540 55081
1071 3150 43359
1116 3760 74231
1137 2880 64595
1164 3760 32798
1169 3710 45768
1265 11280 26285
1266 3760 90738
1276 11280 22456
1281 11280 83361
1287 3580 44570
1296 3380 14982
1297 7520 3432
1324 11890 62089
1382 7520 96833
1409 6610 64916
1476 3760 16694
1525 3760 89761
1584 11280 79510
1597 7520 31881
1649 3670 86393
1679 10690 64971
1707 3760 35757
1722 6350 54290
1744 7520 62734
1762 1470 59823
1792 9600 44488
1793 8980 80965
1870 11680 5257
1883 2350 19542
1940 3760 62192
1975 11280 79560
1979 5770 60281
2037 5120 97919
2084 3760 60532
2188 4230 84681
2226 5270 12215
2238 12380 7198
2281 2010 77081
2282 3760 2135
2328 3760 23230
2339 7520 22471
2381 4220 88184
2464 7520 56488
2543 4580 11700
2590 8010 84739
2613 11280 64114
2621 3700 76058
2625 9880 24678
2632 1170 50923
2641 12910 71596
2651 2640 75781
2724 11280 90170
2759 3760 5417
2773 3420 64605
2775 7520 37773
2795 990 35044
2819 3760 67919
2877 11560 21656
2901 11280 65890
2958 3760 34059
2977 8350 83353
3041 7520 3243
3059 7490 72456
3112 5440 44011
3203 11280 38851
3251 3230 93645
3275 7520 3706
3315 7520 81403
3318 15010 69802
3509 14070 9204
3682 3760 19264
3696 9690 93213
3718 4430 3086
3740 3760 68769
3777 11280 18817
3790 11280 80160
3791 3760 61416
3803 1610 89505
3821 11280 15917
3865 380 65461
3865 3630 78972
3956 7520 25946
4128 7520 91583
4152 4450 29495
4249 6410 17577
4255 9050 89612
4304 7520 25946
4312 7520 58622
4326 7520 25396
4329 10500 32688
4383 9940 48827
4396 13370 19682
4398 7520 25264
4473 11810 35762
4571 760 29470
4629 3760 26303
4657 3760 22572
4660 11280 41917
4693 7520 30563
4738 1410 67221
4742 14320 83244
4767 8920 88535
4768 3760 41868
4785 3760 2477
4790 11050 25466
4796 2920 33732
4827 13680 6580
4856 3760 6589
4870 2430 87171
4987 4030 68428
5007 9910 10187
5032 7520 89878
5034 3760 68193
5063 7520 48666
5087 11280 42113
5094 10570 48615
5095 10040 38106
5136 3760 6900
5144 14000 58630
5193 5570 93331
5200 4800 70083
5210 6490 34113
5243 11280 80872
5321 7520 29035
5322 3760 8883
5339 4010 42209
5358 7520 3388
5404 11280 56677
5405 11480 48191
5422 7520 82994
5466 12250 14390
5526 3340 33036
5537 13750 6580
5544 3760 62189
5545 7520 669
5560 7520 30848
5607 3760 86829
5645 7520 65577
5661 3760 14348
5687 7520 71376
5756 900 48257
5758 7660 10336
5779 3760 21872
5807 3760 89988
5831 9640 69291
5839 1660 4291
5906 3760 41308
5906 11280 57978
5978 2050 42339
6065 8700 91689
6081 6940 93771
6086 9740 15892
6113 3760 94293
6193 2380 28306
6196 6290 23719
6241 6090 60548
6274 14920 61963
6304 8850 22081
6304 11280 64722
6345 11280 35500
6346 3760 94814
6364 10840 74318
6454 3760 51455
6569 3760 22249
6673 3530 21636
6678 11280 73637
6701 10100 96228
6703 3760 83458
6720 11430 79646
6757 13770 91879
6780 2160 5377
6782 11280 90382
6795 8790 5802
6799 7520 36326
6840 1340 1189
6916 1830 6018
7032 3760 60212
7054 4810 21618
7056 5740 87176
7060 2570 26858
7075 11280 84977
7082 5640 91900
7166 3440 73136
7362 4830 97214
7487 11280 60882
7534 11280 80358
7628 6560 28383
7642 12010 64150
7767 3760 59720
7786 11280 19651
7875 11280 63325
7889 5700 53918
7912 7520 9440
7993 3760 15868
8001 11280 41853
8031 60 27148
8049 7520 92418
8080 630 8234
8137 7520 89289
8190 7520 76479
8201 3760 15640
8313 11530 79744
8329 11280 49068
8347 5110 27975
8370 11280 68473
8394 5090 27330
8451 5430 94972
8477 11280 64410
8481 9770 25700
8487 7520 73164
8519 11240 51883
8548 14960 15822
8581 13050 68366
8598 3760 7551
8666 7520 82130
8703 7520 47756
8732 4100 9821
8756 11280 2801
8768 4620 62547
8832 3760 15223
8873 7520 46351
8967 9680 53896
9001 7520 51240
9024 10850 32751
9046 3760 25267
9069 3760 92329
9075 11280 37907
9083 3760 22915
9137 3760 30380
9168 11280 90229
9171 9140 81168
9195 2780 4410
9242 12160 22954
9279 7520 5997
9284 7520 5803
9295 7380 92378
9319 11280 64085
9330 11870 13365
9345 11280 10519
9354 11280 52510
9369 11280 43813
9374 3760 31663
9418 1760 90073
9462 7520 56642
9519 11320 93466
9522 10630 57488
9581 11280 77365
9600 8050 82831
9609 1530 51522
9649 360 63176
9661 11280 74020
9755 11280 98506
9763 7520 20943
9785 7520 26634
9791 2510 68075
9901 7520 26421
9938 3760 40176
9948 7520 50817
9958 7520 30987
10026 7520 15629
10070 13940 22429
10093 3900 69787
10105 2850 87164
10169 11280 15415
10183 14140 59815
10214 6720 7899
10258 1390 39052
10266 7520 14213
10276 3760 56674
10328 2250 82075
10393 2180 42898
10408 9270 28732
10411 3330 95014
10448 2060 55410
10524 11280 87367
10533 8740 31664
10549 7520 30973
10556 5140 97968
10574 4260 19587
10620 14850 22596
10662 6470 73665
10667 7520 24212
10679 12100 71834
10719 11280 95732
10727 7520 49226
10772 1780 79663
10772 11280 75004
10839 3760 10676
10932 11280 83915
11007 7520 70846
11025 7520 4642
11085 6400 84054
11133 3760 82830
11207 11540 86011
11228 9610 3320
11242 10220 89260
11253 6370 39494
11314 7520 66298
11316 2720 5198
11322 10260 80472
11357 1370 88580
11388 2310 19487
11389 4650 32277
11429 3760 87728
11429 8100 52090
11546 5210 27236
11588 7290 27822
11624 7090 47160
11633 4930 81286
11687 5980 38202
11696 5350 86142
11836 3760 10225
11864 12540 33340
11906 7740 95615
11915 6900 71013
11975 9060 31502
12001 3760 98333
12011 3760 91765
12045 7520 91160
12184 11280 27483
12239 11280 20014
12254 2700 4917
12261 4370 18112
12362 9660 24496
12384 3060 32800
12455 11280 55054
12478 7080 14800
12520 7520 28142
12545 8190 66205
12555 3760 9297
12556 3760 7623
12584 3760 31088
12625 11650 26693
12664 3000 80302
12711 3830 9478
12715 11280 32998
12719 7520 78312
12846 7520 20418
12876 7520 30755
12946 7520 30627
12980 2960 30860
12997 11280 204
13009 7800 20443
13013 5870 89100
13076 7520 20435
13099 14500 26834
13110 11280 24660
13117 11280 94713
13157 7980 67698
13169 7520 18440
13200 3760 59807
13210 10920 53498
13251 6800 10809
13259 4910 24973
13268 7520 30969
13320 4160 13730
13328 11280 50587
13328 11370 19520
13378 12000 50288
13422 7520 61320
13447 11280 52289
13518 3820 65059
13538 12710 91883
13581 11280 77081
13612 3760 26368
13668 9400 79496
13681 13480 35996
13685 11280 84260
13739 4780 14479
13780 3760 23835
13791 10580 83274
13810 11280 39803
13850 3760 17497
13866 2890 91644
13874 1860 95358
13897 7110 32808
13938 11280 36889
13958 3760 27294
14016 2550 82082
14025 13780 42604
14033 2810 80381
14087 3760 2883
14115 2750 75117
14116 7300 1775
14169 4310 86969
14241 9210 93625
14255 3760 3818
14257 3760 56305
14281 3760 411
14384 3760 69387
14397 9390 37389
14407 3760 8832
14432 11280 65664
14447 800 39673
14450 9010 84900
14568 5830 12747
14576 8830 10464
14640 11280 32743
14713 7520 57079
14718 11280 67735
14741 7520 8233
14790 14200 95216
14823 9080 40863
14880 13390 31274
14926 7520 98999
14931 14260 78131
15037 7520 52178
15056 11280 45369
15071 11280 17618
15081 7520 84163
15134 13990 59105
15136 10830 61061
15145 3760 3872
15160 7520 42642
15174 11460 37778
15180 12370 15188
15259 4970 12127
15262 11280 26439
15268 11280 55801
15287 11280 79148
15315 3760 24675
15375 3760 64155
15404 7520 46991
15439 7520 35740
15450 11280 28419
15457 6640 34340
15470 720 68605
15470 8710 99862
15484 11280 18784
15549 11280 82127
15599 3760 98153
15600 11280 66340
15608 8250 25284
15660 11280 39630
15697 7520 1913
15763 9330 80469
15825 3760 17762
15899 7070 6082
15905 11280 89426
15926 3760 39333
15975 20 52051
15992 4290 79803
16069 12410 71303
16105 2860 21865
16127 3760 52248
16185 7520 92282
16234 9040 64080
16273 15020 35966
16286 1670 11906
16311 7520 64984
16321 7030 36188
16323 6040 40670
16415 10420 83429
16498 12550 27988
16510 6770 11208
16535 11280 59323
16543 3760 51784
16552 7690 50547
16554 11280 22872
16609 6200 55479
16628 8910 94668
16654 11280 42733
16685 9020 34449
16696 5890 11350
16801 11280 55301
16810 4550 40908
16857 4990 54698
16969 3020 93393
16982 12830 84494
17013 6120 31330
17020 1570 69006
17048 7170 19612
17160 7520 70062
17181 5000 144
17206 11280 19680
17210 7520 46081
17261 5370 16993
17324 3760 17710
17330 11280 83666
17387 8780 17328
17388 7790 43515
17407 3760 9419
17413 11280 6881
17419 6020 6682
17433 14280 80387
17550 7520 1689
17596 6910 36513
17690 11280 95849
17699 7520 87967
17713 1280 26234
17716 3500 78937
17738 14110 87811
17750 7330 41900
17798 7830 66507
17817 11280 88546
17826 2540 14166
17918 11280 15327
18081 11710 30555
18114 2370 8015
18153 3760 25104
18171 3760 23827
18238 4420 55668
18255 7520 49021
18275 9100 68836
18277 5050 97570
18377 11280 94012
18457 7870 2814
18522 7520 40555
18554 7520 59715
18555 3760 16597
18570 3760 25049
18578 13280 69126
18588 7520 65440
18616 1440 13274
18632 120 74175
18672 3760 82366
18684 3760 59284
18693 7520 21983
18831 7510 14510
18933 9530 78819
18943 5500 5071
18972 7520 60961
18978 12030 56906
18983 14210 25105
18988 14600 88496
19006 11280 34541
19016 12120 19999
19068 11280 25450
19086 7520 53280
19193 11280 56199
19206 11280 8271
19283 7820 88303
19312 14940 77188
19324 9420 33871
19337 9260 22521
19347 14690 15621
19352 7520 79228
19399 3760 2643
19445 13340 56318
19479 3760 56190
19488 7520 26149
19505 7520 35266
19520 3760 49028
19588 6760 40565
19635 14640 75535
19725 960 79112
19734 7520 36980
19737 2200 65978
19864 3760 7594
19950 11280 91729
19967 6850 17266
19979 7520 90630
19981 5220 45290
20032 1810 30323
20035 7520 53223
20054 7860 59590
20073 11410 58383
20098 12960 39386
20258 12210 88313
20274 11280 63347
20278 11500 95078
20312 11280 78373
20447 11280 38365
20520 7130 95853
20521 12850 35515
20526 8130 96657
20539 6590 29838
20585 10940 16446
20619 3760 25875
20628 3760 62036
20643 10650 28636
20656 7520 28061
20682 3760 97759
20688 11070 20511
20740 7520 3781
20799 3760 96928
20832 2630 88109
20868 6320 96969
20888 6050 26529
20956 11260 1473
20990 7520 28146
20992 4590 15950
21023 110 50338
21046 14120 5605
21057 7520 42867
21154 7520 27475
21230 10250 43312
21248 7520 37317
21277 11280 25108
21292 12280 69836
21342 7520 32788
21417 5610 4838
21449 11280 82394
21512 3760 32087
21557 7520 85819
21560 7520 8295
21650 3760 81327
21661 4640 13427
21746 11280 22952
21799 7520 7780
21810 2140 4323
21822 4250 12596
21902 7520 96447
21926 4980 7421
21948 2390 75299
21978 11280 88642
21990 12840 31229
22028 7520 65630
22047 7520 20372
22061 11280 43315
22077 3760 54405
22188 3760 47296
22199 1450 39285
22223 3760 19023
22244 11830 7106
22318 6360 28445
22394 7520 64097
22410 3760 98621
22470 5590 43632
22488 10520 50213
22497 7840 48048
22504 7520 98328
22507 14620 6864
22567 5240 73184
22576 13130 67298
22589 7520 63773
22603 11280 98481
22606 14810 56638
22608 1990 77296
22655 3760 8692
22668 7970 98203
22747 8300 94704
22797 1920 35324
22818 3760 93072
22852 11280 99767
22886 3760 23207
22959 7520 16442
23062 3760 45142
23155 11180 62667
23246 8280 83421
23261 13860 82050
23288 3760 1143
23293 3760 5921
23319 7520 98010
23357 11280 74375
23361 2220 41330
23386 7520 39037
23510 7760 60163
23559 7520 20737
23583 7520 66224
23599 11900 67354
23601 3760 60861
23622 11280 89836
23654 11280 76033
23665 3760 27920
23678 3760 5755
23707 7520 9660
23744 7520 52024
23746 3760 36561
23808 1140 2348
23833 7520 36457
23910 14510 84072
23942 8500 59289
23953 7520 62665
23998 3300 82337
24055 11280 92965
24068 1150 94688
24089 4380 71574
24090 7520 12589
24163 1940 79488
24183 7520 93579
24251 11280 4098
24285 11280 24240
24335 970 2630
24385 3760 65061
24404 11280 76639
24409 11590 60853
24421 11580 77886
24488 11360 76295
24495 14630 3968
24508 4850 77183
24534 3760 73455
24664 11280 57841
24665 3760 47745
24709 7520 75370
24733 6680 2102
24771 7520 22001
24814 6500 91805
24818 7520 26915
24869 7520 19056
24879 12090 40353
24923 8860 4797
24980 1720 8667
25003 7520 47363
25025 11280 25870
25054 7520 47225
25090 3760 49373
25092 3040 28276
25094 7520 37510
25165 7520 52039
25237 1420 33671
25291 3760 7906
25297 3780 63575
25350 1890 12043
25380 11280 43424
25398 11280 39367
25459 4280 35797
25460 7520 72699
25489 11280 5622
25510 7520 51928
25568 11280 84572
25586 950 59739
25586 3200 37510
25608 3210 95167
25629 10370 69135
25644 3390 24645
25645 1590 29069
25668 13560 24835
25687 3540 52592
25724 11280 62918
25737 7520 36167
25760 11280 12390
25768 13450 62791
25780 3760 78444
25789 4120 85060
25831 690 85914
25850 11280 93855
25852 3760 7476
25901 5480 39352
25924 2320 49723
25989 530 15456
26013 3760 24368
26030 11280 79901
26054 13190 57398
26091 6480 59122
26102 3180 66219
26147 12360 38
26197 8880 16627
26236 3760 62742
26273 10870 48594
26356 6110 77790
26424 7520 26933
26438 11280 33737
26493 10510 96146
26500 3760 54636
26510 7420 26659
26514 11280 85538
26550 12040 12285
26566 11570 91164
26597 3760 95191
26646 4040 13884
26719 3760 19657
26756 3760 25210
26767 5530 97022
26775 7520 5825
26792 5630 680
26853 14570 39638
26863 3760 84906
26931 3760 63259
26941 3760 58404
26955 7520 58151
26965 3760 27594
27021 7520 87981
27060 10350 30665
27188 10700 67851
27203 7520 30268
27248 11630 28153
27274 6810 60362
27279 11300 45230
27334 11280 56926
27362 4300 18009
27369 7520 18539
27377 3760 88390
27414 5150 37626
27519 14660 601
27555 7520 59038
27573 7520 74794
27576 13660 90689
27591 12400 5420
27608 5470 91754
27614 11280 57615
27644 4210 12112
27666 11280 96956
27732 3870 40719
27749 3240 83919
27767 11280 81097
27871 11280 6300
27877 7730 50031
27949 3760 68101
27959 11280 12941
28004 3760 80381
28028 390 65792
28107 7520 42299
28127 13010 99234
28149 11280 53218
28150 8610 46271
28173 13890 60243
28197 11280 79475
28263 7520 44673
28309 3760 18824
28329 1310 14034
28336 1560 58498
28365 11280 41967
28494 7520 81832
28503 3760 300
28512 7520 27995
28534 3760 66913
28640 7340 30217
28669 7520 4837
28696 7520 80718
28713 3760 46073
28728 3760 2772
28773 7520 27181
28788 3760 14463
28835 3760 17756
28861 2280 64623
28891 7520 15835
28921 4320 7087
28945 14990 37663
28952 1090 95008
28971 3920 92989
28998 11280 89251
29010 3760 28263
29047 13790 98466
29056 8540 23450
29078 3640 34348
29084 7520 76562
29084 14480 9684
29095 7520 21498
29196 11280 72888
29206 9230 78408
29225 10590 5093
29226 7520 77537
29275 3760 86326
29289 13570 63591
29331 7520 29615
29334 12940 47295
29433 7750 66099
29440 11280 34633
29448 11280 67052
29462 6990 48430
29463 7520 38168
29478 13880 39021
29516 11280 43510
29527 5340 77658
29544 300 99531
29634 2410 55413
29675 7530 56351
29724 3760 47472
29747 280 19949
29876 3760 14639
29877 9110 87016
29970 3660 9510
29976 3760 55990
29990 9630 36573
30001 14010 38289
30056 1880 67013
30056 11280 29837
30071 11280 86366
30198 2440 90572
30238 6100 34564
30254 9670 56835
30321 7520 80815
30332 3760 79989
30366 3760 61973
30387 7520 18833
30440 10810 11070
30448 4340 19239
30481 11280 58786
30573 9620 38438
30588 11280 51127
30597 4840 59961
30682 3760 22519
30699 7520 68495
30754 7520 18066
30774 9590 94971
30778 5670 79223
30786 3760 71649
30787 12070 25984
30798 6280 50178
30826 7520 86045
30857 2980 40495
30878 7520 43598
30890 11280 45373
30919 510 20621
30950 7520 54563
30994 11280 90505
31002 14770 72916
31037 5310 53928
31077 7600 89784
31080 11280 40471
31101 11280 79407
31134 7950 18055
31135 5840 99713
31183 3760 66903
31208 11280 24604
31252 2870 5800
31312 3450 86863
31315 3760 90174
31326 12230 21616
31372 11400 35546
31375 11280 37909
31426 3760 7052
31433 11960 78595
31505 3760 16672
31623 7520 73646
31684 11280 28511
31710 7520 88704
31716 3760 13022
31775 13850 76450
31788 5880 89357
31825 12930 20764
31826 7520 39437
31841 12440 18543
31868 11690 80374
31976 8520 8235
32052 15000 79154
32064 9870 75751
32069 2080 6565
32086 430 88961
32096 11280 69291
32105 11280 32490
32169 14230 26231
32189 8470 95692
32278 11380 10545
32333 7520 56510
32416 13320 44854
32420 7520 43494
32433 3370 73322
32442 14760 8314
32470 12750 93602
32503 4240 20487
32512 3760 71487
32523 11100 35260
32552 8900 62153
32556 1550 66703
32582 11280 34839
32586 3760 5293
32655 11280 29208
32656 7520 85926
32664 170 75346
32760 290 2632
32773 10610 83996
32775 5230 58604
32797 7520 22174
32951 3760 33435
33005 7520 955
33053 7520 74150
33077 3720 72669
33141 11280 99408
33146 11280 62280
33150 9200 47885
33169 11280 80051
33189 3760 48932
33207 11980 18946
33217 7520 12038
33226 3760 20751
33235 7020 83462
33255 7520 29718
33280 3760 54289
33300 3760 62755
33315 5510 89967
33359 6010 89212
33365 600 52615
33498 4570 68247
33510 3760 29089
33550 3760 81762
33572 3760 97376
33576 1500 35950
33586 4940 8242
33623 6380 38927
33676 2560 63417
33703 7140 40539
33728 11280 84237
33747 13960 82118
33769 3760 11579
33827 7960 83298
33878 9250 64784
33889 7520 63254
33912 12570 3024
33929 3760 84582
33930 14050 1212
33936 3760 20545
33939 2910 13474
33961 11280 93608
33971 11280 92822
34009 7520 39982
34033 13220 23516
34039 8420 58047
34082 11280 85260
34088 7640 62694
34093 3760 81742
34099 7520 90663
34115 13100 573
34135 14350 50240
34140 3940 30341
34147 5180 29345
34168 3760 41459
34189 2660 76823
34190 930 19306
34215 7520 70941
34232 3770 64148
34321 14310 23888
34335 2470 38567
34342 3760 30065
34418 11760 18204
34482 12870 26225
34508 10300 14696
34576 3760 13899
34628 11280 16082
34711 7520 6156
34836 7520 53109
34836 11280 11808
34882 6860 4866
34899 3800 9528
34903 7480 80258
34941 1080 22217
34983 3760 17804
35022 3760 79977
35079 7520 37876
35237 14090 61030
35312 12470 17035
35313 1360 69521
35325 3760 84616
35456 11280 45908
35513 540 78840
35538 5390 57642
35619 3760 44121
35712 4740 81046
35724 11160 15404
35754 3760 77946
35802 11280 56465
35806 3760 43896
35829 160 88751
35835 11280 58379
35887 9490 69563
35898 7520 12977
35901 3760 88779
35914 3790 93183
35997 2840 36541
36025 12580 71073
36027 2490 67444
36047 870 25731
36113 5400 72534
36165 2120 37144
36189 3760 4895
36194 7520 28026
36251 7520 35832
36257 7520 41669
36323 7520 37583
36353 11170 19982
36426 7520 23499
36479 13840 95744
36518 3760 25576
36574 7520 46065
36577 4900 98825
36637 2460 24833
36689 12690 52075
36713 3760 78957
36742 5540 46038
36766 9890 80893
36772 11280 78777
36801 10000 43171
36804 680 10335
36847 12390 18653
36849 7520 54274
36851 9340 37662
36858 4460 25212
36872 3760 86603
36872 11280 99821
36877 8640 50830
36948 11280 28741
36952 3760 524
37008 8370 10420
37021 5560 81081
37026 8650 60887
37074 3760 65419
37104 5100 27538
37110 3760 59490
37120 4390 29057
37184 1110 2825
37208 7520 17924
37219 2330 46099
37269 3760 83368
37281 580 18135
37334 14740 59678
37344 12760 14447
37413 3760 39063
37453 7520 86860
37472 3760 97777
37485 8260 13778
37490 11280 85869
37496 3490 86809
37508 11280 80511
37521 5680 56016
37545 11040 18705
37597 11280 32131
37599 660 87016
37607 7520 63803
37634 3760 36753
37652 3650 71934
37758 10030 33861
37759 7520 6507
37848 7410 60397
37859 3890 52080
37866 11280 96119
37959 11280 65050
38089 7520 2339
38097 590 73740
38099 7930 65546
38104 8200 32324
38109 7520 62099
38164 12180 82213
38183 7520 1520
38268 7520 18203
38301 10880 7579
38310 14240 6358
38317 90 33379
38337 14380 39404
38395 12300 25796
38399 11280 87696
38431 11280 57999
38438 7520 84455
38467 3760 25654
38467 11280 75946
38488 14430 76391
38495 14490 1203
38517 7520 74243
38541 980 1717
38571 14520 259
38573 12310 88402
38670 11280 67345
38686 14820 48097
38720 7520 68587
38735 7460 90664
38746 4500 49949
38747 14800 3377
38760 7520 60100
38770 11280 29665
38873 11280 55522
38888 7520 17743
38889 6240 39520
38986 11280 60867
39016 3760 64939
39020 4470 45495
39033 3760 97286
39070 10770 71359
39081 10450 28573
39125 11280 22022
39202 500 77948
39250 3760 21714
39295 7520 54108
39308 3760 41817
39312 3760 99885
39358 7520 81283
39380 7900 96095
39407 810 37568
39417 3760 92598
39439 11280 27133
39488 14180 17417
39536 11280 58114
39588 11280 83908
39609 3760 90100
39611 11280 39885
39616 7520 97869
39634 11280 91145
39669 11280 70209
39695 7520 91429
39697 6230 79018
39729 6580 62784
39759 4690 76770
39778 3760 4407
39786 11280 68953
39792 1180 80712
39810 11280 20330
39875 10950 2659
39891 3760 98259
39965 3760 90435
39985 7520 31050
40046 11280 40230
40051 11280 28663
40079 3480 98434
40103 3760 12329
40156 13910 41259
40165 7520 84668
40208 11280 62824
40214 1270 19109
40245 11280 2104
40252 10380 55222
40258 9750 13926
40363 11280 40869
40419 11280 67728
40442 10360 42753
40479 9960 1134
40483 3760 73565
40483 7520 80426
40503 3760 65412
40539 11280 3308
40539 11920 82476
40612 11280 22232
40616 10470 13818
40624 12820 93914
40740 7520 44445
40847 7520 39669
40853 11280 51324
40903 3760 37123
40907 10290 40752
40919 3760 15986
41023 11280 3738
41029 330 62849
41178 11290 13460
41259 5020 12507
41297 7540 74520
41311 14700 71829
41316 13070 11013
41322 2770 65727
41350 7670 1524
41386 2360 49415
41400 7520 43764
41406 4050 93192
41417 7520 79734
41426 11280 22047
41428 5030 96915
41430 8360 60966
41455 11280 1643
41456 1070 52586
41489 7520 5878
41543 11280 24387
41574 4600 84260
41575 9190 46013
41649 1100 90108
41656 14970 23745
41700 7520 15868
41705 3170 29766
41735 7520 20031
41736 3760 42241
41753 4070 9634
41785 11280 84581
41796 14040 62335
41823 7520 41647
41839 7520 41935
41847 7520 46059
41851 340 66457
41855 3760 92273
41950 14300 73405
41989 11280 59036
42029 7520 69130
42070 7520 92647
42071 11550 72285
42114 14950 97777
42146 7520 4909
42147 7520 28073
42191 7520 49072
42253 2450 25234
42291 7520 2961
42331 7520 28044
42340 7520 8182
42348 7880 44164
42431 3760 18112
42436 11090 24685
42566 9120 57184
42572 3760 44959
42604 11280 63394
42727 11280 58431
42732 5410 98123
42746 10540 70661
42774 3760 33099
42810 3760 60905
42819 3760 52915
42847 7520 76013
42866 7520 49243
42988 11280 89406
42999 11280 46440
43015 7520 34228
43019 6870 27743
43028 12880 30171
43065 11280 4956
43141 9480 7174
43141 11280 40185
43180 1250 94115
43196 11280 14589
43212 11280 45879
43231 7580 18134
43242 7520 52518
43243 7520 40927
43264 7520 199
43271 6730 82258
43277 8310 81415
43359 3760 68960
43397 7520 81593
43450 7520 28832
43512 14890 86931
43521 3910 74526
43555 12900 7946
43600 7520 40187
43601 2300 38125
43603 7450 60521
43620 10160 36986
43635 11280 89156
43652 3430 38997
43695 9450 75359
43714 3010 67681
43788 7520 36334
43795 2020 96503
43832 9990 86221
44098 6460 78649
44195 3760 99546
44272 3760 58442
44284 3760 45607
44308 10890 77366
44359 14900 50086
44398 11280 51209
44420 14370 67616
44444 7520 99344
44466 11280 6611
44534 7520 18617
44552 13720 36904
44583 7520 22474
44635 7520 87621
44657 10740 84248
44669 1710 96127
44689 11280 13039
44701 3760 74698
44789 7520 13058
44912 7520 72607
44948 13460 73005
44973 7520 43450
44981 3760 52626
45045 4920 1545
45143 3760 10710
45176 3760 69092
45198 7520 31519
45205 7520 48294
45230 11010 94856
45231 12060 6518
45233 3760 46411
45256 3360 22881
45271 3760 48834
45280 3760 95281
45287 620 12729
45303 7520 26780
45362 10010 5929
45384 5300 35200
45461 11280 92473
45478 7520 62436
45505 3760 79670
45523 7520 18362
45534 3760 8105
45609 13490 40904
45621 1430 61192
45635 4700 69334
45728 14160 73312
45766 8620 32781
45821 3760 89838
45824 11280 24942
45894 7520 16548
45915 13160 71931
45956 3760 11012
45994 11280 83245
46012 14860 62814
46047 2530 1814
46059 11490 96053
46062 5460 44694
46150 4520 61303
46168 11280 50693
46184 10060 76396
46186 7560 13199
46228 3760 15832
46304 13360 79375
46316 11280 5781
46339 11450 58203
46425 3760 33141
46426 7520 30446
46450 30 66632
46471 3760 5724
46550 8460 7016
46574 3760 83292
46588 3760 31386
46592 10280 84682
46597 11280 20664
46725 7520 50088
46735 13150 83053
46736 3760 85651
46736 11280 14306
46839 3760 37689
46870 3260 63735
46964 7150 33444
47086 7520 31105
47099 5130 67077
47216 6930 76327
47227 1330 21847
47267 3760 15518
47311 7520 77236
47319 3760 30231
47326 7400 60038
47402 8660 97065
47438 11280 18738
47458 10180 1257
47480 860 86463
47480 10390 89179
47502 7520 72997
47517 2950 86826
47552 11280 19300
47557 2000 39236
47570 14730 73296
47572 14170 20822
47582 3760 77800
47584 7520 70896
47588 13640 12115
47649 14880 75082
47672 7520 66674
47691 3760 28117
47747 7520 36174
47752 11280 35044
47780 11280 50473
47804 2580 62122
47815 7520 11674
47815 11310 1975
47844 5280 44627
47932 410 72341
47936 3760 70591
47972 11280 65013
48025 7520 1967
48086 3760 76988
48086 7520 58435
48138 12620 29732
48195 12730 51209
48203 7520 27937
48291 7520 19566
48331 3760 30661
48370 6790 52391
48378 3760 63745
48529 830 53438
48632 11280 81121
48729 3760 20065
48807 11280 97313
48830 260 2580
48834 11280 59518
48865 10680 48085
48889 11280 11843
48995 9840 82442
49032 3760 75827
49066 7520 99711
49134 480 55887
49167 3470 4861
49227 7520 70696
49329 7520 28846
49347 11610 10648
49384 3080 5614
49408 5720 41798
49439 3760 81018
49443 14580 17353
49460 3760 37909
49502 3510 71678
49541 3760 15073
49607 3760 29740
49639 11280 16971
49654 6630 9274
49658 11280 62032
49715 2190 5581
49728 11280 96074
49765 3760 41907
49785 7010 66622
49802 1240 68220
49884 3760 59285
49892 11280 73053
49923 13510 10140
49974 7520 78698
49992 7520 4260
50140 11280 55787
50145 7610 77867
50179 11340 17295
50240 1770 84443
50249 11280 96727
50306 11280 188
50311 7520 28111
50334 3760 97527
50344 11280 32846
50352 9720 2049
50387 7520 91573
50452 6710 6593
50493 13420 78835
50506 3760 61010
50563 12890 19477
50599 5660 41178
50610 2820 97928
50765 5360 94153
50782 4680 61745
50915 3880 35791
51006 5650 48655
51023 13710 30016
51074 3760 86457
51161 11210 81059
51166 11280 3618
51177 14910 50394
51191 11020 7206
51196 11280 91716
51243 3760 51679
51282 7520 80116
51304 5200 33960
51329 3760 18868
51331 7520 43451
51340 790 35359
51360 8120 40202
51421 2990 10144
51433 3130 97974
51520 4670 47420
51538 11280 41504
51547 3100 26821
51549 13030 3450
51578 3760 40470
51591 7520 23648
51601 2150 93079
51614 11280 28789
51616 8400 53661
51619 8030 70372
51630 11280 98090
51646 3760 91748
51646 7520 64955
51665 11770 2545
51716 7240 91130
51760 13540 20036
51815 3760 1381
51954 7520 95615
51955 14670 1093
51973 3760 93573
52023 6160 11298
52031 3760 70553
52037 1600 16691
52045 11150 18198
52053 7520 10300
52090 3760 25586
52216 11190 16910
52222 7520 30899
52267 13380 25881
52270 11510 76060
52301 11280 74262
52316 7520 86666
52360 470 49250
52398 4960 73059
52469 8570 24524
52507 7520 10442
52529 3760 39088
52541 11280 18370
52548 11280 97227
52557 5580 65809
52570 1580 90072
52579 11280 90931
52620 3760 8623
52676 7520 55921
52687 7520 49974
52690 5710 83448
52735 400 94435
52748 12980 81294
52768 7430 68260
52770 4110 36084
52773 11280 32220
52889 11280 54751
52964 12520 29930
52992 7520 13375
52993 3290 61439
53021 7160 11777
53028 11280 2460
53043 3760 23585
53067 12950 34824
53074 8560 98972
53083 3760 34032
53156 2730 63638
53164 11860 62099
53186 12660 99942
53302 11280 97559
53307 11280 97041
53339 3760 64187
53376 11910 59246
53397 11740 14826
53414 2500 68290
53420 11280 94109
53437 1790 45136
53483 7520 49000
53511 11280 56450
53550 10670 21720
53570 3760 80003
53572 12140 97624
53587 11390 54617
53598 7520 80490
53603 3760 61546
53671 11280 27990
53683 7520 95651
53688 11280 98617
53732 3760 61258
53820 7320 11503
53906 14340 63443
53919 7520 54676
53932 3760 20685
53973 7250 33432
53976 11280 93878
53992 6950 71426
54050 7520 30851
54084 7520 63643
54149 13120 81667
54153 11280 61768
54214 12510 45548
54219 7520 10913
54292 7520 13360
54305 3760 19141
54318 4410 34935
54364 13000 6931
54366 7520 31529
54400 11280 39312
54470 3280 20363
54503 5250 29472
54504 11280 45462
54560 7190 25219
54563 6420 30779
54568 11280 93282
54618 7520 61860
54628 11880 22473
54646 7520 18280
54687 1930 53183
54705 3760 27404
54749 3760 84426
54768 4610 6292
54769 11280 58715
54862 4170 64550
54868 370 26908
54942 3760 99890
54970 3760 8078
54977 6210 19221
54977 6920 13994
55036 11280 20357
55050 50 29456
55103 11280 39526
55133 9950 14927
55141 3760 52597
55183 7520 52999
55202 14080 73102
55249 7520 12181
55268 2480 9555
55311 11280 99366
55331 11280 53530
55340 3760 40224
55356 12020 4640
55407 11280 3970
55420 11280 29060
55425 11120 31216
55530 3760 22098
55549 11280 71504
55622 7520 64282
55627 10970 94819
55634 3760 56320
55665 11280 19347
55706 8450 30185
55770 11280 52531
55789 7910 60675
55818 11280 55615
55825 1300 51193
55927 7630 19129
55927 11280 8596
55935 14400 23731
55957 7520 42120
55957 11280 85088
56021 250 43392
56126 7680 83730
56146 8580 37646
56148 3760 41422
56179 11280 49282
56212 11280 28122
56301 2030 18824
56312 3810 6177
56385 3760 864
56388 3760 65792
56396 490 54883
56399 710 97538
56405 1870 73684
56407 11280 93185
56429 11280 13428
56458 5160 66926
56510 3760 67709
56547 2680 97043
56568 11280 33560
56569 11280 57634
56574 5600 3728
56585 3760 31268
56591 750 76754
56629 11280 7418
56632 3760 30888
56673 5860 63780
56691 11280 7778
56742 850 1006
56784 3760 2559
56795 11280 33248
56905 13350 40294
56943 11780 57755
57022 14100 58734
57025 6330 78807
57046 10230 37994
57056 11280 41069
57105 3760 4728
57118 7710 30015
57175 12670 79550
57193 5320 40150
57284 4860 29907
57311 13630 36093
57314 10120 76309
57321 3760 33260
57333 4750 76920
57350 7520 52373
57365 10910 41472
57410 7520 90836
57474 7520 8780
57511 3760 16244
57582 11280 99885
57684 12290 3960
57702 3760 26236
57718 11280 89703
57741 9730 21117
57743 12970 62070
57747 12270 23881
57748 11840 53755
57777 11280 40889
57794 9150 62325
57804 7520 16527
57871 13240 15369
57885 7520 48987
57904 11280 20952
57934 1850 26106
57979 10070 22817
58076 3760 94531
58079 12110 18245
58138 3760 42281
58147 10730 17198
58179 7650 63354
58226 11280 24351
58229 1510 66908
58241 2100 57042
58282 7310 16245
58293 3760 99679
58318 1900 65503
58338 3760 64824
58390 11280 76177
58429 3760 99551
58469 3760 69686
58493 7720 3508
58571 10400 71778
58597 3760 46174
58602 11280 18478
58618 10960 15816
58639 7520 53358
58692 11280 7684
58696 3760 73458
58760 3760 10365
58776 9760 40985
58791 7520 59730
58849 3760 65857
58858 12800 21922
58864 11280 91131
58930 7520 77700
58960 11620 9303
59002 7060 1556
59032 3760 81744
59045 3760 16413
59090 2790 82278
59093 4490 24833
59117 2070 11790
59118 7520 31781
59149 7520 40309
59171 7520 83918
59206 7520 206
59216 6550 73482
59228 11280 78579
59281 2650 973
59292 14450 86786
59312 7520 77792
59352 3760 12709
59473 12340 56773
59478 2240 28355
59482 2800 72610
59514 3760 71085
59542 1000 88610
59575 12610 62404
59583 3460 35412
59626 12330 69251
59657 10640 13519
59689 6190 37179
59717 5620 38842
59740 7520 73162
59745 7520 64943
59767 4730 67744
59809 7520 10891
59825 7520 52346
59899 12590 79275
59903 3760 55972
59918 14470 76527
60004 13670 82320
60007 3110 91274
60031 8170 77208
60036 13730 1232
60043 5900 98491
60046 11280 32535
60077 11280 44532
60103 9350 24627
60143 7200 36543
60157 1960 45918
60177 3760 99990
60204 12500 96971
60213 7520 13339
60256 2090 98254
60315 7520 72385
60316 10930 65800
60332 9470 27340
60343 4710 61782
60350 13870 25104
60395 10050 76668
60500 3760 9090
60503 7520 92533
60544 6690 2414
60594 7520 85603
60597 11280 30661
60601 10210 72583
60655 14930 60382
60682 6970 42600
60738 11280 61313
60740 11280 56882
60755 7520 8388
60881 1190 34991
60913 12860 74347
60931 14560 63786
61029 1020 43050
61055 9070 52131
61120 1690 11502
61185 3760 35486
61254 5990 72908
61302 11280 7870
61328 2610 98478
61344 5080 426
61482 310 4868
61488 8600 29086
61498 7520 4467
61576 7040 56609
61602 11470 31784
61622 11280 67505
61636 650 66291
61649 190 88250
61702 11280 36697
61710 3760 78135
61769 7520 88454
61769 11280 76098
61812 3760 4201
61866 7520 34930
61922 11280 50965
61925 3760 57949
61937 4480 55683
61978 3760 83249
62032 12560 53720
62047 7520 39277
62062 670 94345
62206 11280 20320
62243 5520 19480
62248 10600 23054
62303 12430 18193
62314 2930 89935
62356 11990 35902
62415 3760 94101
62439 8840 38988
62466 13180 83536
62478 11280 57284
62533 7520 91111
62583 5490 44203
62604 5010 375
62637 11280 60972
62693 13440 22853
62739 13200 50261
62743 8480 28652
62765 10190 80778
62805 7550 10382
62827 11280 11588
62856 3760 47208
62876 7520 88598
62899 910 72294
62953 11330 32300
62969 6250 94715
62990 11950 3143
62999 3760 30504
63020 13810 98367
63035 11280 90930
63088 6260 56456
63111 5970 46704
63199 7520 7758
63232 4530 42401
63253 560 43690
63272 10330 55654
63333 6880 99265
63434 3760 63102
63512 3070 44459
63583 3760 22357
63603 11280 16787
63626 3760 42400
63646 3760 2397
63668 3760 8778
63693 7520 38442
63737 4770 20814
63773 11280 42696
63802 1910 48440
63824 11280 88456
63843 9460 70642
63856 8440 1430
63875 3760 55350
63919 3760 54938
63967 7520 78647
63978 9500 51053
63994 2290 48994
64023 13930 25451
64033 13920 25922
64068 7520 64230
64132 270 36064
64164 11280 93773
64185 10760 83250
64200 3760 21380
64214 7520 90236
64269 4020 78884
64291 5690 60618
64333 5260 50692
64417 9130 45960
64464 3760 17254
64471 11280 11524
64480 9320 61412
64497 3760 32060
64585 12480 43006
64589 7520 28906
64605 10270 43074
64795 10320 29947
64879 9290 56602
64892 820 69197
64912 1480 37511
64919 9170 47901
64952 11280 85304
64978 7520 96141
65019 7520 34645
65038 11280 87107
65054 11280 483
65059 7520 49432
65060 11280 5902
65106 13980 45710
65118 550 65610
65137 180 61983
65163 3760 65200
65194 3990 50428
65201 3610 30023
65211 7520 13138
65266 3760 4476
65297 7520 82435
65301 3760 94474
65322 14390 23219
65353 7520 71683
65358 11350 12568
65376 7520 78583
65378 3760 42541
65391 3760 7325
65397 8670 98808
65400 3760 32302
65464 3760 11247
65520 13290 54436
65540 14060 17012
65550 11280 17561
65613 12240 30564
65616 1950 12387
65619 3760 25821
65629 2130 39188
65639 3760 19767
65683 11280 71239
65699 11280 22410
65710 8160 9558
65787 7520 12557
65850 7520 30985
65897 4000 49349
65901 7520 15425
66040 5810 54574
66086 7520 53339
66124 11280 24815
66144 3760 67632
66177 6660 55441
66219 11280 30389
66346 8770 95566
66401 8330 6610
66410 3760 83115
66525 6300 19104
66541 13410 38414
66554 40 55021
66558 3120 23993
66597 3350 21281
66614 7520 42282
66698 11700 83234
66761 3760 34878
66859 7180 99822
66872 12450 7826
66875 8890 13782
66876 1350 92022
66931 7520 30261
66943 10340 1115
66970 3590 5795
66971 3760 27784
66985 7230 85075
67000 3760 42684
67014 3030 72336
67029 6270 9820
67056 7370 97436
67067 6700 27312
67084 3760 54804
67245 11280 86118
67290 8750 16335
67333 3760 79249
67338 4560 75478
67376 11280 24651
67446 11280 88603
67479 940 47969
67537 7520 26097
67555 5920 25365
67670 11280 82396
67692 8320 24444
67703 11280 2292
67710 13970 7019
67740 7520 79107
67752 3960 37180
67768 11800 56001
67801 11280 82277
67908 3760 26809
67919 14270 13848
67976 9830 53862
67999 7520 45468
68001 3760 18940
68014 8150 72119
68017 3760 10815
68038 9410 72870
68047 10110 96700
68056 11280 1563
68103 13060 74290
68156 3760 80473
68208 12320 64767
68228 3410 19021
68235 2670 73479
68254 14680 70120
68281 3760 95506
68303 320 30557
68321 11280 2651
68327 7520 67063
68330 13400 71499
68336 11280 32160
68419 3760 29712
68460 14550 63746
68484 2210 97211
68574 7270 86820
68585 3760 78559
68708 12600 43557
68795 3760 59434
68809 3760 92297
68822 7520 55916
68825 3760 20643
68832 8490 82197
68851 11200 75647
68866 7520 50061
68928 1230 65818
69062 2760 63932
69078 7520 62439
69157 11280 2810
69167 7520 44867
69197 7520 36862
69301 6530 93575
69312 7520 13357
69317 11280 96830
69332 7520 29474
69340 12490 38863
69432 7520 19900
69446 3760 94899
69537 3760 86615
69583 11670 86183
69619 4880 89964
69638 11280 29472
69645 11280 91240
69657 11280 88966
69663 11280 43257
69709 11280 5385
69735 7520 42467
69803 3760 2627
69920 11660 30209
69931 8000 67548
69941 7520 89552
69967 3680 61604
70005 13830 23883
70008 7520 65872
70028 11280 22243
70085 7920 37206
70109 11280 18781
70154 7520 38095
70166 3760 56692
70174 1650 27305
70215 2900 36850
70249 1400 31604
70259 3760 15377
70273 11280 11855
70334 640 41772
70402 11280 67864
70465 7850 37272
70551 7520 15341
70577 9310 26625
70592 1060 42500
70675 7520 83279
70695 11280 27229
70702 3190 33152
70705 7520 42435
70746 7520 4793
70754 3760 58302
70779 11280 96461
70787 4060 33797
70794 3760 62854
70815 10240 89285
70823 12460 1057
70862 1820 74229
70914 3760 67888
70955 7520 61119
70965 7520 28635
70977 12260 21406
71007 3760 13778
71041 1320 6136
71055 1200 93772
71057 3760 66376
71072 10480 94660
71096 11280 380
71102 11280 28366
71123 7520 38191
71198 730 12814
71207 5190 24054
71215 7470 33735
71254 7520 61665
71299 3760 23539
71303 3760 92034
71318 880 19364
71338 11280 22800
71338 13800 70303
71369 8090 84314
71369 11280 96605
71410 3760 74200
71426 13740 40974
71427 12650 14627
71464 7520 88516
71494 11790 53257
71509 3760 25687
71528 13330 9898
71548 7520 2703
71549 5730 39780
71659 7520 55592
71664 7520 36761
71665 7810 35113
71669 7520 2595
71702 7520 41451
71704 7520 16170
71704 10780 47243
71713 7520 21317
71751 7520 77715
71777 11060 79532
71781 7520 92046
71855 10080 96371
71870 11280 56538
71918 11280 34377
71934 11280 10335
71994 9900 51374
72047 3760 23016
72084 3860 28320
72141 890 97421
72164 8690 57892
72210 3760 81929
72229 3760 36576
72282 3760 51258
72290 11280 58836
72426 10790 60214
72448 240 24193
72475 5790 70547
72534 11280 85488
72542 7520 94160
72603 11280 64162
72606 7520 96348
72630 4140 29134
72644 7520 94794
72797 3760 29720
72902 3270 89324
72913 14780 29916
72963 8530 81345
72971 220 37963
72976 8410 17882
73081 10750 30499
73084 12680 97293
73116 3400 20443
73252 14710 20241
73336 11280 66742
73350 7520 77212
73354 11280 58963
73355 5060 57916
73475 130 89702
73486 3760 26849
73499 11280 58483
73539 440 20971
73546 11280 82652
73577 3760 17924
73621 5290 56517
73752 11280 9430
73773 9860 96142
73819 11280 19195
73857 8270 72065
73920 7520 2353
74155 10660 8772
74158 3760 31643
74191 13270 23814
74255 740 86516
74297 7210 14181
74331 9180 6671
74374 7520 81398
74414 7520 7343
74429 2040 35062
74481 6450 47285
74489 7520 64217
74490 9700 12399
74551 5330 34249
74585 3760 26928
74602 3760 91922
74627 3760 34894
74633 3760 96337
74634 6030 50026
74690 8590 99676
74696 12640 56098
74705 11280 12821
74731 12170 72094
74744 10800 13003
74816 11280 52623
74843 3760 49195
74857 7520 45704
74872 5780 4511
74891 9800 88115
74905 7520 83439
74921 4330 15434
74930 11280 53309
75056 3760 24889
75096 3760 90975
75101 3760 8658
75236 3970 23337
75271 11280 68728
75294 3760 86343
75404 200 56805
75592 6440 10127
75654 10820 8916
75666 11280 58806
75802 5450 22205
75811 7520 7522
75829 7100 34829
75870 7520 33000
75950 9790 26768
75952 230 36543
75952 6340 93017
75968 2690 4064
76062 7890 49814
76070 5750 55717
76089 7360 12280
76111 3760 94835
76167 12770 53080
76220 11280 63344
76231 3090 94165
76240 1700 59320
76298 7520 73632
76329 6180 13369
76346 8940 32093
76378 11280 57644
76481 7520 49747
76499 11250 85609
76516 3760 2264
76593 2110 88840
76609 9780 66797
76620 7520 18903
76749 6740 69136
76791 11280 73433
76792 7940 83167
76867 5950 30302
76878 5040 88265
76895 11280 91111
76948 8020 38067
77017 7520 62373
77055 7520 96633
77077 8380 10033
77100 3760 71488
77208 11280 12155
77212 13230 66551
77216 10980 4435
77221 7520 53315
77266 8970 8703
77283 12810 36110
77288 3760 72495
77370 3760 4749
77418 7520 82701
77446 3760 8579
77464 14830 92453
77466 13040 28329
77524 11280 20536
77560 3760 62464
77636 12740 75815
77643 3600 38984
77712 12080 25598
77717 11280 99997
77759 11280 43670
77772 9000 44635
77781 3760 57784
77809 11280 32744
77854 6820 31045
77927 7520 11090
77929 3550 35018
77930 6980 7221
77930 10170 54030
77949 15030 27584
77994 9560 66574
78009 11280 58392
78054 10440 47140
78245 3760 41653
78268 14020 11984
78279 14720 86329
78303 6780 77741
78345 11280 43396
78358 3760 48765
78394 11720 62888
78480 3760 12049
78492 11280 30152
78510 11280 76382
78538 14840 99659
78579 12700 40611
78593 7520 90057
78596 7520 99870
78611 11280 81684
78641 11820 4769
78649 11280 31973
78698 11140 50470
78785 3980 22427
78929 3160 57088
78938 11000 11061
79094 2420 61995
79135 7520 89924
79160 11280 51364
79269 14540 9932
79346 5170 39749
79410 3760 73319
79423 3760 61801
79431 3760 17515
79454 7520 5602
79463 8140 21449
79506 2340 7326
79524 3050 22715
79561 9380 33820
79580 1030 69192
79678 1520 23010
79742 2620 90718
79757 920 29387
79805 11280 23297
79930 3760 68493
79949 3760 78756
79952 7520 19152
79962 3760 1829
79986 1210 13811
80003 7520 8000
80013 5820 86555
80039 8960 6110
80044 14750 49359
80055 7520 68608
80169 3760 69479
80175 3850 49061
80212 3760 84039
80240 7620 26458
80245 13090 17654
80246 7520 54965
80254 5930 68395
80261 3760 75747
80273 9970 31813
80301 7520 97551
80319 9650 77420
80329 7520 40335
80335 7520 49438
80336 12130 53985
80343 11280 15399
80352 4400 77305
80391 11420 30493
80394 3760 97482
80406 8240 79459
80408 3760 79531
80449 7520 20575
80456 3320 55364
80504 7520 66281
80505 7520 5263
80532 11280 11818
80549 11280 4086
80559 610 91519
80571 12150 91285
80610 9570 35803
80622 3760 33228
80660 12530 80531
80693 13210 25700
80719 3760 83827
80741 2260 32641
80780 1290 96258
80840 3760 60169
80951 8990 35709
80964 2970 2968
80985 3760 67677
80998 11280 94667
81040 14530 44826
81058 11280 65888
81122 3760 51128
81131 14330 33428
81160 3760 83266
81173 11280 55929
81286 9440 49142
81297 3760 97691
81322 150 66957
81330 11280 27170
81411 1050 15175
81448 6750 56299
81470 6890 77449
81473 6600 71512
81548 11280 97273
81570 8800 93255
81574 11280 46097
81589 11280 76525
81591 1010 91043
81637 11280 68032
81725 11280 92331
81795 9360 73971
81806 11940 2103
81854 7520 98884
81864 7520 17415
81882 3760 93955
81944 14590 79445
82081 7520 4074
82118 11270 67655
82176 3760 9134
82301 11280 2586
82373 13820 35709
82384 9930 23854
82400 2170 56824
82402 80 25350
82417 11280 73704
82419 3760 70983
82472 420 20875
82473 7520 94030
82487 10150 75080
82592 10560 36113
82647 2270 22202
82700 100 70953
82705 4270 91274
82719 11280 13718
82778 3690 22197
82822 350 43145
82835 3760 33197
82860 1840 47362
82908 13650 39872
82918 11280 76344
82948 11440 44641
83014 7520 1503
83038 3760 64144
83091 7520 90229
83145 2590 84807
83179 460 3261
83211 7520 72109
83290 8430 21002
83301 3760 80008
83339 3760 218
83359 11280 45368
83392 11730 93247
83441 10710 66945
83494 8870 65417
83496 11280 36218
83522 10860 15365
83524 3760 21595
83538 9240 2161
83569 7520 19870
83630 11930 48178
83632 7520 24572
83635 11280 40953
83656 11280 23809
83740 8510 15704
83774 4950 23086
83811 11280 64744
83821 7520 37947
83850 7520 68722
83886 3760 94809
83915 11280 68219
83981 6840 99572
84011 11280 69929
84036 2600 13405
84067 11280 64825
84105 3760 18504
84112 7520 21561
84136 10990 70825
84177 9280 19746
84188 6070 26597
84218 11280 96048
84274 7520 79098
84336 6170 2073
84383 13020 22412
84423 11280 10536
84439 11280 39917
84470 1740 92990
84497 3760 28291
84499 3760 29893
84509 11280 83701
84526 3740 16717
84529 1800 39409
84599 11280 76506
84606 3760 47533
84615 13110 68205
84646 210 38667
84646 3760 78915
84662 7520 57317
84677 4090 86693
84700 3760 83015
84709 8180 86389
84711 11110 89094
84751 12200 88185
84837 3760 9016
84918 14290 8813
84938 7570 76531
84989 13700 69302
85016 1460 3373
85069 8060 67538
85076 12920 94328
85126 3760 76444
85130 11280 58139
85147 13690 32203
85166 11280 91703
85181 7050 20833
85194 11230 4254
85215 7350 14767
85250 3760 13525
85269 7520 56314
85277 2710 26522
85280 7520 47430
85317 780 78481
85345 6650 57477
85381 3760 23326
85384 10200 33188
85400 14650 25005
85545 11280 58273
85568 11280 71115
85583 4440 2046
85590 1040 63634
85621 13140 28903
85672 11280 68187
85678 11280 32678
85702 7520 92000
85717 7520 40185
85757 14980 52950
85844 7390 57982
85917 11280 58482
85919 7520 31195
85964 3760 34739
85976 3520 15074
85989 7520 80527
86000 13260 19982
86103 8290 87211
86116 7520 10556
86172 14420 46548
86220 6430 75416
86234 4190 2690
86246 14410 37396
86331 570 51055
86333 14190 26635
86343 7520 99443
86343 11280 28371
86361 11280 72865
86387 11280 92167
86401 3760 34085
86495 11280 99077
86566 11280 16880
86578 11280 58325
86590 8950 52351
86615 11280 11957
86643 10 86145
86684 11280 15260
86714 3760 27881
86734 2830 68552
86748 11280 25965
86758 3760 65613
86809 2740 13687
86863 3760 91456
86887 7520 10232
87000 6670 55693
87033 11280 67881
87041 1160 88945
87042 1490 33444
87060 3730 56441
87063 7520 80886
87096 1620 44756
87111 9090 83285
87127 7520 65416
87223 2400 40730
87229 11640 11389
87237 6520 88336
87238 2940 52128
87254 5960 82074
87259 7520 77162
87327 7780 30788
87369 7520 87571
87392 5940 39639
87412 3760 11433
87418 4510 79007
87446 2520 51142
87446 3760 73194
87462 11280 59853
87511 4660 11102
87551 11280 2572
87559 14030 60214
87573 3760 71348
87619 7520 46989
87631 11280 89245
87649 11280 16636
87681 7520 49492
87685 3760 82228
87706 11280 87972
87752 3760 81949
87865 14360 7054
87912 3760 82379
87967 11280 82821
88003 9820 24177
88018 13900 31425
88026 11280 67301
88037 11280 54873
88053 3760 40549
88096 1130 54442
88103 9160 17895
88190 10720 37097
88304 7520 62001
88375 13300 84117
88428 9370 34350
88689 7520 42956
88692 7520 51229
88722 7520 15919
88732 7520 94311
88770 13430 38679
88792 3760 63806
88832 70 75408
88926 11280 17877
88943 1120 76311
89002 3760 54431
89019 10620 27005
89025 3760 99447
89073 11280 91956
89079 11280 78846
89096 11080 49765
89118 3760 45394
89123 9550 51558
89152 3760 66043
89159 7520 64322
89162 10530 96169
89184 14440 40038
89210 13620 58086
89279 13760 80075
89280 11280 49447
89544 11220 69822
89556 11280 54833
89588 14220 50293
89629 3760 21448
89685 13250 75785
89686 9710 26355
89710 3760 12963
89724 3560 23698
89791 7120 72532
89792 13520 76964
89828 6060 53745
89886 3310 11739
89946 11280 59671
89979 1540 58424
90013 11280 82108
90066 3220 57745
90083 7520 62211
90126 3760 50113
90193 4130 67422
90225 3760 16937
90296 11280 82346
90298 7520 68635
90332 7520 73418
90380 7520 38247
90381 9920 69005
90500 11280 62742
90516 10130 78062
90519 11130 56749
90529 11280 42075
90550 5800 10940
90577 1980 58273
90598 7520 51757
90617 8210 4496
90660 1380 61247
90676 7520 48005
90694 3760 1784
90712 6510 31784
90728 840 36823
90732 3760 68859
90777 3760 12081
90815 13310 78170
90906 10490 62391
90919 11280 41896
90973 7520 14272
90980 5850 14371
91011 7520 26622
91033 3760 28078
91124 3620 18949
91136 3760 93114
91142 4790 2487
91231 7520 54462
91275 9980 75632
91280 3760 26473
91293 7520 66394
91322 11280 92869
91342 770 70192
91378 6080 48550
91429 11280 70733
91523 4890 53772
91526 6620 19770
91536 7770 10979
91555 1640 95342
91563 7520 31609
91579 3570 32608
91621 11280 72659
91705 7520 39636
91715 3760 39347
91717 8040 28558
91736 3760 51738
91788 6310 42514
91816 1630 84179
91827 9510 39273
91843 11280 64369
91861 11280 85544
91879 12790 77380
91909 11030 10691
91910 4080 39549
91927 7520 64594
92072 10410 43587
92101 7520 59280
92188 9850 72788
92203 7520 58157
92285 4350 79218
92319 7520 73757
92349 11280 33441
92456 11280 11976
92464 3760 88856
92471 4180 12017
92542 13080 99234
92570 11280 87250
92678 7520 79463
92683 6390 25804
92686 11280 67790
92799 7520 98805
92874 4360 47984
92915 3760 38407
92923 9540 50947
92987 12990 87898
93002 3760 38102
93037 3760 66461
93178 3760 27483
93195 6130 97419
93253 11970 73194
93259 11280 55278
93298 11280 70128
93300 8820 46227
93330 7520 33992
93376 7520 75625
93419 7520 90999
93445 7520 97562
93446 3760 90846
93464 7520 33177
93500 9580 66134
93501 7520 47507
93523 10460 37949
93578 1730 3863
93606 7520 78208
93653 13470 96209
93677 3760 35841
93700 11750 77232
93726 7990 21458
93754 700 64682
93796 9520 32831
93822 10020 24644
93852 3760 27878
93944 1220 71054
93959 7520 49793
93984 11280 74479
94033 3760 67432
94051 10900 62122
94150 3840 85849
94172 12630 38393
94214 7520 23425
94260 4540 81366
94293 7700 81640
94336 3760 27603
94393 4150 23899
94434 7520 22770
94479 5070 70183
94534 11280 51920
94596 11280 21670
94613 3760 67307
94625 6570 33709
94661 1970 67025
94724 11280 71194
94728 7520 97800
94761 14130 663
94766 3760 48492
94803 3760 36960
94819 8810 98147
94850 9300 6286
94856 6140 9052
94868 7520 14414
94901 3760 12726
94942 7520 94792
94944 3760 71752
94963 13610 37047
95158 9810 22599
95165 11280 47116
95209 12780 77739
95223 3760 48935
95254 11280 29439
95276 3760 33310
95278 7440 31972
95295 11280 53035
95300 8930 8407
95413 12190 70366
95417 3760 2241
95427 7520 7176
95433 5420 64175
95486 7520 27940
95496 6830 61566
95505 3760 27673
95512 3760 7432
95552 7520 27344
95573 1260 82039
95587 11280 92485
95597 11280 65346
95718 3760 94899
95745 7520 78860
95757 11280 97350
95835 6960 58542
95844 140 76403
95890 11280 60941
95946 12720 75128
96028 11280 12067
96037 3760 72695
96046 11280 52868
96072 11280 80150
96099 3140 33734
96100 7520 90566
96132 11280 73472
96138 14870 1923
96144 13550 5613
96163 11280 72243
96200 9220 89665
96203 12420 5281
96214 8630 51094
96216 3760 28460
96254 11280 8014
96257 11280 13724
96308 1750 50969
96318 3760 33732
96331 3760 88972
96413 11280 46965
96422 10310 29757
96458 3760 53685
96460 3760 27518
96467 11280 15701
96500 11280 90403
96512 3760 20187
96524 8720 34668
96583 7520 63832
96618 3750 8736
96726 8220 6011
96769 13950 83125
96781 7520 95561
96846 3250 98855
96850 7520 57882
96866 9430 24728
96882 11280 58701
96926 14150 46645
96936 7520 84002
96944 11280 76845
96962 3760 36334
97004 7520 12011
97103 3930 29916
97110 7520 59129
97202 14250 36971
97248 11280 37076
97262 13500 99993
97267 5910 33488
97277 11280 22088
97319 7520 24151
97380 3760 42269
97382 11280 7995
97385 3760 48520
97446 5760 71184
97448 3760 61724
97513 4630 9948
97545 2230 8228
97577 11280 35958
97580 450 65579
97641 7280 30220
97644 12350 76919
97654 11280 54401
97702 11280 54024
97714 11280 58070
97721 11280 84045
97735 3760 91090
97814 7520 9694
97827 3760 80439
97831 11850 42712
97964 520 22328
97976 13590 1171
97984 3760 95311
98018 8680 7646
98038 11280 29912
98063 3760 17956
98065 7520 34638
98138 7520 98180
98145 7500 56925
98184 4720 3785
98184 14460 53407
98265 8760 20486
98311 7520 61404
98343 7520 22604
98350 14790 88387
98409 1680 50566
98424 8390 26945
98440 11280 46346
98464 4870 57788
98485 3760 60231
98508 3760 56263
98513 7520 54736
98564 3760 78581
98648 8080 65311
98669 8230 20374
98696 3760 91981
98714 13170 29886
98765 7520 55759
98867 12220 13746
98881 11280 91229
98927 11280 86409
98952 6220 63482
98996 13530 62912
98999 11280 76230
99130 8110 12891
99136 10550 49702
99163 3950 61199
99261 14610 928
99299 11280 3111
99324 8550 33886
99345 11280 20888
99346 11280 7207
99367 3760 46787
99386 7220 49780
99490 8340 28838
99492 7260 42372
99524 7520 5093
99527 7520 15477
99587 10090 21096
99593 7520 83784
99644 3760 3160
99647 8070 72710
99685 10140 53753
99740 7590 89110
99804 11520 7065
99925 3760 23760
99933 11280 48900
99986 7520 56733
