3000 10000 34343 48882
13 1650 49071
13 4350 9769
18 1900 54997
40 4000 64082
48 3720 21153
129 5020 77775
171 2510 7514
208 1180 84132
228 2510 94686
230 1640 81662
260 5020 17660
300 3770 85996
349 7100 80892
390 2510 57649
412 1190 17425
492 2510 45212
514 5020 95780
603 230 6742
619 7440 36714
622 2510 5087
624 2510 36464
665 3340 9437
690 4160 98881
702 5020 12770
744 5060 10258
780 880 74900
846 2720 70886
873 4950 2516
911 930 8869
914 6390 95590
949 2510 43757
961 2510 50088
980 3990 17910
1107 5020 15873
1125 5020 56366
1168 3690 87629
1185 5020 57174
1236 2540 89719
1255 5020 67066
1287 5440 21272
1319 4600 10969
1415 5020 8481
1424 2510 39872
1481 2510 32155
1505 7210 16117
1544 2510 42268
1562 430 55959
1585 2800 88025
1588 5360 76709
1755 150 82933
1782 1940 52188
1796 2510 72726
1817 2020 44931
1881 4520 6862
1893 5020 1291
1896 2510 18841
1944 2510 44635
1951 2510 17138
2017 5900 68114
2031 5020 23313
2036 5020 76874
2037 2840 22256
2057 2510 4058
2117 5020 97379
2117 5270 38006
2171 2510 62723
2228 4620 6935
2249 2510 2607
2258 2510 78682
2262 2570 64967
2277 2510 20189
2289 2510 4372
2381 2510 96538
2382 2510 58562
2443 2510 28395
2481 2510 36141
2520 2530 15577
2530 2510 93441
2581 2510 45633
2608 2760 78677
2611 5020 78462
2660 4760 53812
2662 310 9734
2690 2510 70777
2703 2310 79876
2755 1410 14005
2763 2510 22651
2769 4740 8067
2823 2190 35220
2860 4550 22953
2862 5070 70411
2870 2510 36741
2901 5020 26642
2989 2150 73652
2994 2510 72141
3002 5020 99158
3034 1920 15664
3099 2670 45855
3111 4010 78130
3117 2510 48503
3129 5020 21241
3138 2510 12641
3149 6100 79537
3154 4300 57339
3207 1260 87711
3268 2510 65707
3328 3730 13340
3328 6220 10824
3367 5020 34225
3385 1010 39569
3397 5420 56359
3408 4890 23483
3481 2510 16179
3482 5020 56189
3497 5020 29831
3519 380 73327
3542 5020 87458
3568 5020 27617
3669 2900 60024
3691 5020 69693
3703 6410 86222
3729 2510 90924
3737 5910 72843
3781 7130 92265
3859 5020 27414
3903 5750 40748
3919 3040 78759
3926 4020 82089
3983 900 35063
3996 3510 96493
3997 7160 11365
4034 2510 10617
4096 2510 22920
4111 5600 58059
4150 6340 69654
4159 3720 22281
4193 2400 62318
4248 2140 19468
4250 2820 50662
4341 7350 54765
4379 1790 17247
4381 950 60998
4411 4730 82169
4438 5020 47806
4500 2510 69069
4515 1570 36421
4529 2510 91562
4534 3680 28876
4563 4370 32893
4591 1620 17596
4601 680 53441
4609 6260 46468
4657 520 37532
4660 5020 59114
4700 5020 72742
4704 5020 49374
4808 5020 68480
4813 5020 96252
4842 2250 22546
4885 3630 2388
4901 4740 45438
4957 3920 99422
4974 2510 49078
4979 5020 79322
4990 2510 87212
4999 5020 8612
5057 5020 44794
5132 10 10607
5141 340 81941
5147 7470 56153
5173 590 74885
5286 5020 4825
5289 5020 97221
5298 6610 92220
5393 1260 85889
5430 2510 67579
5445 2510 99888
5465 2070 55373
5476 470 12709
5481 6270 49999
5501 2510 19646
5518 2860 67750
5520 5020 35639
5566 2510 3537
5590 5020 51175
5635 5020 26138
5638 2650 58466
5653 6300 24992
5664 2150 31216
5666 5020 44764
5694 5050 43285
5703 5020 2868
5706 5020 75736
5780 5720 67658
5881 460 14658
5888 2510 95219
5920 2890 82819
5930 6250 70900
5938 2940 23619
5977 5020 34854
5993 2290 72868
6028 5020 86923
6029 2510 16054
6051 2510 36532
6052 3470 97639
6078 2510 35787
6175 1830 8036
6180 2510 82690
6205 5020 91153
6269 2510 76855
6269 2700 87106
6308 630 95600
6311 1310 75434
6329 5020 15524
6401 4810 35290
6435 2500 79202
6442 2510 2317
6460 2510 70166
6514 5020 32576
6521 1140 31928
6552 1960 43215
6594 5020 21326
6612 5020 44797
6614 2510 14191
6694 5020 2065
6728 2510 96861
6778 3650 62566
6823 5020 48168
6849 4920 10571
6885 2510 49248
6894 5020 34673
6921 1750 45875
6964 2510 88964
7008 2510 28565
7129 5020 92499
7132 5020 41131
7150 1890 31451
7220 2510 84417
7271 5020 64807
7296 2510 93824
7372 5620 87370
7387 2510 73935
7406 3870 67299
7418 5020 7459
7473 4390 32712
7477 5020 82482
7509 2510 79365
7537 4480 43868
7555 2510 75554
7576 5020 53322
7642 6550 55603
7645 2510 61311
7680 3630 19204
7759 2510 11337
7764 2530 82620
7821 2510 8706
7889 3230 14825
7898 470 75917
7902 5020 32689
7912 7310 20269
8017 5020 42853
8036 2510 43404
8058 7120 53647
8059 120 22956
8064 2510 51500
8070 2510 73143
8090 2510 88746
8102 3380 74110
8149 6060 6706
8163 2510 5316
8206 6980 26768
8283 2510 66008
8339 5020 80742
8415 10 70061
8478 2510 34555
8536 2510 17340
8540 3540 48190
8553 3160 15794
8564 1010 36800
8626 5020 30622
8632 440 6094
8647 2510 48104
8692 5020 94939
8810 7090 91429
8840 5020 45859
8851 5020 90976
8873 4970 46328
8893 2510 20991
8931 1480 48269
8932 3560 29370
8964 5200 67997
8981 2510 50634
8999 1150 97279
9016 2510 27870
9051 2510 11326
9085 5450 93887
9107 2510 37880
9119 2510 95019
9179 2510 73349
9206 5020 54686
9260 2510 91205
9261 1070 33041
9313 2510 83252
9395 5960 90116
9410 5020 89523
9410 5940 1221
9476 5090 13863
9558 5020 84169
9590 920 80211
9644 5020 62361
9653 5020 91852
9666 5020 42613
9670 5990 2756
9682 7020 18580
9707 5020 79238
9737 5020 52237
9739 2510 93398
9745 1950 77829
9747 1460 49059
9748 5020 48891
9762 6250 21138
9767 5020 25964
9793 5020 18652
9795 2510 40723
9818 3460 81720
9824 2510 76619
9837 2510 9705
9839 1200 31537
9876 2850 35101
9879 5020 73543
9894 1340 27215
9966 5390 39362
10042 2510 41781
10043 1270 56276
10052 810 61949
10053 5020 67462
10082 2510 30760
10085 7330 34892
10116 2510 29642
10157 5020 36098
10175 5020 33789
10206 2510 57380
10210 2510 51691
10224 3780 41970
10259 5020 27794
10285 170 83518
10307 2510 93433
10351 3700 79787
10356 5020 47294
10358 2510 32850
10397 5020 30337
10423 5020 21276
10448 5020 59778
10512 5020 10897
10514 5020 83172
10564 5020 51796
10582 3250 82572
10615 2510 83624
10659 680 25599
10694 5020 40219
10719 6170 18003
10747 2510 14102
10830 5020 35003
10921 2510 30634
10921 6830 60051
10931 1240 1580
10947 3980 62636
11015 4140 15205
11022 3010 81715
11029 4050 31444
11048 2510 97850
11051 2510 32860
11098 6320 65241
11106 2510 387
11130 2510 80459
11131 5020 28313
11144 4880 44827
11205 2510 84092
11218 2510 53722
11229 5020 18126
11251 5020 80303
11258 2510 57671
11313 2510 59575
11413 5020 16442
11460 4230 15529
11460 5020 7026
11472 30 86498
11491 2510 71193
11556 5350 47850
11563 2510 1290
11571 2510 38930
11582 5020 1821
11584 5630 56769
11632 820 56676
11639 6330 90733
11654 5020 26460
11684 2510 92741
11690 2510 45681
11712 5020 47564
11717 5020 46676
11723 6940 20784
11749 160 98818
11750 4200 72275
11760 5020 43765
11769 3890 27084
11787 1920 28150
11789 2510 62436
11796 5020 26558
11798 6740 8170
11806 7050 55300
11872 1350 50206
11981 2290 97077
11985 5020 63300
11998 210 13217
11998 2790 23938
12036 5020 49546
12050 5020 99682
12151 5020 83779
12210 5020 88202
12222 5950 3372
12256 30 52110
12268 1630 89660
12308 5020 1224
12343 5020 99404
12354 4680 31776
12360 910 74248
12362 5020 22727
12362 6800 74035
12421 5020 89608
12472 3640 35909
12529 6030 49871
12606 5020 31745
12669 2510 72090
12738 6550 35837
12835 5300 12881
12840 5020 10993
12846 5020 5000
12963 2510 62231
13017 1560 95705
13017 3610 59449
13022 2510 18024
13074 5020 23843
13133 5020 50839
13151 5020 56288
13188 5960 78368
13256 2510 33837
13278 7300 54722
13424 5020 94713
13458 5020 17323
13626 1860 69779
13716 5980 56275
13734 5020 70012
13783 5020 48082
13890 2510 16601
13904 5020 35908
13911 2510 79361
13914 5020 81942
13918 5090 56244
13934 5020 90522
14169 5020 53867
14215 420 88116
14217 70 272
14231 2510 12448
14308 5020 45811
14367 2510 39995
14394 2180 66887
14394 5020 19197
14414 2510 83511
14520 1690 93400
14607 660 88376
14620 2510 10173
14711 4000 53749
14746 1080 78460
14804 3270 29499
14886 2510 37823
14993 2510 32714
15036 2510 7328
15050 6860 92894
15081 2510 93066
15100 7070 61971
15124 5020 39947
15143 2510 57560
15181 4320 34312
15245 2510 61884
15250 5020 57969
15255 5020 3756
15286 3770 9382
15377 5020 95805
15386 2510 12196
15389 2510 92901
15463 2510 59258
15477 5020 77596
15504 5020 43955
15543 3480 17107
15551 340 99605
15557 3580 2077
15567 960 14182
15635 2510 57716
15694 3850 40378
15765 2510 7189
15817 5430 90153
15866 6050 85780
15883 2510 58466
15973 1510 71909
15980 5150 11751
15986 5020 21918
16062 1440 41751
16107 5020 2776
16197 4540 32342
16202 5020 80450
16227 4590 68091
16227 6260 495
16276 1940 87042
16301 6710 61992
16311 6290 94649
16466 1050 68066
16509 5020 91437
16614 5020 74221
16617 750 66835
16644 270 96036
16659 2510 46422
16660 3440 51170
16664 2510 38487
16674 3610 53311
16742 2510 66219
16867 7170 42340
16871 5020 54277
16928 2510 25940
16995 130 96842
16999 4980 37165
17032 2510 3263
17037 5020 70469
17073 5020 10471
17079 5020 64523
17080 5020 27996
17163 40 95996
17172 4800 85446
17178 790 62868
17242 2510 26657
17245 2510 52909
17340 5020 86729
17371 6680 43842
17381 2510 87823
17393 2510 81484
17394 5020 76334
17417 6510 39972
17492 2510 38544
17507 2450 86302
17579 2510 12324
17586 5020 62488
17648 4250 91625
17677 2430 87898
17715 140 37578
17737 2090 34243
17751 4850 68420
17840 7260 74125
17849 5020 46375
17873 3130 64321
17980 4920 90788
17982 70 84132
17997 2510 53562
18011 5720 89229
18056 5200 22256
18081 290 16651
18098 2510 49370
18108 3020 30458
18201 6370 45707
18206 6480 31538
18216 7300 36607
18320 1990 58037
18327 3700 95229
18366 1420 43297
18432 2510 93910
18450 2510 28260
18526 5020 48539
18543 2510 83071
18570 4160 56074
18578 2510 96741
18580 5020 51032
18647 2650 3848
18680 5490 49984
18733 2510 75408
18764 5020 28238
18764 5500 70329
18799 5510 66348
18813 380 75344
18821 5020 74832
18824 3400 44597
18867 5020 56327
18870 5020 3874
18937 5020 29426
18958 4670 33098
18967 2510 27211
18981 1580 15107
18981 5020 62457
18983 700 88016
18983 5020 28213
18989 2510 36811
19156 3460 72397
19165 4870 73589
19226 5020 30939
19279 7220 34111
19293 5740 1194
19316 5680 12760
19339 6280 5524
19362 5020 67619
19369 7060 17206
19377 2510 57177
19462 6420 27412
19488 5020 52195
19586 5020 58361
19713 2510 86903
19792 2510 33735
19879 3520 84380
19900 5020 39376
19923 5020 79446
19944 90 41598
19960 5810 72739
19971 5020 15936
19986 4860 87071
20011 670 68309
20015 4220 8942
20023 3620 5193
20042 5020 63202
20057 3640 52251
20111 5810 81013
20187 2510 28973
20200 2510 1760
20260 6470 24068
20317 2510 88444
20324 5020 66038
20341 2510 95412
20347 4640 70453
20374 4690 69219
20419 5020 67351
20432 3220 88225
20640 2510 97204
20677 2120 82870
20744 6230 82611
20752 5020 43911
20753 800 97613
20780 5830 10607
20791 2510 54740
20902 1370 70397
20963 5020 22229
20989 2510 22318
21038 2510 62931
21043 5020 52598
21053 5020 55977
21084 5020 32094
21151 7460 10156
21168 3240 32881
21169 5020 97897
21260 2510 65813
21278 6380 13419
21287 4910 1600
21459 5220 9176
21477 2510 53725
21506 1030 43082
21547 2510 89472
21588 4440 57407
21596 2510 35618
21656 5020 51296
21714 6330 65839
21727 7440 62466
21764 5020 28757
21828 2510 3328
21831 5020 84958
21839 5020 77357
21854 2510 37725
21923 2380 14857
21936 2770 43107
21990 2510 45750
22014 2510 94042
22049 3260 26326
22051 2510 72776
22070 4120 25304
22080 3320 44264
22136 7290 32892
22143 5020 18586
22177 2510 61810
22294 5020 54482
22348 2510 37186
22353 2790 40282
22359 1800 45046
22360 2510 14523
22396 2510 59234
22478 4340 24513
22533 940 96030
22563 6780 5805
22637 5880 43013
22681 7510 61466
22754 830 29738
22978 3540 95523
23119 2510 80868
23188 3400 71053
23212 5020 39751
23214 5020 87109
23216 6390 13261
23230 5020 8905
23295 5020 71413
23295 7270 73523
23313 7080 23278
23368 5020 75954
23374 230 42204
23425 3930 16266
23443 2510 17253
23560 2510 42857
23569 6950 70659
23621 4760 4258
23630 2510 4695
23634 490 72233
23635 2510 45485
23650 410 72860
23787 2510 28588
23792 5020 13149
23795 5020 40654
23798 740 12931
23876 270 77896
23891 5020 4581
23930 2420 90950
24034 5020 2680
24046 850 60903
24062 6850 8982
24064 6040 19669
24087 6020 13383
24133 4510 63784
24205 7180 25355
24242 2510 80478
24269 250 89222
24303 5020 93208
24336 5020 52433
24389 2510 7194
24404 5020 8929
24451 7370 58796
24472 2510 23869
24474 2460 62707
24480 4730 93084
24481 3000 464
24664 5180 42848
24680 980 71664
24692 6540 26124
24701 2510 66700
24714 5790 10972
24735 1970 78407
24807 4910 48980
24906 5020 47412
24973 2510 84306
24997 2510 57841
25002 6020 4487
25059 5850 81798
25107 2520 70081
25126 7420 32623
25127 610 58552
25165 2590 62049
25175 2600 39271
25208 210 74641
25250 1340 46312
25276 1130 63532
25283 3290 81504
25333 5020 18299
25345 6770 64975
25346 2510 95151
25389 5020 69271
25389 5920 43967
25404 2510 33617
25405 2260 92659
25436 2510 73264
25501 5020 83102
25538 5020 46542
25625 1530 41769
25634 5020 23727
25638 3100 39097
25662 5020 93410
25670 3800 29111
25683 2080 66645
25692 5020 44073
25693 5020 11893
25697 5020 29816
25716 2510 8867
25721 690 29466
25728 4500 38866
25797 860 436
25815 2510 2221
25862 2510 10354
25865 5020 70473
25880 1240 20006
25883 2510 15466
25957 5710 34093
25965 5020 76077
25974 3520 17572
26001 3110 81148
26035 5020 13801
26037 5020 7097
26070 5020 95781
26099 2510 90776
26155 2510 12674
26163 2510 89372
26208 3590 76160
26415 5020 1602
26503 1210 22798
26508 6800 33043
26543 2510 64375
26547 2200 84908
26590 3290 83335
26613 3660 60352
26641 5020 40573
26711 2510 91684
26800 2490 86418
26833 5020 13788
26842 3490 95860
26858 5020 77214
26883 5410 79670
26907 5130 66862
26936 6130 42825
27024 2680 70367
27028 6910 75597
27034 2510 51573
27065 5020 95488
27193 5580 6974
27241 5020 50061
27242 6510 59794
27247 5460 78861
27259 320 80996
27309 40 68212
27328 2510 8696
27363 5020 74990
27401 4490 65762
27478 2230 41229
27499 3120 48498
27499 3890 31917
27517 5020 40802
27567 560 91547
27572 5040 3912
27590 3350 61741
27630 2510 17914
27789 1890 18485
27857 2320 5968
27868 2510 63333
27885 5020 71503
27922 1610 28674
27945 4750 71928
27994 2510 71804
28036 3410 48733
28037 6010 25536
28073 5970 67624
28074 5020 71332
28081 3080 10522
28149 5020 81242
28159 2510 32218
28183 5020 79296
28263 5020 99144
28277 3530 68495
28285 6730 30023
28309 4100 33507
28317 5020 4318
28321 1290 61452
28326 1140 73278
28347 3550 72458
28367 2510 24771
28368 3670 98671
28393 5020 17784
28420 1820 23987
28427 2440 97359
28509 860 32604
28576 2240 26114
28580 6200 46517
28621 3950 13838
28662 5020 7894
28666 5020 69892
28676 2510 85061
28681 5020 3310
28700 2510 28196
28703 2510 22221
28724 5080 18067
28743 3330 98940
28802 5020 87161
28888 2510 79030
28913 1170 67432
28972 2820 87957
29021 5020 65126
29023 2510 45329
29029 2710 37305
29058 5020 15557
29062 5020 37870
29096 2510 8392
29125 5020 36165
29179 5020 72045
29254 5020 1579
29289 6570 85329
29327 5100 87258
29331 7150 37443
29369 2510 18569
29406 4550 50009
29407 2510 63411
29434 1770 95955
29446 5800 14864
29452 5020 37537
29512 3810 23906
29588 3170 19754
29749 2510 3907
29799 5020 93895
29843 2510 50382
29858 2510 3059
29945 2510 35255
29947 5020 16216
29953 5020 83340
30014 5020 96528
30016 2510 68569
30107 5020 31172
30163 1740 18708
30216 7010 45106
30220 1810 96999
30235 2510 86512
30244 3820 67591
30276 1460 64111
30308 7410 70081
30322 6010 82864
30328 4090 20631
30329 3450 66860
30360 2940 71819
30504 2910 46008
30556 1230 56105
30558 4800 61128
30590 2510 28590
30627 5180 12214
30644 6230 87896
30666 2410 69684
30667 2510 61333
30755 3830 16325
30771 1290 3126
30793 5650 78715
30813 2610 70793
30852 5020 81030
30853 5020 90076
30883 2300 41481
30894 2510 95993
30900 2510 53050
30918 2970 33921
30923 6440 85222
30985 4580 59494
30988 5480 87911
31041 2510 64085
31093 5020 30549
31121 5020 73135
31165 2510 15520
31178 5020 36027
31311 4070 51887
31360 2510 36879
31384 580 60371
31385 6070 91087
31394 5130 94375
31429 2120 77673
31496 5320 86521
31575 3910 12188
31606 5020 53541
31629 5020 76909
31703 2510 25465
31783 5020 18412
31797 2510 34490
31951 5020 44914
31957 5020 2499
31987 2510 54392
31990 1090 32639
32044 5020 57568
32064 2040 72217
32069 3190 64031
32087 5020 2440
32091 1300 47796
32125 7400 38772
32155 2510 19610
32213 2510 38211
32214 2980 62088
32221 6630 28087
32258 5020 76112
32261 160 22842
32315 290 38046
32330 4260 54276
32333 2510 68457
32342 2670 25746
32365 190 94723
32409 5020 12229
32411 2510 69785
32414 2510 23255
32454 5440 99204
32480 2510 49474
32481 6700 15725
32569 2100 1546
32609 2200 5765
32631 1560 52318
32640 790 66024
32658 2510 63153
32669 5020 60398
32696 2510 51144
32706 200 46431
32714 7140 2125
32778 5020 37569
32882 5020 68866
32912 5020 90591
32918 5020 38221
32922 2510 77327
32948 2510 48742
32978 4940 21997
32985 5020 21290
32999 3070 63682
33000 5020 7533
33013 6600 45316
33029 2510 54054
33050 2510 6891
33077 5020 18853
33081 2510 64162
33096 2510 50114
33100 2510 64764
33100 5020 14667
33195 4030 50007
33259 2990 25344
33373 5020 4178
33382 1720 3839
33386 2510 61974
33450 5020 8185
33525 4500 9699
33551 5020 68505
33556 2510 54598
33591 2510 17255
33598 5020 21740
33606 1680 88491
33607 2140 63922
33607 6520 42332
33687 2510 33897
33708 5020 40982
33761 6540 33273
33836 5020 37514
33918 1600 50332
33931 2510 52446
33937 7090 90142
33953 5020 35567
33993 5020 46463
33996 2510 9572
34038 5020 36057
34050 5970 72888
34077 5020 35905
34149 5020 21154
34179 6580 75958
34251 2760 7370
34289 2510 51708
34306 7350 27687
34310 2510 70928
34331 5020 2250
34356 5830 28444
34367 5020 53936
34394 5020 94695
34412 2510 71475
34436 2510 44083
34437 2510 16872
34470 2510 79128
34502 5890 999
34503 3740 972
34507 3900 31335
34536 7030 55722
34539 4670 93226
34576 4330 20461
34637 2510 27796
34691 5020 19311
34704 5020 38370
34710 1780 36842
34854 7370 81598
34947 5020 53172
34954 4960 12802
34994 830 67115
35045 4330 43202
35049 7000 11978
35054 6710 92043
35078 5020 73764
35109 420 55025
35159 2510 43966
35204 5020 45720
35222 6530 63432
35371 1440 87875
35497 5020 79620
35517 3300 32415
35529 6720 83246
35544 5020 99815
35630 3320 70237
35647 5020 27817
35648 6160 50320
35676 4820 8324
35727 5020 83917
35736 590 53597
35755 1750 25414
35773 4610 75907
35855 2050 8595
35872 2510 3807
35890 5020 2805
35974 5020 32956
35995 2510 71509
36002 770 44694
36007 4130 39489
36025 2510 24221
36043 2660 29204
36051 20 7206
36148 2510 80326
36211 2510 53412
36224 3620 6304
36319 2510 37092
36384 5140 1576
36404 5640 20633
36454 5100 51718
36466 3680 21261
36496 1390 14011
36508 3230 69956
36521 5700 83811
36591 6400 1464
36602 2510 16127
36617 2510 79235
36690 5760 28183
36697 5880 26552
36701 7430 96654
36832 2510 69255
36841 5220 46338
36864 2510 80514
36866 5020 25090
36871 1230 26571
36879 2510 64317
36879 5770 95014
36982 5020 35572
36987 5020 70365
37010 5020 37134
37022 5020 60015
37059 3480 77765
37112 5020 30478
37190 1060 6842
37239 1470 62850
37320 3730 52703
37343 5610 12585
37356 2510 95220
37357 5020 84460
37367 5020 66409
37413 5020 77614
37424 3140 4825
37614 2510 7913
37699 2510 80552
37816 5310 99143
37840 3280 39303
37859 4180 53585
37876 2510 1740
37949 2510 9860
37950 2510 51598
37986 7470 93820
37995 5020 21986
38018 5020 50513
38037 2510 4719
38103 2510 21879
38118 2510 11372
38129 4310 17362
38193 4420 38678
38212 5120 4808
38309 5020 4370
38394 5020 44670
38409 5020 3096
38416 2510 63983
38426 2300 34734
38462 5020 56216
38563 610 21965
38583 5660 39098
38597 870 28136
38682 2160 79650
38714 2510 81731
38724 2510 9752
38736 5020 16011
38809 170 70409
38882 5020 30365
38900 560 27100
38945 2510 32471
38959 5520 55204
39077 3750 64435
39108 2510 73342
39115 770 14553
39188 5020 42428
39201 2510 44727
39207 6450 13243
39227 5020 2819
39310 2510 14358
39314 2510 37264
39361 1130 75987
39417 1730 72402
39448 6790 92463
39475 2510 46122
39585 1150 32659
39601 2750 74529
39625 4790 61581
39649 6750 8208
39691 650 43369
39769 5020 10650
39849 5020 17339
39892 5020 84842
39911 1410 24679
39927 5580 43435
39967 2520 35766
39981 1610 11478
39998 1530 51065
40012 5020 67389
40031 2510 51147
40103 5020 73446
40123 5020 47278
40210 5020 46272
40228 2510 21600
40234 7180 89439
40249 2510 92257
40331 5280 679
40371 1400 71174
40399 5020 16351
40400 5020 49053
40402 2510 27628
40465 5020 55230
40473 2510 62853
40476 5020 8126
40491 5840 5480
40493 6630 23589
40507 2510 91206
40537 1670 61511
40578 2510 60668
40589 7210 5272
40591 2510 70136
40622 5020 62390
40635 2510 60278
40645 2510 55944
40661 1020 36703
40667 490 41740
40731 4940 20557
40757 5020 6387
40769 5570 68497
40795 3210 24466
40882 4530 98642
40904 5020 29879
40929 5260 92406
40952 7500 64061
40955 2640 95271
40981 540 42046
41021 3170 16885
41114 2220 58479
41121 5020 14406
41145 250 73458
41164 2510 78805
41221 2510 25475
41223 2510 99144
41289 5290 49745
41290 5860 55221
41313 2480 86355
41397 5020 39453
41422 5020 98167
41435 5020 33405
41441 2510 7038
41444 4950 78490
41457 4780 6428
41533 5020 46355
41551 1090 48729
41561 5020 95912
41597 4360 19760
41632 7190 33183
41642 2510 63797
41702 5020 86272
41702 5460 10069
41730 2510 34263
41735 1510 14259
41738 3570 88880
41756 2510 55659
41834 5020 20075
41844 5020 13805
41864 5020 49005
41877 3810 63571
41887 7290 57898
41901 3000 66957
41944 4520 20498
41955 4100 93781
42206 2510 78749
42206 4310 41704
42206 7150 23477
42226 7390 36876
42253 5020 98683
42268 5020 85677
42306 5020 66140
42315 2510 12699
42323 5530 5397
42365 2510 93477
42377 3250 7035
42426 5020 33127
42430 1390 87874
42465 4850 17024
42467 4430 16312
42501 3800 57424
42507 2510 92254
42513 5020 77914
42523 4700 52637
42597 2510 65548
42614 5020 96664
42651 6320 9347
42658 5020 7477
42704 5020 76627
42723 5020 73164
42759 5020 51238
42773 2280 21671
42810 2510 67028
42843 2510 17809
42914 2510 87139
42975 5020 45252
42983 5020 46748
43122 5020 59081
43142 5020 68489
43193 2510 80598
43196 2510 25481
43212 5020 67569
43265 1020 12196
43267 5020 72255
43268 3940 1347
43279 3060 32245
43279 5020 24685
43300 4190 25827
43366 200 37157
43390 3910 60136
43406 2510 36983
43411 330 39922
43422 2510 16582
43452 2510 48875
43454 920 20301
43479 2510 67453
43511 5050 54557
43538 4440 31626
43568 2510 17033
43597 5020 44944
43643 2510 47814
43709 5020 10707
43732 5280 45450
43738 730 15054
43781 2510 69138
43818 5020 83568
43845 220 34808
43847 5480 9981
43881 2510 9329
43882 2880 18216
43902 3380 21038
43931 2630 16237
43954 2510 8577
43982 2510 84256
44010 2510 57664
44067 2510 91651
44105 5020 43082
44153 2510 6892
44181 5020 3088
44247 2510 29376
44253 3370 92021
44253 5020 27729
44348 5020 75542
44369 2510 49758
44387 5020 75379
44392 7240 98112
44397 6460 48324
44422 7020 10615
44438 3690 12784
44555 2510 94616
44566 1730 21710
44575 5020 7522
44588 2510 77885
44618 2510 91617
44718 1800 1777
44727 2510 34091
44782 5020 5644
44788 50 94383
44807 2510 4859
44836 2510 77115
44913 2510 62320
44938 2510 45633
44951 2510 86475
45000 2510 5849
45053 1380 97471
45078 3270 42413
45093 5020 77148
45106 20 28038
45113 2510 46552
45141 2510 92937
45169 5020 22324
45216 5020 58858
45222 2510 14485
45231 4780 89559
45278 4320 16391
45332 2510 12574
45335 5020 51355
45379 630 7388
45389 5020 58972
45408 5020 28166
45425 2510 72093
45447 3200 53120
45544 4900 87006
45544 5730 80462
45571 2510 99907
45622 6070 22441
45656 750 7786
45668 3140 54103
45722 5020 42561
45757 1250 69809
45811 5020 85522
45966 2350 53616
46018 3180 46991
46020 1280 95089
46037 100 22860
46040 5020 4748
46267 2510 19927
46271 1710 63844
46381 6060 39230
46517 5800 96258
46532 2260 30780
46575 2860 48596
46581 690 45903
46584 600 74006
46609 5020 34398
46622 6950 37990
46640 5020 34309
46650 260 53810
46669 960 64202
46679 720 9928
46762 4480 7403
46841 5020 63137
46908 5020 86374
46923 7320 78240
46971 5020 79494
46973 2690 95565
47066 7130 47202
47128 6350 40455
47159 2510 65505
47188 2220 59432
47210 5370 20868
47213 2510 28817
47238 2510 41473
47314 2510 89986
47386 3590 73988
47386 7160 67327
47394 5550 59067
47398 2510 46183
47416 2510 13602
47481 700 79585
47488 5020 40979
47496 2510 59829
47519 7200 53042
47529 2510 27791
47539 2510 85250
47597 3020 26030
47667 1660 2577
47738 5020 20378
47808 5020 42053
47894 5020 18843
48055 1760 23216
48076 7220 39450
48140 2510 51272
48152 5020 81510
48183 5020 94329
48231 2590 38418
48266 5020 52331
48272 7100 129
48280 2500 82593
48429 2280 3965
48455 2510 93596
48525 5020 89602
48642 5640 71405
48648 5020 88276
48752 5020 86758
48799 1430 74124
48799 7420 42788
48809 2510 59134
48876 2510 21942
48921 2510 59676
48946 2510 57969
48990 5870 73455
48991 5230 98740
49007 5020 11214
49020 3390 34063
49024 2510 77329
49028 5020 85463
49062 5020 1166
49096 5020 70148
49133 2510 91843
49251 1810 62788
49313 350 43207
49332 2510 73163
49351 2330 5270
49373 7030 38235
49378 1540 25719
49448 6100 94911
49471 5020 65462
49507 5400 74862
49515 3050 92676
49528 3500 45102
49536 6430 43257
49546 5020 50070
49566 110 48510
49594 5290 42505
49626 2510 3473
49669 2510 59833
49715 2930 36843
49717 1950 48934
49785 6920 90452
49793 430 73265
49861 740 83938
49883 5020 65968
49885 6990 4311
49909 2510 70517
49954 5020 79440
50018 5020 46854
50024 1840 50339
50049 7410 52483
50050 5020 45622
50060 6360 33163
50133 5020 44117
50213 3240 13236
50247 730 97280
50249 310 24222
50364 2510 9968
50469 5540 23522
50571 4830 97878
50576 4580 6146
50577 5020 17717
50580 5940 95028
50636 2510 84663
50689 3050 8443
50767 4930 71702
50819 5020 58834
50823 2600 52381
50913 5020 29609
50942 5610 10333
51006 6190 31632
51039 2190 95218
51044 7520 30295
51049 2470 58865
51064 2470 65618
51076 2510 99927
51103 2880 74981
51146 4710 29143
51223 5710 94494
51242 5020 43630
51281 2510 23938
51298 2060 70285
51372 7250 54154
51393 5020 33592
51456 60 81044
51478 5250 2396
51523 1360 84233
51569 3260 68026
51578 5020 94847
51594 6680 3731
51600 6830 52063
51603 2510 69438
51659 400 81556
51711 2510 82832
51864 2510 81799
51872 5020 79550
51975 1310 77046
52081 4010 91940
52110 6150 18529
52144 2510 15593
52151 2510 86892
52233 3970 36991
52258 820 37545
52330 2510 62528
52424 7510 91244
52427 2510 86063
52469 840 24740
52487 2450 74944
52553 7110 49702
52604 5020 32445
52625 5020 32893
52631 5020 65206
52668 2570 87469
52735 2510 9751
52779 2510 32726
52866 4840 37055
53001 300 94518
53022 5020 25251
53026 3100 7516
53042 3960 42537
53054 7490 14358
53105 1550 49610
53163 2510 23234
53208 2510 98806
53275 4080 1348
53277 3950 24969
53285 3750 397
53291 5820 17437
53303 5020 46104
53340 3150 29927
53411 2510 77267
53431 5020 57177
53516 2510 2351
53555 5020 3944
53562 2310 69069
53591 5020 86970
53601 2510 75371
53646 5020 83184
53650 2510 83159
53683 5020 51001
53701 1620 8702
53805 5020 16743
53821 2640 95262
53839 2510 12242
53886 5020 32455
53920 3940 68224
53928 360 32547
53950 6300 24398
53981 440 66656
54030 5020 40688
54049 2510 20334
54054 3370 21651
54064 320 40817
54125 2360 30186
54152 5020 39143
54167 5020 33542
54222 2620 96147
54277 2510 47010
54325 4050 59807
54411 4680 5259
54420 1930 38588
54430 2510 74956
54439 1500 13064
54441 2510 23263
54460 6290 15910
54480 7320 67491
54507 5020 6287
54541 2510 74585
54587 2010 13330
54620 5170 31413
54663 5750 10145
54704 4220 26231
54722 5020 76797
54729 2510 59779
54737 2510 76783
54749 6840 23099
54774 5020 80705
54813 4660 63352
54832 5020 46161
54835 2510 33784
54926 5020 68919
55050 2510 98624
55053 2510 13673
55062 5020 77887
55065 3500 40595
55069 800 11564
55086 510 73158
55108 3390 55381
55119 710 46968
55138 2510 27483
55138 5020 35526
55157 570 81252
55168 2170 95316
55174 2510 88113
55180 5020 26822
55223 5900 38603
55238 2510 56122
55259 910 30154
55295 2510 84739
55305 3200 92860
55318 5020 37561
55330 6520 13853
55360 6000 21622
55370 6310 68792
55417 1300 27480
55469 2510 92014
55470 2510 37332
55509 5020 9106
55542 1110 5739
55588 7380 31380
55599 2510 58819
55612 5020 46559
55740 2390 26440
55751 2910 29493
55770 2510 41232
55803 5020 67866
55847 2510 15707
55883 5020 44001
55911 1870 75820
55912 2510 13347
55920 5020 11898
55976 2510 61970
56029 2350 93248
56032 5020 70468
56079 3830 61463
56190 5020 51598
56200 5020 13035
56222 2510 22029
56303 6820 66056
56320 6080 9647
56346 4350 47559
56362 5020 25633
56380 80 84513
56429 4600 32685
56576 2180 67306
56598 1170 48365
56617 5370 35482
56674 2510 44315
56712 2510 75259
56751 2510 34461
56758 5020 84385
56802 1320 15691
56814 1490 63153
56829 4090 78213
56924 7200 50447
56930 3030 2338
57076 6890 12465
57228 2510 76438
57229 2400 97245
57232 2840 56493
57305 2510 24873
57380 5020 78974
57490 5020 8587
57533 2510 97420
57582 5170 23016
57595 2510 41021
57608 7500 50090
57642 5020 83790
57660 5020 69807
57681 2510 84359
57687 3310 19796
57703 600 49599
57746 880 15130
57764 5310 57228
57832 6050 63892
57849 2510 35735
57860 6030 98639
57880 5020 32806
57923 2510 39104
57947 2510 46970
57955 2510 65005
57979 4280 91890
57993 2510 98323
58016 3570 17680
58060 2010 72271
58141 3660 280
58188 3900 82075
58210 5020 71578
58216 2510 60123
58218 5020 59336
58227 7170 26506
58267 3190 62981
58300 4640 38431
58379 5700 40570
58425 1870 23143
58430 5020 96775
58439 2510 78171
58475 2370 90664
58499 4830 42564
58553 760 16284
58635 2510 87771
58644 550 61213
58644 1400 80013
58663 2490 90965
58748 6220 3655
58793 2510 65990
58957 4970 59969
58976 7070 43171
58996 5020 32513
59031 2510 37169
59098 2510 75009
59126 2510 96846
59142 5020 93112
59159 3880 512
59180 1980 73142
59262 5020 3145
59296 6400 45936
59368 6770 20996
59411 5020 33891
59433 3410 85184
59468 6140 24722
59501 7080 96144
59554 2510 65420
59579 930 42304
59662 5020 31184
59722 4170 52759
59766 5020 82041
59820 5020 81627
59854 2610 10503
59922 5020 87254
59936 5020 58299
59967 2510 89500
59974 1250 88609
59983 530 59150
60027 2510 30812
60067 5020 97102
60083 6430 36612
60097 1780 6415
60100 7140 19240
60103 2510 30047
60118 5740 67879
60128 2410 72416
60154 2730 65989
60163 6790 69769
60172 5020 4494
60225 3300 6496
60230 1990 28303
60249 4720 54390
60310 110 95888
60310 2420 58294
60343 5020 70931
60375 4650 28955
60432 3740 2735
60455 3490 57882
60462 2440 86428
60562 2510 95756
60582 5020 99530
60603 4720 10047
60612 6760 11550
60629 2510 57050
60655 6090 58321
60695 6900 53367
60709 4870 3491
60747 5020 72120
60787 6690 46110
60830 1420 49285
60832 5020 71028
60859 5470 2944
60953 5020 19838
60980 120 33951
60980 5020 16804
60998 3440 82880
61012 4650 82476
61036 4570 38549
61041 5930 39985
61076 4270 33742
61085 2510 61153
61127 4240 88932
61148 6340 7806
61155 4070 72871
61157 5020 29825
61175 1570 51144
61201 4690 43694
61215 5020 24015
61243 2510 34655
61274 7190 86394
61332 220 23541
61398 5020 76586
61478 4790 61257
61530 2510 17700
61573 5020 91482
61594 5020 57358
61597 5520 84102
61624 4410 79780
61692 5020 67699
61696 2510 81948
61714 7430 53407
61741 780 67475
61755 5380 45148
61766 2510 96296
61833 2510 45289
61873 970 15240
61887 4180 6193
61958 2950 13255
61972 2510 58786
61995 900 5972
62041 5020 80091
62114 2740 15
62115 5020 58628
62128 2510 87276
62233 1190 54990
62268 2510 60479
62308 2560 3033
62346 4570 85566
62355 5020 86993
62461 3330 86844
62473 4400 56836
62499 5020 86865
62514 4770 55919
62553 5020 80031
62652 2510 79201
62678 2510 39094
62738 2340 87810
62788 6420 65745
62888 5020 59145
62898 330 26343
62914 1690 85178
63079 7340 7687
63092 5020 90034
63186 1910 47425
63213 5020 27693
63256 5020 91829
63400 980 1888
63442 5020 13994
63460 2510 23075
63486 6140 48817
63510 3430 76401
63511 7340 76087
63523 2890 13726
63641 2510 1199
63715 2230 22397
63765 5020 27979
63797 5030 40470
63874 6690 73671
63889 2510 70183
63943 1060 42772
63957 5020 87981
63978 2430 12032
64024 2510 56566
64027 5020 29437
64037 2510 81007
64067 3160 97802
64091 5250 3016
64113 6610 50878
64143 2510 4360
64183 2510 77616
64193 2510 84564
64246 2110 44324
64272 2480 90208
64279 6570 81715
64333 2510 99155
64340 1580 65786
64343 2510 89917
64360 2510 60072
64371 990 75976
64419 1320 35120
64466 4560 88208
64489 6880 3282
64524 2030 54982
64547 2510 24131
64556 5020 4469
64571 3090 72689
64598 670 40131
64607 2510 11274
64690 5240 12441
64704 5020 78735
64732 1820 41266
64791 2510 99412
64807 3860 8733
64814 4250 17806
64880 2870 74577
64883 4040 23319
64929 5890 10788
64963 2780 82407
65012 5300 44216
65110 2510 23813
65127 6780 49912
65150 5590 79650
65181 2690 42155
65192 5020 72129
65192 5590 21289
65308 5020 9764
65322 6620 47874
65352 7360 12102
65353 2510 58079
65455 6110 75780
65505 7400 12200
65529 5680 27113
65562 5120 63336
65572 2510 69308
65577 1640 86484
65612 6200 39157
65688 3710 21428
65700 4030 54497
65743 2510 46891
65748 1120 46897
65778 2510 66515
65917 140 54569
65925 2980 86771
65962 5020 98275
66054 2510 94174
66061 4810 11596
66076 7010 95540
66092 5360 6656
66140 5020 23118
66208 2460 11219
66269 4290 52192
66318 7280 39914
66336 5020 57592
66357 2580 89517
66360 5020 71352
66374 2510 15773
66376 5020 15547
66388 5020 13067
66396 5020 82991
66423 3470 66021
66465 3760 81965
66584 5020 88275
66586 5020 6372
66641 2990 63494
66661 5020 40825
66678 2510 36051
66690 2510 38415
66693 6110 82961
66696 2510 23266
66716 5020 22388
66724 2510 60623
66748 5530 40120
66796 5020 77168
66807 7310 82711
66828 5020 46175
66836 2510 89451
66860 5020 69453
66943 5020 75318
66952 6640 7994
66970 7450 45931
66971 2810 90411
67033 4110 46922
67127 2510 92961
67148 540 8502
67171 2510 31487
67194 1050 18771
67235 1860 5757
67276 5020 61205
67370 2510 10661
67428 2510 49181
67439 5020 36641
67507 2510 70873
67518 90 93833
67562 5020 65513
67592 1880 18108
67614 2030 7516
67619 5020 73897
67637 4560 11100
67671 5330 26200
67682 970 60376
67782 2510 95325
67931 5020 50753
67982 5020 99718
68031 5020 47355
68078 2510 26810
68093 2510 86180
68096 3600 27172
68106 5390 1312
68120 2510 9903
68179 2510 42641
68190 5020 55407
68219 3110 86186
68239 640 11144
68319 5020 75253
68321 3650 23495
68352 2510 28717
68361 2510 34397
68372 5450 18205
68436 5490 78241
68445 5160 99438
68502 5020 24197
68628 5670 7541
68646 2510 61408
68747 6970 88552
68759 4930 67170
68791 5020 58305
68894 3780 61973
68925 2510 2060
68937 5020 78122
68940 2510 47521
68959 2870 46471
68970 2060 462
69023 4610 18622
69033 5910 27463
69077 6640 63779
69114 2510 45175
69116 5020 71947
69119 2510 20521
69200 2510 16093
69214 1000 78218
69230 5020 98184
69242 5020 11164
69266 1590 10044
69293 2750 26506
69295 5570 60512
69302 5020 94676
69352 2510 94223
69361 2540 53585
69379 5020 81420
69435 3210 59935
69441 780 70947
69565 1160 34944
69632 5020 45493
69641 2510 19816
69646 4080 72007
69683 5020 54873
69725 5820 14015
69784 5340 90870
69795 2510 99137
69839 2510 17938
69886 460 5217
69923 2510 74460
69961 4040 75841
69980 2050 5181
69980 5020 76674
70002 2510 15390
70014 260 16201
70115 6660 32595
70125 5060 69932
70127 4190 49363
70163 4380 59160
70285 6650 62265
70295 5020 38574
70356 7450 31798
70358 5020 46595
70421 5020 2121
70533 2510 51827
70638 4130 88881
70666 2630 40949
70674 6360 52202
70692 5020 74287
70716 2510 78724
70742 6750 45370
70934 2510 92943
70936 5020 14209
71029 1600 48230
71104 6130 63099
71122 2160 47669
71129 5020 49399
71144 2510 37457
71185 2510 29582
71283 2510 23662
71284 1550 63717
71294 5020 582
71317 6620 36524
71351 2510 28459
71355 2510 20196
71362 2510 22218
71406 7360 89843
71476 2510 86202
71487 3840 68662
71659 4540 88287
71681 1180 69658
71694 6850 14519
71711 2510 61291
71764 5020 40760
71771 2970 47164
71787 5020 29771
71808 5020 76334
71841 5020 86067
71842 5020 94750
71896 5630 22324
71910 2510 69367
71923 4390 35273
71928 6580 75285
71942 2900 27979
71971 6930 67768
71984 5020 78349
72002 5020 25489
72006 5020 90166
72022 5020 75817
72029 6960 38189
72031 100 58128
72048 5020 59660
72055 890 38567
72092 2510 18934
72100 5020 86380
72160 1930 73180
72186 4370 92628
72237 2510 85093
72238 2510 68415
72257 5020 99123
72269 5560 97711
72332 2510 60913
72355 5020 67975
72357 2510 3246
72399 7390 28768
72410 5020 8252
72483 5020 85083
72527 3430 3488
72542 450 60351
72557 6930 51450
72572 130 65752
72577 5020 75761
72589 2510 94789
72692 2510 22480
72723 5020 44093
72741 5020 46443
72774 5020 9746
72800 2510 23940
72801 2510 4829
72809 2510 47794
72817 2070 65378
72825 2210 74752
72839 2510 42422
72919 2510 77520
72942 2510 4745
72954 5020 66005
73017 1710 6516
73079 5020 98415
73132 2510 28605
73143 5540 40912
73220 2730 60211
73232 660 812
73253 2510 76363
73300 4240 40273
73356 2510 44270
73364 2510 39051
73400 6870 83351
73470 4210 72816
73527 5780 27292
73552 5020 37222
73567 500 88609
73579 5020 90941
73615 4460 28955
73627 6380 65959
73651 390 69064
73680 1360 38345
73685 5190 3265
73740 1220 66881
73842 5020 57336
73852 5020 31862
73853 5020 3264
73871 5020 47486
73994 3450 54404
74022 5020 34129
74033 2510 81492
74038 6120 39639
74052 2020 79622
74057 2510 18044
74061 2720 258
74082 7380 62891
74109 5560 98832
74133 5020 97490
74144 3920 8824
74148 6470 34168
74224 5020 82154
74277 6590 87275
74286 2510 51815
74295 5020 70573
74318 5840 11991
74443 1850 8031
74468 7240 67694
74495 4110 8549
74564 3150 6039
74594 4450 20558
74619 4300 68242
74707 2510 62158
74723 5020 70719
74724 4470 87518
74783 3510 96542
74784 5020 3824
74936 5020 16045
74945 2510 35333
75144 2800 41625
75342 2270 90569
75346 5020 7074
75428 2510 18213
75429 2510 35018
75449 5020 84313
75459 5020 99365
75462 2510 32639
75481 2000 66158
75485 5020 18720
75519 5020 30501
75582 450 82540
75595 5020 35193
75603 4890 79290
75614 5020 61135
75630 5500 197
75642 300 58950
75800 2830 63040
75806 2510 71806
75810 2510 13898
75846 3120 48084
75868 5020 7650
75914 2510 24857
75936 5020 86226
75958 7230 76434
75965 3010 63603
75982 2510 9047
75997 2510 2488
76015 5020 18439
76102 5020 93477
76111 2130 52576
76143 5690 31285
76183 4750 79917
76225 5020 58478
76298 2510 94935
76300 2510 18484
76306 5020 86376
76326 2510 69721
76332 5020 45622
76365 620 81924
76366 2510 49532
76368 2510 89630
76385 2510 61017
76424 2510 27545
76510 5020 52242
76510 6120 82088
76532 5020 161
76536 2510 55573
76559 5020 76471
76600 2510 47699
76602 4770 14278
76636 5020 9724
76641 5020 69707
76654 5020 69631
76657 2510 6585
76684 5020 89551
76688 5020 22976
76711 7490 37688
76761 500 53717
76774 2510 84225
76783 2510 8410
76822 5020 39396
76919 5020 94642
76939 2510 80816
76954 5020 94062
76968 6490 77738
76977 5020 990
77051 2510 91720
77065 2510 24839
77154 3960 62227
77170 370 21011
77233 6090 74076
77262 5020 15478
77297 5020 32278
77381 6350 81361
77440 2510 20552
77464 5020 82109
77506 6500 50035
77552 2510 14423
77587 3990 53259
77657 190 98456
77661 5020 5576
77687 2510 72193
77732 5020 26810
77790 1080 80406
77810 5020 80113
77816 2510 24688
77846 2510 39485
77876 2510 49901
77921 3560 35223
77923 2510 28661
77955 5020 15214
77984 2510 30051
77986 840 76395
78026 6500 90869
78064 5510 85170
78070 2080 34894
78073 5020 28941
78110 4260 61942
78168 5020 99690
78172 4060 56391
78213 5020 72764
78264 5020 50260
78272 5020 78369
78277 2510 49920
78327 2700 74122
78356 2240 27790
78405 2510 75331
78458 5020 20470
78509 2510 96405
78575 1850 78085
78718 2510 72887
78742 2510 5829
78772 2510 69236
78773 5020 77280
78830 5320 8706
78926 6730 89819
78956 2780 58539
78992 2510 46194
79002 6150 11118
79136 6180 24085
79165 2510 7582
79167 2510 77284
79259 5670 561
79319 2510 62977
79401 1370 40299
79442 1520 91074
79456 4980 47885
79643 2170 67460
79663 2510 65572
79711 5020 98917
79723 2510 31984
79735 2510 64647
79754 2510 44682
79775 5020 89759
79809 2510 18780
79871 7480 50810
79909 5920 98595
79988 6650 58368
80001 7040 35543
80062 2960 52976
80075 2360 23921
80099 2510 73582
80101 1910 38303
80172 4590 10958
80204 5020 50141
80208 6460 87501
80241 5350 93881
80276 5020 18003
80283 7050 50952
80323 5030 98457
80420 5020 93815
80492 2510 60594
80510 2510 59480
80525 5020 74628
80537 5020 40895
80571 3420 72826
80587 5380 5371
80616 5020 36892
80623 2510 87840
80692 1120 74764
80696 5020 3603
80779 2510 31655
80790 5020 44625
80796 1480 66342
80809 3220 73067
80835 1830 15815
80872 5020 40778
80901 5020 93077
80915 3030 25498
80921 5020 42515
80930 2510 88139
81032 620 21263
81109 4060 26572
81117 2510 18791
81195 6880 78228
81200 6590 47079
81254 5020 13827
81261 2270 41336
81300 3530 45529
81326 2510 90753
81328 7460 96689
81360 2510 14611
81411 5020 48422
81448 2250 79911
81508 2510 62536
81526 2510 24584
81545 5020 20581
81581 5020 97237
81597 2510 70197
81643 5020 14025
81738 6440 22837
81772 2510 32288
81784 2510 39089
81821 5860 68075
81834 2510 78994
81862 6490 98555
81879 2510 56606
81999 2510 41173
82023 5020 6003
82039 2510 72082
82082 1210 38219
82082 6160 98474
82099 3790 67767
82114 5020 11431
82153 5020 62660
82163 5020 29502
82173 6530 29855
82192 5020 73880
82212 2810 38723
82224 3760 84856
82243 2920 42449
82302 2090 12269
82324 5020 36993
82337 5020 11521
82380 2510 16748
82414 2510 93956
82427 7110 69380
82457 5020 78565
82519 3280 48234
82546 5020 22083
82617 2510 11160
82618 1500 90870
82655 3040 9249
82661 950 61676
82710 2620 94032
82712 5020 15269
82738 2510 37150
82769 6190 34931
82779 5020 16414
82792 5790 5221
82817 5020 80219
82843 580 75400
82859 5850 2856
82939 6170 68576
82956 1650 10072
82980 2510 57431
82998 2510 3978
83031 60 28551
83035 4340 85468
83036 2510 65876
83068 240 48578
83071 6810 16067
83227 2380 51349
83247 5470 8725
83249 4460 8049
83287 7000 38126
83338 2510 46189
83341 6410 36436
83380 3310 47172
83381 2510 87790
83460 5020 70636
83485 2510 62871
83542 2660 54671
83559 6670 12630
83564 2510 25711
83570 5020 73130
83590 6370 58798
83601 2740 40230
83645 4510 93421
83674 5020 12908
83858 2510 27852
83904 2560 76644
84003 2510 53046
84040 2510 33922
84086 3670 34171
84108 2960 75507
84137 2510 29782
84137 4820 43082
84199 6720 1953
84235 4630 75428
84246 4860 48728
84248 2510 1010
84265 1040 1328
84328 4420 73866
84380 2510 42813
84387 5420 44370
84402 2510 10602
84411 2510 84994
84416 2510 42964
84443 4880 14235
84487 2770 44707
84499 5020 24931
84508 6890 51375
84513 1030 91094
84523 2510 22895
84542 1740 31556
84631 5410 72674
84661 50 17714
84676 2510 51561
84724 2510 7976
84752 5020 94042
84886 2510 24159
84908 4900 35966
84913 5020 64631
84961 1040 32501
85008 3850 28765
85063 5020 96405
85111 2510 98852
85152 1070 20406
85162 2510 29001
85214 2510 48533
85257 5020 60125
85269 2510 40973
85284 890 75062
85303 280 99408
85305 5020 25872
85320 6310 17162
85335 2510 23840
85570 2510 22740
85581 1100 10415
85590 4450 37901
85638 1330 94963
85713 1220 61340
85713 5330 44710
85742 410 20388
85770 1980 25118
85784 2510 79238
85792 2390 14153
85937 3580 44976
85954 5020 86685
85960 2510 91422
85997 3820 72367
86006 2510 7780
86008 2510 68320
86066 4660 10541
86102 2040 56258
86114 2510 76780
86133 2130 6627
86155 5020 44427
86164 4120 23605
86184 2510 82440
86197 3970 8197
86199 4990 53619
86216 5020 3975
86330 530 77552
86346 2510 13600
86369 5600 92167
86435 2510 33097
86436 5020 4815
86446 7230 52791
86496 2510 19898
86532 5020 1669
86581 2510 74463
86618 5020 22588
86686 2510 53042
86704 2510 32136
86707 2850 83893
86714 5010 70295
86727 5020 13060
86789 2510 29933
86817 6840 42848
86857 6870 34939
86911 1490 32792
86971 2510 17471
86981 6180 20642
87044 1590 36393
87046 5020 76719
87061 5020 57050
87067 6700 85923
87083 4470 93037
87096 2510 13397
87152 5020 10689
87181 1430 91150
87181 4380 25643
87195 3600 73066
87208 7280 11103
87212 5020 97710
87248 4840 90188
87254 2510 25587
87276 6920 79160
87315 2510 7812
87335 5020 17014
87354 6600 59459
87396 2510 70950
87397 4360 1833
87536 5020 22396
87538 2510 76455
87548 5020 41419
87606 5190 82282
87620 2920 47035
87628 550 57616
87630 650 41774
87644 2510 97220
87674 1760 65551
87702 5020 54553
87776 2510 68695
87909 4990 73063
87922 5020 79072
87945 1970 99191
87963 5260 336
87974 1470 81924
87988 180 51429
88037 7270 81849
88039 350 20329
88056 2510 17578
88116 3350 6572
88154 3840 74616
88201 5020 7715
88250 2320 29684
88261 5020 98768
88300 1280 76823
88304 6940 69262
88322 5020 55974
88324 2510 6335
88358 480 20434
88373 1350 86717
88380 2510 74372
88420 2510 91941
88436 5020 87390
88545 2510 56543
88560 2510 98945
88599 2510 55980
88630 3060 26499
88729 6820 18816
88789 6560 71273
88794 5430 78437
88891 5020 26997
88945 2510 54483
89053 2510 13523
89125 3710 6579
89132 1330 1374
89133 2510 8300
89135 2510 94798
89161 5020 11648
89193 1450 85924
89215 2510 47356
89239 5020 72396
89247 5020 85228
89470 5020 11964
89476 2580 75043
89478 2510 18240
89518 5020 37868
89538 2510 38317
89545 2510 15668
89558 5870 80875
89614 5020 68020
89629 5020 6630
89632 2510 72597
89653 510 53667
89731 2510 73562
89785 2510 60377
89901 5020 43732
89905 5020 34161
89939 4430 37408
89957 3870 75121
90027 5020 90416
90038 5020 86835
90054 5020 23215
90072 5020 19977
90118 240 44675
90142 5020 67773
90160 2510 45826
90186 3550 10315
90224 3930 38200
90226 2510 64321
90234 2510 57886
90269 5020 55032
90351 6240 83308
90392 6670 6078
90537 5020 92094
90538 5020 8759
90539 2510 25106
90578 6980 64509
90589 2510 3995
90589 6740 49217
90604 6560 76774
90625 5020 5820
90678 2510 10900
90761 1520 13232
90761 5020 41065
90825 990 28130
90847 6760 27481
90904 1160 58728
90951 5020 11736
91035 940 96072
91052 5020 97558
91082 5020 65364
91145 2950 31541
91163 5110 95304
91184 2510 19648
91212 5020 49309
91269 2100 4329
91274 2370 94998
91306 2510 95784
91332 370 47229
91364 5020 46381
91367 5930 85902
91398 5020 94441
91405 2510 6828
91417 5020 35309
91443 5020 45249
91446 5020 99390
91450 6210 3421
91461 2510 4805
91487 2510 42439
91537 2330 7304
91577 2510 16038
91588 2510 71861
91633 2510 67895
91640 5150 20573
91770 4960 42928
91785 2550 2443
91800 5780 99292
91847 5080 99504
91994 570 65102
91994 5020 91230
92026 5020 3421
92097 5020 27932
92108 5020 43122
92124 2510 20716
92135 5020 14083
92157 520 45991
92192 2510 44665
92201 2510 13963
92213 2510 5040
92228 4700 29209
92271 5690 70472
92275 2510 75615
92303 4620 2254
92320 1380 17793
92357 5210 79585
92400 3130 13972
92443 2510 97586
92484 6990 53134
92505 2510 4467
92508 6270 40544
92617 7040 71465
92622 5020 81987
92623 5230 29840
92658 6280 44858
92713 2510 84864
92730 390 79715
92751 2510 26647
92751 5210 2336
92858 5020 69725
92869 2510 94076
92902 2510 95772
92939 4170 26677
93036 2510 82651
93039 2510 56883
93043 2510 88661
93045 5020 54433
93051 1110 98461
93079 1790 94337
93083 2510 43891
93243 2510 53664
93383 2510 13718
93391 5020 4440
93392 5020 1986
93405 180 80239
93467 2510 70071
93483 2510 99455
93494 5020 55016
93509 5020 2415
93525 2710 52493
93579 3980 40713
93722 2000 10685
93755 2510 8063
93755 6080 35619
93794 360 17471
93830 2510 29828
93855 3080 36654
93864 1960 43850
93889 3180 15399
93902 5400 1146
93950 1700 17857
93990 4200 19748
94006 5020 88490
94084 6660 34387
94088 870 28595
94116 2510 23909
94119 2510 73910
94136 2510 37893
94138 5020 79257
94172 2510 85418
94197 2510 91239
94283 2510 38596
94292 4020 24223
94299 2510 80991
94309 4270 45566
94340 5020 13938
94345 5020 24457
94386 5020 53681
94501 2510 4793
94513 3790 83115
94516 4710 18736
94565 4410 33432
94589 5020 23746
94590 3420 47804
94592 2550 5027
94626 5020 32116
94642 4150 1179
94666 5020 77286
94690 2510 6703
94693 5020 18031
94707 6450 1994
94714 5020 76081
94722 5020 44157
94806 3880 90420
94882 5020 96501
94888 5010 74755
94895 5770 25551
94960 5020 95353
95029 5660 57375
95033 5000 5398
95049 2210 43817
95050 1000 35100
95059 2510 77520
95148 280 6807
95189 5020 6381
95209 1270 49085
95226 3070 98203
95233 6040 89211
95316 5000 49508
95325 5020 15850
95351 5990 94936
95371 5020 86937
95377 4630 83736
95443 5270 53457
95543 5020 39375
95603 1770 14995
95611 5020 97670
95614 850 81083
95636 2510 19452
95647 3360 26146
95651 5020 70387
95692 5140 29826
95702 1670 30864
95723 1840 66472
95724 5020 6434
95741 5070 51389
95792 5240 56150
95827 4150 7703
95832 5020 62033
95849 710 77538
95859 5020 62893
95867 3090 78563
95867 6000 83780
95889 3360 28155
95900 2510 7363
95916 2510 53208
95930 2510 3443
95942 5020 3397
95947 4290 7624
96116 5020 73909
96118 7330 29511
96183 2510 63373
96199 5730 84317
96270 2510 20999
96282 1540 35758
96303 5020 99972
96308 2510 62887
96308 5020 36936
96338 5620 18230
96389 7120 30676
96459 1720 87208
96465 5760 35895
96505 480 2992
96520 2510 59318
96522 5160 11491
96530 5020 59358
96602 5020 13340
96680 3860 8423
96769 5020 23693
96772 5020 20677
96803 2510 10630
96818 1660 74574
96855 2830 75739
96941 2510 24166
96976 2510 38276
96990 5340 55946
96994 2510 1396
96997 5950 97032
97044 5020 73379
97054 5020 84983
97106 4280 38750
97115 6860 62457
97183 2510 53025
97243 5020 90323
97281 7250 63950
97328 6810 90068
97358 7060 60589
97434 2510 47662
97448 5020 60843
97496 5980 22763
97505 1680 21256
97519 5020 7084
97596 2510 35916
97667 2510 42741
97670 1200 12334
97699 5020 42869
97710 2110 67
97713 6970 45865
97759 4530 57067
97794 2510 61311
97844 5020 44036
97906 6240 79561
97913 5040 49645
97952 400 5536
97967 5020 88473
98006 5020 15961
98041 5650 11341
98058 1700 9754
98089 5020 2064
98096 5020 40466
98128 5020 39431
98137 5020 64128
98166 1450 80007
98186 4490 78308
98198 4210 65940
98256 5550 29005
98285 2510 20205
98336 2510 66610
98361 2340 19668
98380 2510 84142
98528 5020 7034
98543 760 2019
98572 5020 15033
98654 2510 40113
98684 2510 15554
98697 2510 19319
98708 1630 52230
98742 5020 13349
98748 2510 67542
98755 2510 67638
98765 5020 88418
98776 2930 4152
98786 1900 9156
98804 2510 46388
98816 80 50030
98826 2510 6440
98848 2510 51779
98851 5020 70401
98872 2510 250
98925 5020 12182
98946 5020 68406
98952 2510 37146
98962 2510 15418
98964 7260 98887
99076 3340 51193
99115 5020 71262
99129 640 39657
99160 2510 41277
99183 720 16725
99194 5020 93729
99217 4400 70011
99252 1100 19965
99255 6910 97614
99279 2510 68873
99306 5020 22050
99344 5110 54150
99465 5020 86933
99470 6900 98451
99528 5020 33012
99534 5020 79
99563 7520 59411
99628 6480 1805
99657 150 39831
99670 2510 77382
99674 1880 65720
99687 5020 37891
99696 2510 68062
99753 7480 22955
99852 4230 83718
99895 4140 20709
99906 2680 86368
99909 5020 63794
99912 810 41114
99914 6210 99786
99955 2510 59694
99998 6960 69656
99999 2510 29726
