3000 10000 27984 85917
3 1880 62279
31 3960 40696
44 2890 23729
49 2440 71499
85 4770 10208
162 5650 75492
231 860 57924
239 5650 3378
258 1880 79893
340 5320 74812
359 5830 41260
361 4060 79314
366 5120 23717
419 6760 61700
421 830 84949
447 30 86616
451 1550 76402
465 7400 66963
584 3760 40311
667 3220 20478
678 5650 6792
732 2680 99401
751 2810 34448
755 6130 66506
766 3780 91285
782 1880 34798
806 2650 87530
808 3760 52050
848 3620 4963
864 280 6343
889 6100 88287
981 1880 60301
1014 3760 81090
1044 1880 41615
1052 1880 19407
1102 1060 99173
1180 1590 76940
1215 1880 31959
1225 3760 57844
1236 7160 73384
1241 3760 91555
1405 5650 81504
1411 2250 42011
1470 4320 5336
1507 5650 80797
1519 5650 69593
1523 3760 64054
1566 2300 58037
1618 670 85617
1638 1880 42290
1659 6220 84705
1673 1880 2691
1694 5650 79413
1728 5440 65282
1744 4940 63602
1750 2660 5239
1791 3760 41378
1860 4860 35837
1896 1880 65731
1966 3760 85318
1976 6640 92134
2011 1880 87315
2059 1880 58574
2098 7450 6215
2108 3760 37725
2114 6200 84831
2128 5650 16791
2130 1210 3531
2131 910 19429
2164 4720 50767
2167 3760 97206
2230 3760 49110
2237 1880 25225
2238 6800 40860
2286 1070 2256
2304 6410 32261
2308 650 42590
2320 3760 7532
2359 1880 58981
2363 5650 74552
2384 3760 83932
2419 2070 11868
2432 770 63946
2503 1880 55207
2516 7260 21533
2548 1880 95226
2551 6250 81380
2568 1880 87561
2576 790 60278
2592 3760 20560
2596 5310 66881
2620 5650 1791
2699 6830 97246
2756 800 58581
2917 5650 92393
2959 2130 53341
2967 620 93569
2970 450 41181
3046 5650 76340
3057 3760 26544
3124 2600 72852
3195 5650 86510
3222 3760 6402
3270 6400 90034
3279 2570 87852
3293 3160 44612
3367 1960 98958
3379 5650 26343
3414 5650 20476
3418 2380 31054
3451 5650 12759
3511 5650 32994
3538 1340 97787
3624 2760 11931
3684 5660 435
3718 1880 3259
3727 4810 66216
3744 1880 49152
3747 6710 95295
3837 5650 62173
3909 1880 90269
3932 2090 15456
4107 1900 66582
4137 320 80712
4173 3760 77009
4229 6700 125
4267 7370 66876
4284 720 23028
4303 4250 25499
4304 5650 52761
4341 5650 87013
4399 5220 63377
4419 3760 24939
4445 960 99091
4459 3420 94453
4569 1880 73500
4606 1880 11389
4641 5650 42105
4645 1880 154
4694 5650 18241
4714 5650 66245
4745 6960 49490
4757 2860 55408
4772 3890 51405
4776 4220 59951
4845 3560 51441
4879 5650 12090
4926 1880 12263
4947 3760 28821
4956 4920 11583
4958 3300 45127
4965 410 85827
4994 3760 60923
5034 3760 81431
5049 570 99634
5057 1880 10151
5057 3760 65555
5066 2000 6187
5079 3950 63237
5081 140 15916
5083 5650 58522
5132 5650 59706
5189 3760 98341
5198 1880 47796
5259 5650 67863
5439 5460 25155
5488 1770 94317
5529 1880 37522
5541 4620 1960
5563 5650 81682
5583 5650 51810
5684 3760 68686
5710 4000 21044
5726 6230 92571
5733 5650 5716
5748 5650 51832
5754 620 52038
5851 3760 97769
5960 3760 52540
5978 1740 65747
6007 5650 23350
6024 4180 82030
6041 1880 20270
6042 3760 24822
6106 3350 81232
6122 5620 61009
6141 1880 15505
6145 5650 39417
6153 6880 99270
6199 5650 41946
6247 2750 54828
6328 5650 36179
6350 1880 69052
6419 5650 87015
6443 5650 76664
6464 4970 28320
6482 3760 80583
6510 4680 18375
6527 2190 87292
6545 1880 25078
6573 1880 87879
6609 5650 56749
6632 1720 50381
6650 3760 8244
6713 3760 11542
6787 2060 1221
6790 1880 59802
6797 1300 99145
6820 1880 78025
6893 3830 19935
6906 2360 76288
6932 7400 11243
6959 590 90742
7008 4560 56768
7011 1260 52975
7015 5650 96484
7025 4650 12002
7031 1470 56554
7034 760 27471
7078 840 28249
7109 5650 19460
7177 1890 13485
7200 4590 73581
7226 1880 93056
7235 1880 5161
7276 5650 50102
7302 3760 77690
7305 5230 36773
7341 3760 3499
7355 5650 32658
7382 3760 56992
7399 5650 68749
7532 1880 36980
7573 3530 58337
7654 3760 56717
7673 1880 14297
7784 6870 67708
7798 5650 21808
7813 3760 99457
7832 6560 80403
7865 3960 2784
7871 5650 91455
7888 4890 25256
7931 5010 57147
7949 1880 76095
7959 1880 39875
8037 3760 19662
8057 2830 70382
8074 110 9543
8095 2410 15345
8137 6030 42568
8174 6650 64617
8175 4020 34691
8192 3760 62664
8300 1090 51669
8384 30 71257
8402 3760 95395
8432 1880 55409
8466 5650 87713
8509 5650 3480
8524 3760 63525
8562 1880 3935
8733 3700 81152
8799 3760 50813
8839 5900 8079
8881 3760 95988
8899 4160 95489
8970 1880 43585
9014 6880 17865
9057 5650 50693
9128 5650 65961
9142 1880 65757
9152 3760 63313
9190 5640 91876
9194 6520 450
9217 5040 44250
9265 310 93592
9342 5200 9885
9389 6190 25214
9444 4340 30852
9458 2390 31247
9481 1280 79897
9510 2980 95969
9523 6540 48863
9552 5650 46209
9588 1880 71898
9593 1640 48293
9659 1920 71140
9672 3760 5617
9691 6950 93030
9813 1880 45488
9825 1730 45221
9834 3760 98114
9849 1880 23299
9908 5490 77509
9936 6970 1662
9963 5650 83248
10033 5750 37158
10042 6170 52691
10060 2010 52320
10140 5650 11858
10176 2160 20327
10276 1880 16606
10313 4660 42920
10328 840 61217
10368 3760 74549
10442 3760 30908
10450 1880 93908
10458 5650 62931
10475 4500 14668
10530 5650 69875
10533 4690 9488
10563 5300 36792
10595 6610 5425
10605 3150 30046
10610 4580 29166
10625 6850 95020
10669 870 70911
10669 5650 56566
10695 5530 21786
10770 5650 58749
10814 3760 98796
10815 3760 80413
10845 5400 77260
10856 6860 48391
10936 7110 28169
10938 3760 54651
10944 1880 16252
11019 3760 97813
11098 2370 71826
11118 3760 2759
11154 1610 73079
11185 3760 42228
11199 3870 5963
11248 1880 61305
11264 7310 4449
11290 7460 28002
11348 1880 13299
11353 5650 51056
11362 3760 78912
11414 1290 12552
11522 1880 8243
11522 3760 77281
11556 3760 7490
11582 1880 25461
11591 4310 12897
11617 3970 82705
11663 2330 62083
11733 3760 25972
11799 5100 63103
11807 3760 59341
11821 2220 41094
11897 2590 80236
11914 7260 52908
11982 4100 70289
12042 1880 26185
12087 7380 56348
12113 5650 26558
12158 6620 54360
12168 4710 8373
12269 1010 90750
12282 7290 30127
12302 7200 51401
12320 500 78163
12334 4600 70106
12375 1880 91671
12412 5090 54884
12416 3040 1688
12423 1880 5212
12424 7410 11904
12472 6910 52044
12487 3760 91370
12502 3980 46808
12531 1880 15531
12555 1880 59849
12573 1880 8591
12577 5650 74202
12585 3760 8356
12614 3760 55379
12617 5650 55794
12679 5650 15471
12685 5190 78603
12709 5650 75218
12724 5650 13450
12734 810 18296
12752 3650 97420
12838 20 55210
12838 4030 4768
12842 6910 17682
12896 3760 69272
12957 1880 7346
12997 3760 3996
13002 3760 48429
13007 4420 51365
13114 5650 93357
13189 7130 9200
13258 5650 34319
13265 1880 90836
13289 5650 56178
13297 1880 52203
13301 4270 14860
13427 5650 34917
13529 1880 39720
13545 3760 6726
13565 6350 52465
13579 7010 50404
13603 1880 52409
13669 5650 22465
13769 5650 63849
13796 6000 10259
13828 1070 98551
13829 4760 51657
13871 2820 78563
13902 3760 40581
13903 1880 27649
13940 5650 33512
13965 5650 45161
14077 3740 30979
14238 1880 89409
14277 3900 89674
14285 2330 64337
14300 3760 13269
14318 470 56801
14330 3760 61144
14358 1170 34342
14393 1880 56360
14436 1880 53204
14494 1880 45848
14501 5380 85541
14509 3760 73956
14568 6720 61479
14632 3760 21228
14670 1880 45762
14693 1880 26871
14722 550 27398
14837 3760 28769
14849 610 71876
14910 5650 50113
14917 5650 70179
14934 3070 56354
15008 3760 53452
15019 3760 97177
15033 5610 38665
15067 1260 28537
15074 1880 97937
15081 1880 73903
15093 3760 97339
15095 5650 60398
15095 7500 39417
15107 3760 11331
15126 5410 36104
15141 5650 11131
15159 3760 1262
15177 430 91364
15187 1880 83194
15223 1880 19704
15230 1880 6584
15260 3580 23019
15283 6690 70325
15392 4670 79207
15423 2180 99009
15473 1880 83172
15592 3290 40569
15616 4910 55762
15665 7520 56645
15670 1890 74416
15744 7050 90575
15748 5040 57232
15762 1320 89818
15778 3760 42697
15802 1880 96667
15814 5650 71951
15838 3760 39115
15871 5650 79834
15899 5740 56887
15920 1180 11104
15926 2480 7940
15927 3440 29342
15944 1820 51436
15948 2200 84502
15986 3760 98307
16010 6440 24010
16016 1880 36738
16020 1380 49368
16022 1880 23670
16026 460 52472
16084 1880 10236
16106 2270 31814
16171 1880 83722
16244 3800 26509
16302 3760 23547
16368 3760 82381
16390 3760 29829
16393 1880 36782
16415 7080 81764
16422 3820 89226
16431 5650 64194
16450 3760 78573
16510 3760 14378
16529 3760 60145
16564 3050 84662
16570 3760 10686
16572 1880 15677
16602 850 75747
16638 5650 16055
16660 3760 79235
16741 3790 62822
16778 5420 11438
16782 3760 90978
16813 2720 94586
16852 3760 16070
16879 5650 32541
16900 2820 27677
16948 3610 14666
16949 1880 59841
16988 5650 81747
17008 1880 89647
17034 1880 51179
17036 5800 70762
17065 2340 62339
17082 1880 27523
17098 3760 95925
17098 4690 53753
17102 1880 53499
17137 1880 79403
17158 1880 56562
17190 1880 31165
17215 1430 31326
17301 2300 90867
17370 3760 63429
17397 4850 32493
17399 1880 83648
17417 3760 64091
17439 5120 49364
17439 7510 4826
17447 1880 91708
17448 5880 63658
17573 6740 71267
17589 5540 82097
17627 3910 28491
17640 1880 11534
17658 3760 97977
17845 5500 42257
17871 110 31385
17895 3760 94819
17918 1600 10595
17927 1250 43120
17929 6600 82446
17943 5650 61502
17973 5650 83024
18033 5650 10763
18075 5980 38663
18113 1120 41831
18113 5050 2667
18129 3760 69267
18171 1880 90450
18223 1880 56198
18269 5650 84587
18346 6280 24408
18426 1880 185
18484 5650 65073
18525 3370 20358
18545 4390 97326
18553 1880 44194
18642 950 38043
18699 2940 81620
18701 5650 58221
18706 5650 4324
18790 3760 53189
18795 1880 73414
18809 6680 88344
18832 4180 26665
18846 4130 84702
18866 1880 11955
18906 3760 2188
18908 5510 9721
18968 5650 58669
18969 3540 70762
18977 6210 78071
19029 3760 37338
19050 1880 1608
19054 5780 68003
19089 1860 62192
19091 4730 10147
19147 2320 60282
19172 1880 2278
19188 1880 85301
19252 1880 62257
19317 4430 53561
19406 4030 8179
19414 5650 68941
19428 3760 93187
19472 3760 55512
19502 1880 55392
19521 5650 4422
19527 1880 7265
19544 3760 63707
19610 1880 5547
19650 3760 77728
19681 3010 66000
19682 5760 40484
19715 1880 29605
19717 6490 83497
19776 5650 50747
19779 1880 75453
19788 5650 44191
19813 5650 75220
19835 5650 89629
19840 5650 15718
19857 2630 71738
19875 1880 81901
19897 3760 65711
19905 3760 3857
19912 3010 78101
19915 3760 13390
19948 1180 59298
19954 2010 37476
20017 3760 88957
20086 1880 4146
20111 3760 38925
20199 3760 60107
20305 2460 56368
20372 5650 34248
20379 1880 93266
20414 5650 16700
20417 6530 15008
20444 5330 98916
20495 6720 52759
20522 6810 49521
20561 3470 60548
20628 1830 49204
20637 7250 35540
20659 1880 85527
20659 5650 26527
20730 1880 89211
20770 5650 5392
20789 1880 21402
20822 3760 31564
20827 3900 12926
20906 4830 58259
20943 3190 84890
20952 2980 26550
20973 6810 54082
20975 3140 53228
20978 2480 5001
21070 5010 81295
21071 5300 59313
21206 5580 16682
21277 1880 16328
21335 1880 39103
21339 1910 52117
21392 3760 46544
21425 1880 4722
21438 1660 96844
21463 7190 89840
21468 3760 12276
21499 5570 13078
21504 5650 77150
21516 3760 73161
21530 5100 31490
21585 3760 55952
21588 3760 96441
21615 3760 32815
21622 150 31990
21626 3760 21635
21630 1880 88365
21638 5650 86651
21700 1880 40676
21725 3760 48297
21791 300 3901
21819 7160 44673
21913 5650 57233
21964 5690 60080
21982 3760 80502
22018 1880 95388
22045 560 15548
22066 3160 95394
22072 4430 9378
22122 400 42636
22127 3760 35584
22149 5650 98754
22236 7020 93777
22256 5490 58653
22290 5650 59759
22324 5650 37101
22327 5750 58569
22371 3760 36754
22387 6580 78118
22425 1880 41912
22439 2310 57561
22462 1150 84827
22470 4000 3766
22500 1880 93711
22529 1880 87295
22571 1880 86620
22593 3760 91845
22601 1880 42288
22601 5130 11224
22612 1880 55310
22615 1710 18654
22638 3310 79888
22660 1880 66909
22741 5650 51151
22771 3760 13239
22822 3760 52312
22863 490 44745
22864 5650 77268
22975 2780 23772
22985 5790 27434
23023 7220 41203
23033 5650 33408
23055 2850 98748
23161 3760 21455
23170 2280 51183
23176 5650 48050
23178 4640 13675
23213 1880 17380
23217 4550 88370
23278 5650 57854
23313 3760 53468
23368 1910 44540
23372 5650 37002
23374 3760 56208
23380 6130 72765
23390 7040 58550
23412 690 67510
23415 7420 4093
23477 4880 49671
23481 1880 24079
23511 360 62375
23534 3060 34765
23549 1860 7974
23600 4230 34390
23626 1880 72154
23677 1880 29248
23747 7230 36223
23775 5560 97197
23800 2970 52456
23801 5650 57442
23859 3460 36272
23871 7380 96308
23960 5650 41939
23997 1880 41181
24047 1880 54630
24120 5650 47177
24196 7530 4298
24199 7470 27825
24282 3760 60404
24338 1600 27461
24342 2090 15753
24419 6240 16280
24472 5650 80712
24485 10 11851
24528 1880 33983
24539 5400 60278
24619 3760 40140
24633 5650 7253
24636 7030 35734
24648 760 26634
24699 630 42997
24750 3760 49301
24756 3760 78982
24827 5850 84226
24869 6500 40993
24914 3290 58580
25005 4490 97248
25035 1880 41638
25171 5650 36584
25209 5650 25352
25243 3760 3382
25272 6070 66377
25343 1880 26785
25378 1980 49601
25425 3760 27554
25442 630 34107
25445 3760 54397
25474 3760 98023
25475 1880 47567
25505 1750 43850
25519 5310 72243
25601 5650 61466
25602 1880 29538
25606 5650 83472
25652 2670 46092
25674 5930 59936
25686 2930 90739
25777 5700 25599
25888 3760 13849
25918 1880 7263
25930 6920 26424
25955 3760 91008
25990 5650 31760
26028 5650 8796
26047 1880 30758
26080 200 15486
26127 3760 79839
26176 3720 35413
26189 5540 86006
26242 6190 52409
26243 410 65083
26298 1880 54783
26331 3760 10092
26345 6820 70530
26365 1880 2654
26380 3760 91534
26428 3760 51119
26459 4980 95252
26490 3760 34417
26518 3590 91754
26540 5650 55649
26615 5650 30493
26675 4780 50519
26722 4070 15322
26816 5330 91035
26817 5800 66772
26830 5650 30835
26844 3220 31412
26877 3760 33408
26911 3760 27416
26915 1880 63212
26923 5650 30778
26955 1880 40442
26987 6940 63659
26988 2690 69488
27001 3760 23239
27012 3760 46157
27019 3760 18162
27027 3760 24475
27113 1880 37623
27122 1880 41675
27140 1880 87848
27160 4350 74397
27249 3280 48995
27266 5650 99305
27319 6180 94803
27322 1880 38297
27325 3760 64836
27396 1230 29849
27520 2600 13975
27595 5170 81743
27600 1880 63321
27610 5650 41731
27623 1880 70884
27662 3760 71958
27722 3760 11541
27724 1870 33872
27736 4550 19368
27743 4570 45796
27753 6980 24023
27807 1880 76649
27864 1880 16232
27864 3760 45006
27911 5650 3622
27989 5920 81855
27994 3760 82623
28013 1880 56469
28042 6780 35140
28056 5500 29247
28062 4870 53756
28083 7440 88452
28108 2260 62335
28126 4700 33730
28130 7080 67634
28144 1280 86201
28145 3760 62264
28185 7270 17359
28232 3760 14269
28288 5650 6241
28336 1880 46478
28408 3760 38912
28547 5650 47864
28569 4290 6386
28600 3170 85480
28698 6360 43480
28731 3760 42163
28777 530 41068
28789 3760 37375
28807 5650 99984
28834 2770 3332
28848 3850 89309
28912 5770 75472
28937 7370 88656
28982 3760 73859
28991 6330 44584
29059 90 93416
29061 5650 46301
29166 4880 86968
29169 5080 71543
29260 3760 3180
29261 7450 27562
29274 4610 84902
29311 1590 844
29316 3760 90609
29354 5650 16778
29367 5980 97525
29479 5650 8000
29503 3400 97869
29561 3760 89783
29570 730 7599
29626 6510 89528
29637 6320 88981
29654 870 56272
29706 3760 72387
29714 6010 69812
29733 5670 13142
29738 5650 51849
29837 1410 20746
29837 1880 82644
29838 1880 5775
29847 1880 34066
29911 2640 22154
29939 1880 23801
29994 3810 75908
30035 5650 58630
30046 3760 11250
30047 6990 50178
30174 1880 57853
30195 5650 74749
30246 1880 22500
30270 1880 3534
30280 5650 24749
30294 170 67719
30354 1880 99911
30367 5650 4793
30419 5650 64665
30488 3760 8394
30546 1950 92474
30668 3930 54571
30684 1880 65176
30706 1880 68616
30904 4210 55372
30914 1880 43880
30933 220 66341
30955 6000 3860
31004 2260 29245
31035 4280 4462
31086 5650 73514
31112 1880 50763
31129 1880 52012
31194 5180 72980
31196 5240 34083
31221 4250 26618
31227 5000 28734
31293 5650 36701
31313 5650 62218
31334 2930 25989
31349 5650 91574
31358 3760 91196
31423 5650 53065
31446 1610 16327
31490 6540 32216
31534 1880 34610
31570 1320 12720
31578 3760 79422
31584 5520 23910
31676 2880 97687
31701 5990 58842
31758 5650 76701
31787 5190 72029
31803 1880 97996
31811 1400 22214
31857 3760 33370
31987 6990 57415
32023 2540 42274
32036 5650 69240
32039 5650 65420
32062 2150 26472
32087 6590 74350
32093 1140 53913
32109 3760 21650
32159 1880 58851
32172 3760 27833
32203 5650 22425
32226 3760 76682
32264 3760 13157
32330 3760 73385
32423 3760 18322
32467 3760 5236
32477 5650 8875
32509 2870 50222
32570 60 13830
32683 5360 9397
32684 5650 77452
32698 5650 67293
32727 1830 89238
32784 3870 38772
32789 2070 89995
32824 5920 2124
32829 3760 30596
32882 5680 82894
32907 1880 83879
32926 1510 7490
32995 1880 37758
33011 5650 33767
33049 3760 91754
33086 4140 91602
33090 5650 33651
33116 1710 63803
33211 7250 70734
33215 5650 28120
33245 3760 3546
33257 4750 21007
33308 3750 90328
33349 3760 49658
33351 5650 79833
33356 5650 49605
33388 1920 72879
33398 6890 25210
33408 6930 98029
33417 7430 28971
33463 3760 46892
33480 780 67828
33482 5650 50495
33500 1880 94729
33547 1880 77334
33562 5650 14148
33581 5650 69696
33593 3570 32055
33601 3760 55668
33648 5650 73048
33657 1880 55450
33664 5650 24742
33676 6760 21584
33716 5340 13595
33741 180 99145
33818 5650 84836
33852 6590 45599
33871 5590 38501
33903 3100 33732
33905 3760 88490
33952 3760 6902
33970 4860 58556
33978 5650 36330
34033 1100 22463
34059 1880 92327
34066 3760 16707
34084 1880 25218
34103 640 51244
34106 4370 69689
34106 7280 24767
34134 3760 99829
34144 1880 76449
34173 1880 74357
34193 2570 60224
34205 5650 92397
34212 3760 77738
34248 1880 63196
34327 5070 6271
34346 1210 38431
34489 2630 76375
34536 3170 10965
34563 1500 40251
34586 5650 41057
34592 5650 52490
34639 5650 44040
34658 3760 59117
34774 3760 47136
34785 5650 81819
34834 6300 98948
34864 5650 69169
34871 1880 1131
34875 2810 6170
34889 1020 45929
34906 3760 91638
34911 7030 43852
34972 5650 76794
35000 1880 31286
35003 7390 74757
35011 6270 73528
35026 3270 5638
35027 1880 35722
35099 3880 31655
35140 3660 43417
35179 4840 60811
35181 5470 45107
35194 3760 92867
35220 3760 40881
35239 6260 13648
35253 6390 34987
35261 2960 12710
35317 4950 29250
35378 290 74038
35425 1880 66411
35434 5560 26529
35445 6900 77105
35480 5060 48814
35522 5590 53563
35526 4610 47159
35544 5650 16722
35553 1880 89371
35625 3760 41584
35665 1880 38319
35684 5720 74234
35766 3330 8165
35770 340 62329
35771 5580 91293
35777 2610 57188
35807 1880 1437
35847 5650 51025
35864 1880 39038
35880 2910 85646
35992 1850 75365
36027 3260 86444
36033 3760 1839
36113 5650 97958
36159 5650 15613
36161 3760 36825
36165 6380 14972
36206 5650 10621
36234 5650 29100
36273 3760 41185
36275 5070 8929
36292 1000 46570
36302 1880 29094
36342 3760 29461
36393 6320 23820
36424 5650 85170
36425 1880 86416
36429 5650 35567
36463 1980 20911
36499 7230 23677
36535 3140 16677
36558 7000 57579
36632 440 44832
36648 4190 45907
36788 1880 257
36796 3760 48335
36820 3760 68265
36831 7150 92983
36841 3760 3577
36845 3760 61189
36850 3760 2808
36867 1740 46088
36971 3760 55221
36993 1880 23367
37101 2530 56617
37109 4830 478
37122 5650 95183
37233 6280 10327
37286 5650 83175
37292 1880 39729
37327 890 89353
37405 4080 9346
37406 2440 70766
37411 6770 87307
37487 5650 69857
37573 2290 98523
37588 5610 90872
37595 610 87374
37604 2080 652
37639 5970 76789
37646 4740 50405
37701 5220 25753
37714 1880 27133
37763 4930 96565
37765 3770 27099
37770 3760 46658
37811 740 44392
37894 5650 77327
37925 4080 23013
37951 3760 36512
37982 1880 85636
37991 4140 23765
38016 5840 45342
38034 1880 89091
38066 1880 8858
38116 2230 60142
38169 3760 35023
38188 1880 69144
38214 1880 61554
38309 5650 37600
38310 3760 12252
38399 4190 42765
38456 1880 98866
38469 5650 27952
38470 3760 60972
38563 2430 50623
38590 7360 89825
38608 4800 71777
38629 4120 71622
38634 5650 83735
38635 6550 65639
38648 1500 89294
38652 3760 74659
38656 5650 95113
38666 4930 24795
38670 340 15589
38705 3760 53462
38717 4970 16679
38770 1480 95733
38798 5650 83406
38805 5650 53906
38816 1880 12219
38837 1880 12110
38874 330 38761
38882 3390 65405
38890 2140 79661
38940 3760 94385
38966 5650 78781
39032 1440 7323
39055 7150 58284
39088 170 48940
39118 7060 90374
39145 5250 95080
39164 1880 77560
39185 1940 58874
39222 1880 24723
39229 5650 63818
39253 5650 71461
39262 5650 29243
39338 5860 28165
39424 7090 96358
39455 6070 79470
39473 5600 32130
39486 3760 18084
39550 5650 50582
39599 5650 98311
39608 5650 37451
39642 1880 71934
39706 1880 89040
39759 1880 30493
39768 7170 21730
39771 350 80253
39773 3760 94632
39780 3520 74527
39821 1520 76551
39826 660 82293
39862 5650 81189
39875 5650 93018
39913 7330 87991
39958 3760 14872
40075 1880 36547
40103 1580 5203
40106 4410 82957
40144 4480 47293
40152 2990 14235
40234 1250 40606
40249 1360 76770
40316 3690 25009
40340 5280 28854
40369 7200 14718
40388 3270 9727
40445 1880 12733
40460 3760 17548
40462 5650 95776
40463 5650 43657
40477 3760 74093
40513 1880 17114
40525 6370 31643
40539 5650 77950
40583 3760 90929
40615 5650 90686
40616 1880 37173
40714 6140 14474
40732 2970 61322
40737 3090 2366
40741 240 52729
40776 5650 67134
40926 3860 16435
40932 880 95655
40935 3760 69305
41002 7530 31413
41050 5950 38869
41081 3760 54381
41212 1880 50916
41214 5240 73501
41221 3760 58847
41266 5650 59991
41273 100 32672
41393 7240 18114
41398 4780 5629
41432 4670 10041
41530 5650 10540
41545 3300 38102
41553 4310 96264
41601 5650 30245
41608 4440 71885
41624 3760 11127
41642 2150 15657
41681 5030 32800
41697 6770 11639
41700 5650 25851
41756 1170 55002
41807 3120 33134
41914 5650 57149
41941 4450 25278
41971 3820 56624
42006 1880 36739
42014 6420 61823
42044 5650 37255
42076 5650 67571
42152 2650 77547
42190 1880 42549
42213 3200 62260
42277 1880 27528
42279 7110 87727
42331 820 88726
42382 5650 76671
42404 6790 57263
42481 1810 34585
42492 3760 93698
42505 5650 10630
42592 5650 42113
42651 1880 82073
42667 3760 61189
42689 3760 95871
42703 1880 58781
42751 3760 72236
42827 270 33986
42961 1730 35545
42988 5530 86563
43022 3760 97846
43035 6300 7507
43154 1080 15945
43350 1880 60512
43356 5650 36944
43361 2760 80077
43371 5770 53134
43480 1440 82011
43499 3430 58402
43512 1880 62869
43542 510 73511
43559 1880 78434
43597 3980 82492
43609 2750 77763
43746 3760 62147
43759 3760 66235
43863 6660 57165
43865 2520 60089
43895 1790 23058
43947 3080 94419
44200 1880 96615
44222 2180 73280
44252 5650 61746
44279 5650 56739
44353 5710 11385
44399 5650 82409
44400 1110 93975
44420 3760 41561
44458 5650 79883
44491 3760 4588
44521 1970 521
44545 5340 21595
44617 4090 45749
44670 6460 51152
44746 1880 81249
44747 1880 60974
44788 5650 72582
44926 5650 92101
44985 3760 65132
45103 3760 33734
45121 1850 67305
45150 5650 62688
45162 6840 36457
45165 5290 66765
45218 1880 62956
45259 5650 58400
45390 960 83954
45494 3360 70738
45501 4790 35479
45521 5650 671
45530 7180 85619
45539 1880 71455
45544 5650 59004
45626 5410 20761
45667 5650 15143
45677 3760 52270
45692 1880 44359
45713 4150 65163
45721 3760 32278
45764 2790 12327
45771 5370 37367
45813 4570 3601
45866 1880 77280
45927 3560 80381
45980 3110 78705
45997 1880 31081
46006 4460 42953
46020 1630 77898
46079 6120 44396
46159 5650 54844
46176 2500 67450
46283 5650 6015
46284 3090 23128
46327 3760 24735
46376 7350 28482
46496 3760 49660
46516 1880 61767
46519 1880 57670
46534 5720 8136
46580 1880 59189
46585 5650 52957
46651 3760 6147
46722 5380 62975
46786 4660 82987
46793 5650 67423
46818 5650 44367
46908 1880 63708
46917 1880 90899
46970 4760 46771
46986 1880 33419
47022 3760 22224
47056 3720 80976
47104 3760 77514
47106 2380 4272
47128 3760 73155
47193 3760 91383
47289 5650 67901
47318 3760 3021
47342 6820 89103
47370 1880 44140
47379 1880 6204
47394 1520 31571
47439 1880 13503
47475 1880 94533
47483 1880 39806
47493 3760 79432
47527 5650 35200
47542 1880 56770
47570 2170 55166
47629 3420 34386
47630 3760 31560
47639 1700 19368
47668 5650 9705
47683 1880 86981
47692 2280 60992
47696 1880 23367
47737 4540 4754
47751 5650 47849
47781 1880 78449
47835 3030 15379
47845 3340 21685
47890 5030 70854
47947 1880 36795
47968 1880 52291
48024 5650 61434
48105 3760 94938
48108 3760 39809
48112 420 37125
48146 3540 9902
48195 3760 56723
48257 6610 76059
48282 3760 64808
48315 5650 37407
48337 5670 24362
48376 3760 72672
48382 1880 12010
48493 4870 4825
48493 5650 98562
48543 1880 26666
48591 3760 76493
48641 1880 40866
48692 1880 65243
48790 3760 49877
48817 6710 46434
48830 5650 59600
48896 3650 58708
48960 1880 20049
49000 5650 25499
49008 2230 37082
49029 5150 53940
49068 3760 69447
49084 6030 513
49120 2210 3922
49178 5810 51161
49190 1530 22847
49229 5930 15085
49254 5480 31679
49256 5650 87864
49257 2060 70381
49269 5650 11944
49278 4090 94135
49284 3760 69269
49298 5650 69309
49310 3400 70920
49315 3760 52906
49342 5650 52344
49352 3760 38894
49363 1010 79476
49363 1090 5339
49403 7010 31298
49407 1880 80966
49428 1000 86956
49434 1880 51792
49568 1880 25898
49701 3710 95582
49778 5650 5769
49879 5650 13642
49894 6390 98949
49914 6110 95745
49967 420 99651
49968 1880 98812
50043 3760 9485
50044 2120 35164
50110 5650 33211
50130 3760 1688
50136 4440 68416
50149 3760 1817
50207 5650 51133
50335 4150 27625
50337 1880 72753
50368 1880 68678
50385 1880 24607
50399 3760 83118
50472 1220 43826
50582 3760 31019
50626 6420 81199
50665 2240 38091
50667 3500 98576
50678 1880 59415
50763 5650 32485
50771 160 79861
50909 1880 53736
50922 5650 71603
50988 3760 68833
51043 1880 39238
51060 4260 2994
51131 2310 96266
51157 4890 4482
51237 1880 70092
51341 3760 95471
51360 750 30926
51560 5650 26437
51633 3070 52368
51654 3760 50783
51675 2000 547
51779 3830 16375
51870 2740 55219
51915 1880 82038
51922 1400 6780
52010 3810 54871
52055 7070 24753
52059 4100 95177
52077 1330 32809
52113 2360 98384
52138 3030 58382
52274 2420 91100
52285 1880 48979
52296 1420 11885
52322 4290 86180
52333 5460 64572
52340 1880 22672
52386 5360 52831
52425 3760 21413
52437 5650 99134
52445 1880 43392
52449 3760 87720
52483 5650 77274
52566 5270 63090
52587 2240 87238
52610 3760 96104
52627 6850 86193
52674 5650 64216
52687 1880 31233
52699 1880 60441
52702 1880 23963
52715 1880 33853
52732 1130 80111
52793 4630 96612
52838 1650 97336
52863 2840 33914
52875 830 45755
52901 4450 9365
52910 980 36100
52930 6460 33902
52944 5650 13958
53066 2100 27549
53072 4770 39412
53131 250 82211
53141 2640 3180
53145 1050 56787
53156 1880 25114
53159 1060 9489
53166 3350 54624
53167 5650 83204
53201 5650 72936
53226 4200 23092
53251 1790 30821
53286 1700 70985
53295 3120 1626
53338 3760 27181
53339 5650 51187
53344 1880 73196
53344 2680 1514
53387 3760 85074
53388 4580 24937
53396 290 29439
53398 1880 47191
53492 6450 71771
53496 5650 20929
53567 230 64780
53607 5650 48709
53666 5280 76961
53682 3760 30860
53719 5740 85756
53732 3760 35642
53884 7310 48720
53896 1880 35592
53919 3760 51784
53927 5260 35924
53938 1880 52424
53969 5650 57463
54045 1570 12661
54088 5650 2781
54104 1880 84644
54108 5650 90545
54224 4230 5850
54331 5650 44825
54361 3760 59932
54371 5850 79372
54388 3760 4822
54402 5650 42336
54422 5650 72550
54518 1880 36125
54528 1880 15565
54533 3760 77438
54585 5650 15774
54604 3760 74641
54626 2220 37767
54673 2700 34669
54724 1930 25141
54736 3760 85044
54741 3760 63093
54761 1880 23649
54790 1880 86112
54847 5650 16470
54866 3760 30129
54893 6920 37845
54921 5650 82877
54935 1940 74792
54939 490 18773
55009 5650 56799
55023 440 92312
55065 7140 63185
55107 5020 85217
55122 3760 44010
55164 1880 39944
55328 4990 49274
55334 2450 83137
55335 4590 32843
55346 1880 65092
55413 4010 73552
55476 480 96479
55480 5950 14317
55494 160 20216
55501 5650 61727
55517 1880 87530
55517 7060 12872
55537 3760 6120
55554 6150 64904
55599 880 38666
55620 7360 8998
55727 1880 25323
55764 5650 80016
55781 1350 42791
55782 2460 72972
55796 4130 66956
55812 2720 33109
55830 1420 77934
55830 5650 68305
55841 5650 10611
55865 5320 30746
55911 7340 89004
55931 5650 67769
56030 570 38315
56085 5650 44649
56092 210 66293
56104 1670 1120
56110 7120 17129
56111 1880 83572
56211 5650 469
56236 5470 98742
56256 1880 46390
56300 1300 64470
56310 1880 30206
56356 5650 73113
56410 180 94016
56412 3760 4696
56443 3760 7157
56521 6670 77670
56554 1490 86319
56580 6350 11299
56614 5650 9645
56662 3050 31216
56667 3330 75138
56678 3240 99342
56681 1880 72159
56681 3760 7115
56720 3760 55421
56750 540 74394
56781 820 69599
56786 6690 89279
56800 4730 62084
56851 6220 64506
56864 3760 19951
56917 2850 27695
56947 3230 10495
56954 6900 9260
57252 1190 42301
57287 3320 17963
57315 5650 50065
57321 3760 19954
57378 1880 25707
57439 3760 82341
57453 1880 855
57467 1880 19718
57505 5650 94843
57585 1880 58242
57656 1880 46858
57683 1880 97112
57700 3760 85731
57768 3760 22312
57826 1880 88552
57887 5650 91969
57989 5650 84879
58046 1880 18398
58113 3450 86040
58117 5250 7035
58203 1880 68453
58217 1880 62938
58233 930 22494
58238 50 99868
58246 3760 68669
58288 1880 34861
58343 1880 84843
58353 5650 9449
58399 3760 2323
58425 5650 66721
58453 3210 27085
58503 1880 7974
58503 3760 18581
58517 1220 39786
58537 5730 61250
58552 6740 32829
58563 2390 4654
58607 3760 95888
58696 3760 29139
58720 1690 40088
58778 3760 285
58783 1110 66271
58826 3680 66981
58827 380 7971
58839 3710 5655
58842 5650 34282
58858 2140 5534
58933 6700 14987
58948 1230 81294
58949 1880 27937
58986 5650 68751
59068 5650 19810
59093 3760 11728
59099 1880 53958
59099 3840 72426
59116 550 85656
59132 1880 99437
59176 5650 17057
59194 6340 76407
59238 370 99353
59267 1880 40
59309 4260 63244
59323 260 73237
59378 6530 74526
59456 3760 80955
59463 5650 10088
59507 1880 5577
59646 3760 41828
59670 1880 6872
59675 3760 35864
59703 1880 95371
59722 1880 55225
59806 6490 18363
59839 4170 82090
59840 5650 81519
59857 3760 51210
59862 1880 67415
59886 3760 13582
59922 1880 339
59928 3760 7334
59960 1560 26767
59993 6270 17117
60002 1490 22654
60002 1880 46340
60097 1880 54565
60171 7040 42481
60174 210 65911
60192 7090 63083
60218 1880 64716
60248 1880 12354
60283 3760 1355
60329 2580 91412
60342 4980 26796
60428 3760 41507
60502 600 64619
60540 3760 31579
60587 3760 77460
60592 6570 25753
60602 3760 16639
60664 1960 26801
60672 4510 17413
60672 5650 54973
60711 740 55091
60730 3760 15567
60731 5650 32659
60769 1880 48558
60846 1460 22635
60878 5650 33127
60892 1880 75192
60923 3760 18836
60989 4840 68281
60991 1880 82512
61062 3040 5249
61064 2350 20570
61070 2770 32040
61082 900 38262
61101 3760 74269
61133 6580 89923
61176 3760 38171
61180 5780 32629
61204 1480 52654
61233 1340 22864
61266 5090 97189
61278 6630 50897
61310 3760 46493
61361 1880 94807
61369 1880 23323
61391 5650 48826
61396 6250 42911
61408 5650 10143
61435 3760 94893
61440 1130 36088
61441 7340 18009
61596 1680 40460
61634 3940 49859
61642 1630 31147
61657 2990 94609
61757 6430 84115
61770 5260 7957
61794 850 43699
61837 7440 74846
61861 2100 66159
61879 5650 68581
61905 1880 94733
61925 1880 49362
61934 2120 12001
61973 1510 61330
62034 810 24065
62050 5650 33598
62072 2960 98069
62072 6090 99441
62119 1880 80248
62157 3760 78175
62228 3760 92684
62233 710 51379
62306 4300 79336
62319 1450 39054
62374 5650 57941
62405 7480 5769
62454 5650 26397
62538 2620 16802
62539 5650 21720
62584 2800 12218
62592 3760 30352
62683 950 88992
62692 5650 3030
62716 2860 13925
62765 2080 34
62810 2110 67758
62852 3580 40275
62887 220 87630
62913 4560 38374
62994 1880 53754
63060 6440 38896
63066 2690 40543
63140 7190 63944
63154 5550 32817
63160 3470 93829
63231 1880 37738
63266 5650 7138
63284 1150 47998
63287 5650 1277
63381 5650 6443
63390 5450 40686
63391 5630 49657
63428 7180 35315
63446 3760 36907
63488 1880 42479
63544 1880 98139
63578 1950 37805
63604 2320 28387
63617 4020 82204
63622 1880 26650
63627 4380 43693
63685 920 14693
63712 5210 17798
63727 1880 53656
63820 5650 93455
63884 5650 49679
63955 1880 26832
63970 3060 93914
63973 1880 45618
64009 6370 44481
64015 3480 3341
64105 3020 54351
64109 6010 6849
64121 5650 8848
64184 5650 80010
64199 6840 60961
64228 1880 49307
64258 3760 62897
64275 1750 38851
64327 3760 22997
64346 5110 64953
64391 1880 8945
64398 3760 26743
64401 4810 45574
64458 5650 72349
64475 730 35402
64488 3670 34337
64521 4400 98650
64535 1880 55426
64598 1970 63202
64642 3760 70043
64644 2710 54413
64658 5650 85179
64660 5630 207
64686 1880 12996
64736 4050 23860
64737 230 60353
64743 3760 42095
64762 3760 9373
64799 4500 3909
64824 3790 53845
64869 5650 29563
64875 5650 62100
64911 2890 99646
64958 3760 2058
65025 1880 11533
65053 4270 29011
65079 4170 89753
65117 4530 78381
65124 1880 95837
65133 3360 35597
65188 1880 23064
65207 130 40585
65242 5650 97126
65244 3760 11868
65275 6200 61059
65348 5650 71560
65431 1640 90896
65440 5650 14502
65452 6480 54612
65514 6570 95979
65566 5430 61751
65569 4960 67180
65644 260 54829
65654 1050 2105
65755 7320 77812
65769 3760 73574
65813 480 94122
65817 1120 38852
65851 1880 6352
65907 6670 73969
65942 4160 73249
65995 3760 40505
66017 1880 57886
66023 3760 44138
66032 4540 67539
66032 6020 51772
66042 3760 96052
66082 3760 7580
66116 5650 16498
66126 6310 15107
66265 6470 56610
66290 930 47407
66291 5820 20953
66305 6050 76546
66325 4820 22290
66338 1880 8373
66352 4040 27200
66353 390 80789
66360 520 52436
66367 1880 26695
66420 1770 56115
66428 3770 40685
66431 4060 29116
66499 4530 89154
66507 4340 25704
66544 1880 77230
66557 980 29044
66564 1880 88041
66596 5650 20728
66601 1880 13967
66605 1880 84678
66607 40 13768
66687 4240 22941
66727 3200 63220
66770 5650 47440
66785 4710 61810
66790 1880 87200
66848 5650 66861
66989 3490 80740
67003 6240 17397
67057 4360 16486
67071 5420 25732
67077 1880 84929
67185 5650 19533
67191 5650 55383
67213 1880 92220
67221 4820 89459
67224 1880 99865
67244 5650 26979
67308 5650 13496
67431 5650 83783
67470 3760 48555
67489 3760 82956
67494 6160 62336
67609 1880 34162
67684 5650 15504
67708 5650 21780
67743 1550 27211
67800 3760 99125
67925 50 75559
67997 3230 11271
68016 5650 6404
68079 6290 19158
68091 5510 34516
68121 2730 30733
68147 1880 66063
68159 1880 43590
68204 3500 96246
68206 2740 10056
68380 1540 74698
68380 1880 33574
68430 1880 83557
68436 1880 28996
68483 5650 83629
68513 700 32477
68516 250 78261
68533 6860 87870
68572 5650 67436
68584 4620 62412
68602 5290 9377
68607 6160 58282
68744 1880 80577
68792 6480 789
68855 3760 87528
68893 3760 34758
68947 3760 416
69010 1840 33215
69025 1240 58381
69035 5650 19349
69047 5650 17199
69114 1880 20996
69155 5140 10501
69172 1880 6954
69179 3760 94497
69191 1880 35425
69201 3950 49417
69257 1880 20348
69275 4750 59170
69278 1880 44197
69282 7300 84180
69295 5650 49750
69298 1880 54253
69307 3760 66129
69335 3100 78618
69345 3760 22581
69351 4630 96123
69398 7020 15460
69422 1690 6002
69423 7490 46458
69492 1020 76752
69556 2900 56142
69608 5960 44170
69630 3760 30856
69630 5650 75711
69718 7130 7188
69738 7290 47127
69774 5050 45267
69774 5650 33344
69777 3920 52746
69800 5110 72514
69806 5650 23854
69846 3760 14069
69849 5650 27523
69881 2050 16752
69899 860 79060
69921 3760 35525
69964 1880 44078
69977 3760 37205
70025 1470 2672
70079 890 38160
70154 5570 70743
70156 3760 90064
70207 4950 76712
70253 580 92417
70267 5650 3489
70297 7210 35340
70336 3390 11236
70373 5650 92779
70409 5650 1315
70435 3760 8380
70467 4280 77841
70489 6340 63933
70495 1880 61565
70497 940 94990
70513 670 85561
70576 6980 88556
70602 3260 48215
70603 3760 48249
70665 4120 62437
70674 1880 17023
70696 3130 10752
70705 1800 23593
70728 3760 72448
70798 3760 64405
70925 7220 97028
71001 6560 48527
71003 2830 71085
71004 3760 27021
71015 5910 70430
71029 4510 51070
71133 3760 37591
71136 640 12647
71194 7050 5699
71334 360 87329
71343 1880 30007
71371 3760 55480
71421 2910 88646
71425 2610 3484
71506 1880 32646
71549 5650 2172
71557 5820 70983
71585 5680 11564
71671 5650 65630
71748 4800 17786
71749 1880 78268
71782 1880 68341
71805 1880 81164
71821 3110 92661
71822 5650 40959
71836 5650 2657
71851 1880 5335
71891 940 16612
71954 10 94832
71960 4460 781
71991 1880 17846
72104 5910 70566
72117 1930 6321
72186 4390 70052
72206 3760 35520
72211 5650 60563
72288 5650 94890
72316 790 17899
72383 6750 96221
72391 5650 59828
72449 3760 84388
72456 3760 60421
72459 5650 36916
72506 3760 97594
72610 3760 13985
72644 1310 95866
72661 3410 18872
72676 1880 27154
72715 2410 99069
72764 1880 82040
72767 3760 6981
72837 1880 5347
72851 3760 38032
72891 240 32583
72952 3760 13143
72986 5650 84253
72989 5650 73669
73010 3760 1276
73083 7300 28087
73121 1880 569
73177 1040 12762
73179 3760 26703
73182 990 64753
73294 3760 61429
73378 1990 37833
73388 5650 34451
73453 920 15407
73561 3760 28281
73572 7480 46895
73584 1880 87778
73729 6510 96605
73911 5650 86338
74051 1390 77725
74053 5650 47268
74059 5640 40786
74061 3760 26738
74098 3600 43288
74123 2880 48118
74180 4110 47949
74276 7100 30285
74323 5650 88514
74340 6040 74426
74400 1200 22713
74453 2950 84826
74464 3760 96735
74478 1880 7316
74598 5650 43611
74618 5650 54939
74637 3760 90237
74677 3760 76268
74689 4790 65714
74689 5170 69304
74813 3760 8946
74896 3760 45477
74912 1880 25492
74925 1880 27682
74928 3760 2631
75057 1880 96790
75097 1760 48127
75109 7100 495
75292 5650 10648
75345 1880 13092
75361 3730 36338
75400 3970 76205
75401 1880 89521
75411 1880 42550
75414 2560 11917
75414 3760 35250
75417 1880 74597
75418 1880 24070
75520 1880 49291
75539 1880 75555
75578 1840 54424
75612 5650 95284
75626 5650 70871
75651 6150 95812
75762 1390 84450
75763 3240 17255
75782 2370 42145
75824 2500 63114
75839 6950 61125
75854 5650 5370
75868 3760 65903
75970 2020 14247
76083 3760 87588
76090 3410 21531
76118 6020 17816
76140 1370 30760
76146 5650 21814
76205 3760 25488
76235 5940 21390
76264 7510 97356
76272 3760 66032
76279 1880 19802
76350 680 66703
76376 3760 27050
76441 4480 66031
76451 3760 2018
76479 3760 26508
76522 3150 62079
76527 3760 54658
76546 1720 73969
76613 3760 87467
76635 2660 32194
76664 3250 76008
76712 3880 2031
76718 1570 47266
76734 1880 52649
76775 1530 10664
76786 5650 50715
76794 800 43505
76820 4900 40143
76875 3760 97778
76894 3760 46310
77009 6890 4271
77047 3430 25734
77070 1880 76946
77082 5830 99499
77092 2250 14042
77111 5650 32254
77162 4960 44351
77163 3460 82122
77195 1200 78571
77225 1680 24493
77245 500 75531
77272 1880 25957
77276 1880 57165
77315 2210 96347
77343 650 10
77358 5650 24374
77445 5650 6551
77446 1880 67995
77572 4700 14836
77587 5650 53632
77597 3760 87006
77643 5650 4750
77661 5650 20001
77678 3760 86453
77813 1080 6127
77857 5650 91374
77865 3760 11806
77943 3920 11139
77974 1880 23333
77996 5650 613
78008 3180 31187
78038 5430 79586
78046 4320 51873
78095 3760 24390
78116 4070 92043
78117 5650 35803
78161 1880 25065
78173 3760 41909
78199 1880 38320
78201 3660 48471
78268 1880 5617
78293 2490 15418
78332 1880 75839
78366 6180 46234
78402 5650 68983
78452 6260 20788
78483 3760 91429
78509 3620 13118
78518 1580 50822
78524 3180 58665
78547 3510 49117
78569 1880 27237
78594 5650 57837
78644 1880 9841
78654 3760 91971
78674 3760 5601
78688 2710 140
78753 1670 79690
78754 5650 39388
78792 6210 55737
78796 1880 42934
78819 7120 90288
78821 5550 93865
78833 4470 80749
78846 1460 15828
78888 970 94889
78901 1880 92242
78919 1880 22392
78928 6100 31910
78967 1880 84911
78978 3760 35389
78982 7270 56784
79036 5650 90180
79103 3020 95214
79113 5080 57256
79129 3760 80605
79159 5650 46762
79163 5650 21169
79229 6790 4462
79246 2200 65233
79250 5710 62866
79347 1880 59258
79362 1880 28344
79376 5650 80727
79383 5650 98056
79391 1880 73884
79431 1880 50035
79438 3760 27941
79439 5650 65602
79450 5650 68861
79530 5860 64937
79541 1880 44398
79575 5650 51355
79609 6470 46951
79665 1880 84105
79740 1880 56853
79783 1800 57995
79787 5650 22859
79809 5650 88085
79824 3760 89322
79894 750 61819
79900 4210 96646
79908 4010 15619
79966 2190 51866
79970 3760 23696
79981 5060 83133
80004 3760 88324
80010 3760 63160
80012 5650 39517
80093 4400 66698
80121 2780 82198
80134 3760 76201
80160 3760 73584
80172 7520 24047
80190 1880 39170
80198 3890 74583
80202 5650 91299
80268 3760 70755
80278 3760 80541
80439 310 30636
80440 5440 56440
80458 5650 27799
80536 3760 77300
80590 1880 2442
80605 4640 72440
80621 5650 13299
80683 200 84258
80691 3760 78295
80790 1880 83964
80879 5990 12323
80935 5650 27750
80937 1030 63425
80977 5730 69444
81015 3760 42552
81034 3380 19878
81074 1360 22340
81074 1880 18257
81078 3280 5738
81084 5650 2230
81101 1880 71713
81135 1160 34637
81173 970 45610
81207 5650 39694
81240 5650 44713
81264 1240 23294
81270 1880 80009
81276 1880 12251
81299 3800 63642
81348 1350 42635
81384 2290 23343
81400 80 24235
81414 1880 60586
81458 5650 37130
81521 5650 6518
81557 1880 42937
81562 100 1725
81591 1880 86737
81607 5650 35644
81682 1880 90437
81738 5870 72320
81821 2540 11517
81847 3370 50362
81858 2550 20107
81865 1290 93137
81882 1880 81008
81893 20 91450
81913 3760 62441
82004 5650 8617
82054 390 82948
82057 1880 20551
82098 3590 31330
82173 5650 11095
82260 3780 86897
82284 1990 18169
82301 720 37593
82397 270 95625
82416 5840 64144
82437 3760 7724
82469 1880 54008
82500 3760 67531
82526 5690 49722
82565 3760 7075
82602 1880 96606
82638 3760 11462
82678 1430 62485
82699 1880 31928
82704 6080 87532
82810 6290 28376
82822 5650 13502
82830 1880 89306
82840 3930 23731
82846 6140 66841
82868 2700 33434
82892 1880 19757
82927 5650 69599
82944 1880 12249
82967 3760 14593
83026 1880 16130
83037 350 23036
83050 5650 19074
83061 5650 49448
83063 3760 45011
83073 1030 32024
83159 3760 86652
83199 5600 81769
83206 5650 20461
83219 3760 69527
83223 3760 73110
83249 5650 18865
83266 3740 99458
83274 6110 76234
83326 3760 96841
83327 5650 80852
83477 5650 30041
83485 5650 62838
83505 5650 36129
83536 1880 59399
83565 5650 37289
83572 1900 80577
83589 1820 84234
83614 5900 28982
83633 4910 5820
83652 2400 71316
83749 460 56860
83764 1880 86108
83788 3760 58980
83817 6940 39316
83837 400 72207
83837 3760 1188
83863 5650 49024
83885 5650 34839
83892 3760 82352
83931 3760 16443
83972 1880 5230
83973 1880 11476
83976 5650 17899
83996 3760 80062
84057 510 30308
84057 5650 94813
84121 2510 45005
84128 6930 32643
84161 7330 21997
84185 5650 39650
84199 3760 87219
84199 5650 23071
84215 3760 97926
84238 1880 93136
84252 6730 97598
84255 2170 34713
84342 120 29452
84390 3760 77091
84412 3610 58981
84412 3940 94568
84440 3760 61531
84470 1880 3659
84477 5650 41354
84490 4600 37492
84535 6640 20954
84548 4240 65973
84577 2920 4157
84599 2020 20314
84609 3690 45984
84727 3760 53519
84761 2560 19588
84771 40 60273
84796 7140 90193
84817 2340 58955
84865 5650 32397
84866 5650 99780
84915 520 11525
84965 7500 38130
85000 3670 3938
85027 3760 71729
85040 5650 84952
85043 3760 60670
85057 1780 73171
85064 5650 45677
85066 3760 32323
85098 130 32181
85151 280 89880
85190 1880 34132
85204 1880 71561
85234 2400 34484
85254 2040 45832
85271 3760 65545
85288 5650 19382
85313 3850 22302
85322 2950 2078
85359 3760 71367
85438 5650 40679
85463 1330 93721
85478 3760 74406
85485 3760 44210
85528 4050 56523
85539 1880 60486
85539 5650 84354
85552 3760 30126
85589 3130 23677
85641 1880 98526
85666 6060 41868
85739 2550 67598
85885 2940 32128
85909 3760 63642
85920 1880 68440
85968 5650 67237
85984 2530 94872
86040 1880 56900
86043 1160 3010
86043 7460 26994
86051 2920 79362
86063 3760 4172
86088 1880 77621
86119 4380 71464
86126 2620 41972
86128 190 70904
86140 660 63666
86174 3760 98070
86180 3630 17397
86238 1880 87047
86289 590 6885
86328 300 28868
86334 190 85438
86334 5160 74906
86355 3760 37896
86363 3760 5443
86376 3760 79409
86384 5650 63418
86413 5650 31304
86416 3760 66050
86435 5650 17321
86490 5650 20073
86593 5520 38525
86702 3760 5433
86723 1880 89307
86727 1880 88461
86794 5650 12999
86865 3760 9679
86877 5650 80687
86888 2900 68685
86956 1880 77041
86985 7070 2971
86995 5660 75442
87012 6450 48892
87030 3210 4127
87030 3760 98441
87061 5650 42592
87082 2470 74201
87159 5650 66777
87165 3760 50913
87264 990 99280
87276 3520 8865
87305 3480 74256
87308 3760 52149
87317 1880 35212
87321 470 14581
87381 5650 61573
87491 6050 98492
87502 3760 81287
87506 6650 68970
87556 1880 31167
87571 1880 14837
87613 6500 46153
87632 5650 63408
87724 7210 96154
87802 3760 93228
87824 6360 69727
87846 1880 45484
87862 6680 58413
87864 910 17780
87869 1880 2481
87896 6080 61758
87913 5160 88584
87936 5650 58684
87989 4680 43943
88006 540 9812
88030 450 35415
88047 4350 65218
88049 1140 30453
88069 3550 32916
88077 3760 60655
88098 1880 30730
88099 3750 50880
88141 1880 75576
88270 7490 10696
88273 6410 7556
88278 2510 70298
88282 4850 91583
88292 2350 67013
88293 6730 469
88306 5650 63452
88307 3760 65976
88344 6970 92167
88376 3760 26081
88451 2050 85362
88480 5650 97828
88529 5650 84507
88533 90 32523
88559 1270 14353
88584 2580 29177
88617 380 1317
88619 6630 61513
88635 5230 65156
88700 1880 74770
88720 5650 19590
88723 1560 13699
88733 3760 16620
88780 330 35550
88875 140 68723
88931 1880 97974
88945 1810 66625
88985 5650 84537
88994 3760 13808
89019 60 55535
89107 5650 26640
89144 4110 21855
89145 5650 57036
89152 7350 42455
89159 5650 82351
89160 2520 40833
89241 1650 81666
89260 5650 83118
89269 7240 84495
89271 4720 90452
89277 3860 67001
89286 6550 59892
89295 1880 67209
89318 1880 71602
89350 3250 42067
89374 3760 88444
89404 4410 55411
89480 3760 13958
89525 1880 44848
89538 680 73945
89601 5970 3214
89627 5650 67377
89660 4200 90802
89678 4900 12587
89679 7430 8110
89715 560 78411
89721 1880 54540
89750 6170 95566
89763 5200 43487
89779 5650 54166
89803 430 93625
89819 5150 96352
89931 7280 35798
89984 780 49312
90018 2840 69915
90051 3760 67432
90222 3760 44088
90240 1880 87919
90271 4490 17962
90287 5650 61947
90299 1780 15169
90330 5650 80215
90397 6830 70828
90450 5000 53975
90474 5650 72814
90480 3760 38749
90520 3190 73493
90552 5650 70848
90554 6380 1598
90577 3760 83595
90595 4330 5839
90598 5650 43288
90606 5790 58839
90619 3490 19514
90622 7390 83445
90756 6870 24039
90823 2450 27626
90859 7170 88728
90861 3760 26253
90894 5650 19635
90934 2040 43115
90980 5650 19877
91060 5210 29718
91064 1880 83654
91090 1880 96149
91117 6400 94117
91247 1880 59038
91325 2420 79314
91389 2130 58646
91403 5650 35581
91444 3760 79399
91456 3760 82168
91499 5650 60838
91520 4470 52229
91561 3760 80306
91583 5650 44608
91589 1880 99571
91663 5650 18356
91723 3760 56331
91737 1040 11130
91787 5650 85245
91883 770 65204
91950 3760 36353
91968 5270 74523
91987 2670 58963
92011 3760 46960
92023 1370 39419
92059 6330 89951
92071 5650 65457
92183 3760 56044
92213 3760 96872
92342 6600 40450
92344 3760 15564
92389 2110 42575
92428 3570 55257
92457 3760 68699
92476 4220 57627
92527 3760 56465
92528 4420 54152
92592 320 92569
92652 1660 47743
92661 4940 25260
92667 6520 98575
92675 5650 57235
92682 3760 99643
92686 1620 78216
92714 5890 16001
92729 2790 8576
92768 3760 38883
92769 1270 6979
92779 7000 25786
92853 2270 59311
92887 3630 91391
92924 6660 25350
92982 1880 63321
92982 3640 38190
93116 1880 76586
93155 3510 75714
93184 3760 34142
93304 900 80378
93305 3700 47105
93311 6310 97676
93353 1880 74043
93380 370 39193
93444 5650 33098
93464 5650 60515
93525 3760 4377
93563 5650 32383
93684 1880 58519
93722 5650 99716
93772 3910 41877
93788 3340 18130
93851 5650 84073
93882 1410 95693
93904 5650 7828
93923 1880 16822
93949 3760 97518
94001 5650 58495
94008 5650 8915
94019 4360 17557
94061 3530 97406
94129 1880 86004
94139 5890 62260
94166 5480 18795
94189 5650 12233
94218 3440 41802
94242 3760 55785
94249 4650 54507
94260 3760 57656
94290 4040 97624
94334 690 30981
94335 6750 9800
94414 3990 8676
94418 1880 3976
94467 5390 10726
94501 3320 22025
94516 1880 92454
94598 3760 70355
94620 1880 23596
94621 2590 26436
94659 3760 49940
94677 1880 4843
94717 3760 88318
94745 3760 50011
94765 5650 87400
94780 530 78171
94797 3640 71247
94822 6060 24909
94828 5650 31918
94884 2730 90060
94939 3760 69955
94995 1880 4833
95011 5650 59699
95081 70 76227
95081 150 64674
95093 3760 64784
95102 3760 59783
95123 6960 99996
95129 5450 27229
95185 5650 76127
95195 120 57242
95243 6040 86880
95279 5650 98164
95301 1100 59190
95416 5650 86971
95504 5650 75506
95518 2430 533
95561 5650 83987
95615 4520 17015
95618 1880 3890
95628 3760 52446
95638 2490 53208
95649 5350 75522
95791 1880 61850
95816 1880 92919
95895 5620 42986
95898 1880 10278
95945 4330 81227
96012 5650 38160
96027 1880 80341
96030 5650 78982
96037 7470 42074
96073 6620 37728
96106 5020 3570
96224 5370 92235
96274 2870 81619
96311 3760 65859
96319 5350 18334
96356 4740 46885
96489 5650 46385
96517 700 61826
96536 5650 18726
96576 5650 29325
96592 3760 48455
96712 1880 2983
96720 2030 90496
96732 3760 40826
96737 5650 10745
96740 2160 84519
96746 1880 17617
96751 2800 33259
96752 7410 30398
96755 5650 79830
96883 6230 47440
96887 3760 44247
96901 3760 63867
96972 5650 75425
96979 1880 80871
97021 5650 45430
97038 6800 30644
97052 3310 50924
97077 5650 16176
97200 5650 22757
97201 1880 85238
97297 600 6475
97326 5650 69782
97334 3760 65783
97341 5650 42355
97416 3000 24781
97458 70 30911
97543 3990 35229
97634 3760 91100
97733 5650 9851
97759 2030 34372
97800 3760 1149
97834 6780 70033
97842 2470 99344
97878 1880 63154
97878 3760 96293
97882 6090 38175
97913 3760 69198
97932 3760 43635
97968 3730 55697
97974 5940 33115
97977 3760 63348
98000 5700 98811
98029 1880 30096
98036 5650 92027
98067 5650 26703
98123 6430 24900
98129 3380 8424
98129 3760 10383
98141 3840 43863
98182 4300 51941
98242 5650 46380
98281 1880 90035
98286 5130 6907
98290 1380 21473
98417 3600 51400
98424 5960 61445
98432 4370 24198
98472 5650 62941
98478 1540 34545
98490 5650 64153
98512 580 46161
98589 1880 68791
98605 1880 27602
98614 3450 6037
98643 80 26183
98716 4990 49586
98727 7420 74434
98734 1760 81186
98806 5870 35226
98820 3760 84841
98878 1450 49721
98889 1870 11799
98930 1880 37215
98967 4520 90511
98983 5760 73736
99029 5810 99553
99107 3760 46945
99114 1190 63464
99124 710 90893
99124 1880 73529
99131 3080 35217
99155 1880 30709
99180 5180 55695
99191 1310 31762
99211 5140 670
99233 3760 55001
99238 1880 34682
99251 5650 32786
99307 3760 34027
99333 5650 96818
99340 7320 14774
99380 5650 73719
99392 1880 9908
99395 4920 28436
99395 5650 40593
99482 1620 67950
99515 3760 39424
99665 5880 23410
99670 5390 58800
99690 3000 71161
99890 3550 77842
99966 6120 52806
99995 3680 62216
