3000 10000 41579 68099
89 590 14428
114 12290 29550
142 810 90898
147 6670 75753
161 7240 85514
173 6670 74510
198 15630 30919
321 1850 44548
425 6170 98642
511 6670 52393
520 6670 70652
534 1530 82220
580 6670 27305
623 14190 54018
696 6590 32516
721 3470 16877
722 13350 92282
733 8230 95907
750 9440 5557
789 13350 8562
858 3240 46213
879 13350 12147
886 6670 4415
903 6670 33119
908 12440 34217
962 10740 91625
1030 8770 59773
1073 1080 13550
1097 13350 1546
1114 6670 16719
1168 14000 24860
1183 840 89255
1393 3580 25262
1415 13350 98346
1420 6670 27451
1479 16130 11313
1486 6670 51319
1517 6670 57510
1564 13350 89184
1625 4500 46613
1732 12850 80279
1799 3500 48252
1802 14560 64330
1813 11030 33163
1824 7990 49618
1855 10110 34665
1890 4410 65193
1890 16550 42626
1910 2760 48049
1978 3530 75307
2015 6670 45581
2156 19570 49318
2166 12560 47120
2172 15280 97072
2187 6510 58987
2212 3160 90537
2222 15920 84021
2224 8220 91947
2308 12810 41586
2310 10230 74693
2317 6670 45276
2321 90 39529
2409 18690 18357
2490 13350 41308
2498 2390 96248
2606 10460 46270
2608 6240 27922
2644 6670 76585
2799 6670 60147
2891 19240 36679
2893 17120 30894
2921 7090 97401
2932 15850 89426
2951 13350 64504
2954 8020 91560
2960 15620 71881
2967 6670 26943
3287 6860 55222
3299 1920 38397
3314 6670 70783
3409 16770 90753
3481 13350 67954
3505 19880 34815
3513 14580 86041
3553 11090 2695
3579 10170 74724
3611 13350 59279
3691 750 33078
3809 5400 85878
3810 13730 43189
3831 14800 36547
3908 9570 36665
3925 6980 27719
3928 7120 36060
3970 3940 18562
4060 13350 95758
4124 14830 32722
4179 13350 73412
4191 8050 58298
4275 6670 90560
4323 12530 40957
4346 13800 77344
4366 1330 3981
4369 7550 49074
4403 5170 24005
4417 11200 95557
4455 19320 20746
4481 4690 53884
4671 13350 14911
4704 15080 22190
4717 6410 56955
4773 13350 94940
4826 19930 73799
4920 13350 41619
4928 13350 90383
4983 13950 92362
5025 13350 58220
5049 13350 52540
5070 6670 11140
5070 13350 74288
5102 2560 69405
5158 390 59894
5161 18800 5538
5193 18060 81737
5199 6670 86120
5210 13350 23204
5247 13380 65560
5254 6670 51224
5257 18020 74371
5271 6760 32609
5295 14320 99293
5305 19670 45286
5332 13350 92930
5333 5990 42855
5335 6670 68419
5370 13350 14176
5394 12660 38936
5448 13350 87100
5459 14610 66947
5533 7540 99441
5535 16940 41099
5557 170 58207
5559 8700 36447
5585 12950 1043
5617 6670 21901
5642 9320 5223
5648 13350 59647
5655 17020 15085
5701 9510 51521
5745 1230 68645
5786 16330 96154
5789 13350 94930
5798 13350 30319
5890 2830 84865
5900 6670 4118
5916 13350 17384
5933 7890 93436
5960 6180 63536
5963 2120 62877
5999 6670 74943
6001 6670 79072
6008 4550 48396
6022 13350 86947
6098 11080 42069
6117 5790 25129
6157 6670 67755
6165 14250 7724
6168 7450 66918
6182 13580 29657
6210 6670 42220
6210 13350 18560
6256 13350 91640
6278 13350 98760
6293 13350 29318
6309 7690 70077
6310 13140 70476
6326 4330 71939
6333 11480 86147
6390 19850 3764
6404 17260 12829
6409 16050 79395
6467 12510 82391
6491 13350 53248
6504 16030 16203
6561 11870 61740
6576 13350 8998
6591 8280 48326
6625 2320 1272
6683 10520 30133
6687 12580 33804
6720 6670 30152
6733 11100 67774
6772 6670 54467
6781 2770 4870
6783 8820 97344
6818 13350 65222
6820 6670 61092
6833 6670 63068
6841 70 93313
6920 6670 7525
6985 6670 84167
7012 15780 19917
7018 6670 1740
7019 10890 63114
7072 6350 54837
7079 5150 85557
7116 3670 18757
7179 13350 92459
7182 6670 48954
7207 16260 60971
7227 14280 54411
7311 6670 1610
7354 16830 10775
7359 16610 90193
7364 12130 72144
7439 13350 48377
7470 6850 58897
7475 6670 32693
7521 6670 43000
7552 10600 90592
7577 10310 9012
7597 6670 46751
7641 11540 76251
7665 12640 19118
7756 14570 64212
7821 6670 69768
7830 13350 11419
7833 13350 63674
7852 6670 71166
7872 8740 65013
7882 12670 59173
7935 16230 66477
7936 5890 22619
7965 5450 74798
8007 9460 88124
8009 3080 78375
8011 9790 87975
8037 15110 83402
8058 6670 35942
8079 6460 33243
8082 13350 88078
8133 15550 5052
8145 6670 61848
8159 19500 7439
8179 6670 55431
8221 6670 14365
8298 7680 80008
8306 16140 92969
8327 13350 38986
8346 17640 43800
8347 260 57588
8383 18410 11298
8394 13350 83568
8402 1670 21324
8426 460 99215
8455 13250 45472
8464 6670 53850
8585 6670 8042
8642 12760 77470
8648 15180 66176
8718 2010 25720
8730 3390 77242
8756 6610 97414
8806 6670 5264
8814 13350 39868
8821 5470 42446
8826 490 87939
8857 14170 86449
8871 13990 75533
8885 640 30545
8958 13350 26481
8970 6670 76219
9108 8470 90382
9136 10320 78338
9217 2800 54102
9322 18430 55966
9394 14640 39153
9419 6670 73842
9451 6670 64976
9454 11210 64468
9484 16250 63748
9557 6670 31582
9685 5570 18015
9692 6670 57408
9706 6960 85211
9707 13350 30630
9709 7740 78715
9714 6670 77826
9731 12960 90797
9760 5640 48490
9766 14200 37269
9767 1450 13419
9786 6670 86559
9790 13940 41636
9792 13350 14600
9811 16460 69416
9989 6250 20639
10037 13350 88219
10044 11820 55280
10056 6670 91052
10075 6900 94428
10089 13350 31043
10090 6670 11107
10144 80 45544
10152 40 27644
10207 13090 78171
10249 13350 2979
10281 3300 98528
10289 13350 32299
10314 6670 44480
10364 18330 93960
10370 13350 26036
10372 4190 67635
10389 7830 76366
10432 6670 92027
10442 6670 50387
10445 18450 62477
10452 6670 13088
10467 6990 55914
10476 12520 35048
10519 720 8973
10547 8120 16948
10551 13350 28735
10621 14490 17176
10677 6670 88781
10700 220 70592
10784 13350 15688
10834 6670 72906
10853 13350 59354
10862 13350 19358
10880 2150 95660
10881 13350 94478
10919 11680 43412
10931 15840 75876
10939 16780 62323
10992 15000 49157
11003 6670 19103
11016 6670 36549
11034 5160 55156
11041 13350 82736
11059 6670 43747
11081 6670 50353
11121 14270 78422
11178 6430 31737
11212 9720 22982
11220 6670 88945
11234 5840 51657
11241 6670 6889
11277 13350 73431
11303 17960 27399
11330 16020 5611
11333 6670 67107
11357 6670 12028
11367 1810 2694
11369 15880 42129
11373 8540 48720
11397 14720 60172
11416 15130 57035
11504 13300 94721
11505 13350 90644
11587 6670 53720
11654 6670 54448
11673 13900 3196
11677 3220 15381
11700 3260 18452
11747 16930 17316
11797 16530 85467
11812 13350 38491
11879 13350 20671
11950 13350 58026
11991 13050 794
12026 14310 77427
12040 16790 45425
12068 18920 32326
12075 8720 10195
12098 17200 74244
12138 12330 24136
12190 13350 25136
12224 2720 2122
12230 6670 60382
12288 3980 24108
12302 13350 54323
12311 18070 44082
12324 13350 66636
12357 15050 15153
12525 6670 99780
12553 6670 89276
12628 5700 73413
12696 19840 37659
12785 3170 33664
12795 6670 77053
12832 14980 29865
12881 19940 11829
12890 2270 30509
12904 6790 91890
12950 6670 6596
12979 3020 45958
13075 6670 44259
13103 15290 72567
13107 5480 66747
13143 17000 6646
13148 13350 22395
13218 4060 97375
13221 3610 85743
13226 10090 77816
13260 13350 11045
13296 13350 29375
13310 16870 13649
13316 6030 90841
13341 19450 22674
13423 16440 50633
13425 14060 64204
13475 11580 2277
13499 10710 55891
13513 18470 62385
13553 4580 76484
13555 9310 21590
13566 2680 16284
13612 6670 53139
13711 3650 20991
13742 5190 37446
13766 6670 62480
13874 3560 54075
13875 2260 7186
13916 3190 77060
13924 4100 13403
13947 13350 96340
13970 13350 55530
13991 1950 29471
13995 2540 10215
14074 1480 4449
14116 18270 31442
14161 17330 39013
14167 3830 10299
14167 5850 58270
14192 13350 86571
14306 6670 30038
14306 10060 71040
14319 13350 99305
14361 9860 29195
14372 800 93930
14396 4020 56179
14455 6670 23534
14471 17800 34459
14480 2780 78904
14537 4870 98534
14589 2710 13916
14622 9390 22661
14701 6670 28090
14893 10880 35814
15014 1650 39050
15020 6670 50746
15070 14650 26457
15075 13350 96814
15100 13350 4179
15120 13350 39004
15122 6670 34384
15134 17430 95439
15182 6670 4619
15199 9350 46665
15223 8560 83609
15234 6670 19626
15246 13530 78876
15269 6670 23333
15308 13890 72040
15309 6670 88281
15364 19110 92406
15372 8140 14226
15377 6670 17995
15391 10610 96842
15505 13350 65677
15537 15910 12113
15580 14810 27421
15609 8760 18246
15610 13350 31127
15614 13350 24564
15617 12110 46500
15695 15420 72434
15719 9730 74662
15729 18610 54912
15738 8920 83531
15758 4270 62376
15758 19480 12025
15768 2570 51077
15769 17690 589
15780 10980 42719
15790 18190 57919
15811 15990 22848
15818 15830 29725
15872 6670 64678
15874 11850 45284
15918 13670 97050
15933 5330 29703
15937 6670 19284
15943 6670 82521
15961 6670 84109
15994 11470 23071
15995 14400 82450
16018 6670 86723
16033 6670 61016
16052 6950 54134
16068 16690 67437
16223 13350 65153
16259 14670 66030
16284 11900 82918
16327 13350 5246
16329 5280 6831
16336 16560 66112
16390 13350 61116
16430 5380 74617
16438 13780 31384
16452 3370 77306
16482 5910 44083
16511 13350 13377
16529 9270 40037
16534 17320 27000
16545 1960 11882
16559 14210 75207
16637 13350 26790
16654 3690 50876
16699 13350 99501
16711 13350 6585
16750 10470 85678
16803 4310 2514
16830 1170 24480
16932 15960 56513
16986 6670 11112
16987 6670 62859
16989 9670 78340
17060 13590 73969
17070 7410 82363
17127 18230 85488
17252 16010 58110
17261 2080 71155
17295 900 10183
17393 15970 62706
17458 19610 65562
17582 8160 14807
17659 13350 48546
17662 13350 19592
17666 520 59245
17688 420 51230
17720 6670 12263
17795 13350 14752
17953 12060 44584
17998 6670 4504
18019 13350 22329
18055 11800 85411
18134 13350 31562
18141 6670 97202
18148 4940 94408
18167 20020 58580
18198 6670 67466
18207 12690 52920
18298 6670 42676
18301 12370 83013
18318 14010 87468
18367 5760 92735
18414 13350 11608
18434 13350 72930
18538 8750 21532
18553 5420 85371
18577 13350 20019
18632 4530 61762
18689 13350 27263
18722 6440 35887
18811 13350 35185
18838 19160 2474
18844 9930 98054
18847 13350 10186
18879 14680 31780
18907 1460 63139
19005 7610 87775
19032 660 18176
19038 6910 86467
19063 4770 15589
19128 3100 54553
19130 16390 14106
19172 11630 44201
19188 15220 5667
19189 6670 97863
19213 12500 52022
19219 17170 59888
19240 6670 24750
19344 13350 11828
19365 9100 81537
19375 12050 7877
19390 6880 5912
19417 6670 52705
19491 8580 87411
19521 2310 39596
19583 13000 42456
19625 9960 12583
19657 8180 44512
19669 5540 39439
19673 13350 45267
19694 4340 58426
19756 4320 78145
19761 4470 32971
19784 18350 15710
19792 12990 56901
19813 13350 47464
19818 7420 94008
19841 6670 52414
19867 3950 6655
19876 13350 75612
19879 13350 92694
19944 16860 35708
19958 12920 36960
19967 18640 10653
20046 13350 90713
20050 14880 4587
20072 13350 29971
20079 6160 59737
20122 13350 79950
20135 11690 85383
20146 16450 7599
20159 9660 44629
20186 6670 19739
20201 15530 14814
20202 6670 29876
20204 13790 10615
20257 13610 15802
20315 14950 98082
20359 14430 10752
20362 1940 33166
20376 18630 99840
20382 15150 45708
20432 8900 66452
20461 16300 59492
20484 9870 10960
20532 540 41871
20564 15750 43289
20589 2070 48387
20600 19680 66032
20601 3010 62969
20612 13350 81829
20663 13350 88580
20676 6670 7453
20710 16880 23489
20763 2470 89820
20793 120 33254
20801 17180 15388
20901 12480 74433
20931 6670 18773
20931 10760 18650
20935 11450 11942
20948 13350 62206
20959 17490 8957
21092 13350 6210
21128 13350 57136
21154 13930 55238
21190 10000 86480
21255 13410 31912
21289 13200 51816
21386 14340 44671
21391 14840 93371
21414 5820 53180
21438 8250 80886
21486 13350 21604
21510 2330 89123
21530 2450 6694
21536 13350 40225
21568 570 52600
21618 6670 41748
21646 13350 72574
21680 8610 50045
21708 18370 37798
21740 8330 55806
21744 10020 56855
21766 1910 23956
21770 16090 39773
21773 16290 55284
21823 12350 34285
21950 8410 23159
21976 6670 37870
22084 13350 80810
22104 15230 86345
22106 17140 36
22119 16640 95154
22125 13830 92726
22175 15020 83343
22193 13350 47775
22254 8190 37438
22259 11340 9225
22270 18520 92474
22286 11750 23307
22296 9220 40164
22465 2040 69952
22536 19770 43170
22568 15980 17260
22613 2250 26167
22618 16180 75696
22772 1610 1654
22874 13350 54433
22894 6530 89474
22925 2060 75719
22966 6670 99908
22998 15810 75518
23059 6670 94347
23108 1780 74008
23109 620 75931
23135 13350 60741
23189 1010 95906
23195 14350 17681
23233 7970 87937
23239 18540 59851
23265 680 92456
23282 5630 49245
23288 4180 76803
23294 6670 52661
23311 560 84808
23316 5020 65515
23380 13840 3132
23385 6670 10325
23385 18770 97308
23481 2210 62235
23525 6040 4016
23527 13350 71258
23577 290 75420
23582 5000 70166
23587 1550 58173
23587 12880 32979
23634 18140 67013
23641 13350 24340
23650 11190 69697
23688 2350 37231
23752 5620 37746
23785 13350 73230
23786 3710 46336
23786 6670 20511
23801 10150 85118
23812 17150 52958
23844 10570 49963
23855 13350 60886
23863 130 89832
23866 13350 90726
23919 15010 64255
23938 11600 96109
23943 8420 29035
23960 13970 72873
24034 13620 44022
24100 13130 73095
24151 13350 47039
24155 380 48977
24231 17250 21642
24273 6670 19737
24277 6670 3078
24327 4710 18974
24348 14020 28163
24350 10550 391
24366 13080 89104
24372 9530 32910
24414 2740 41287
24445 9760 97765
24450 6670 31905
24463 10200 2051
24463 19020 67530
24468 6670 10510
24514 12780 81701
24532 19340 13314
24560 17270 84022
24599 13350 46339
24647 18170 33516
24717 6670 36720
24723 1730 62625
24793 19060 40817
24891 13350 62354
24907 4780 26373
24917 17890 41665
24934 12570 5634
24938 6670 32795
24941 5550 64618
24951 13240 29773
25004 6670 33079
25054 13350 43496
25074 6670 7535
25076 13350 26861
25129 14440 32404
25168 17580 44102
25181 10120 87581
25213 1210 18027
25287 7730 28012
25290 13960 20877
25319 13020 51993
25336 13350 84344
25366 1390 39865
25378 6670 61603
25391 10500 98545
25518 6670 43812
25525 13350 17961
25536 1470 75640
25564 14920 96760
25586 7360 97980
25593 13350 34939
25631 7380 79835
25661 18940 81658
25665 6670 69711
25677 6670 75537
25680 17930 42733
25699 1540 82145
25706 10440 82027
25750 13220 53094
25761 6670 27582
25799 60 84027
25832 1890 65635
25896 9780 24752
25899 13350 33193
25933 8800 54352
25994 6670 41422
26018 7190 80694
26094 13350 40020
26129 16900 58934
26188 7530 97753
26208 8390 55273
26230 830 90068
26236 15700 92504
26352 4810 96917
26417 6670 45923
26473 6740 6389
26564 2300 43751
26595 14100 60459
26603 18030 8055
26654 5980 271
26665 6670 53244
26671 940 73448
26703 6670 61754
26713 13350 79291
26727 6670 36832
26771 6670 50761
26776 5220 82473
26861 12100 68216
26886 13350 58778
26890 6670 49781
26893 7260 39957
26929 7040 56431
26956 4720 20454
27099 9260 33232
27119 1000 70756
27164 6670 13861
27169 12420 86573
27224 9080 91575
27276 6670 1624
27373 6670 95683
27389 6670 60299
27408 6670 42702
27431 6670 92750
27628 3550 45680
27629 15600 81497
27703 6670 36151
27722 19180 39026
27759 6670 27123
27803 13350 6578
27804 6670 13991
27882 4660 23263
27958 19560 68192
27961 13350 1613
27968 18000 25214
28014 10540 47088
28073 6670 20972
28130 6670 46993
28146 6620 76554
28178 19490 72133
28187 10670 40446
28207 10390 48951
28268 11140 3615
28312 12620 31781
28364 6670 11543
28395 19080 33448
28417 16160 28375
28479 18830 44822
28494 13640 47242
28497 5130 30983
28548 13350 38430
28582 1840 64249
28650 13350 8740
28666 13350 44840
28690 10840 14015
28697 15670 83812
28726 150 61533
28731 6670 7603
28752 10720 69792
28788 6670 61839
28820 17990 29641
28892 12890 77533
28949 6670 11731
29066 14460 9198
29070 14480 760
29090 15460 58736
29141 6670 82558
29169 13350 17743
29199 6670 58799
29238 13350 77694
29259 6680 74865
29261 3730 22269
29271 13630 3576
29298 13350 59607
29314 13350 89453
29345 17220 76979
29367 6670 54164
29399 6010 66506
29400 16580 22459
29438 6670 34456
29489 11510 86929
29559 7510 70612
29560 8240 55350
29582 15440 53644
29632 17630 69920
29644 16080 15404
29651 12860 96177
29662 15120 34922
29686 18050 95607
29696 16350 9223
29704 6670 86027
29751 19360 70086
29777 13350 86518
29840 10240 31621
29881 1050 10256
29907 6830 46460
29946 13350 34490
30103 910 8970
30191 13350 42691
30225 7290 56211
30230 50 81526
30258 6670 68900
30285 6670 40703
30300 13680 14038
30383 19950 20363
30399 4030 84463
30474 3870 1018
30525 13350 9155
30534 6450 84582
30546 18120 33419
30572 9710 46665
30643 8910 18967
30673 13350 7611
30687 4520 27081
30701 6670 55172
30713 13740 48705
30738 13350 2567
30814 11790 88967
30814 14860 41986
30890 11320 59953
30896 17880 55350
30935 9900 52598
30972 13040 14809
31002 2700 31312
31020 5580 43263
31081 6670 61831
31097 1820 48364
31127 6670 94870
31177 6670 24879
31190 10830 11576
31192 11000 49574
31221 9560 56356
31245 19170 54773
31272 6670 68013
31286 11620 14131
31322 11990 93708
31329 13350 87863
31352 13350 66328
31460 17160 68965
31479 15770 80905
31550 19050 10767
31591 13350 87346
31636 11830 26252
31653 6670 45187
31665 13170 43460
31685 2500 68032
31782 12400 80301
31932 13350 56543
31992 13350 228
32106 7340 59058
32110 5310 77097
32151 6670 79048
32227 6670 98356
32228 13350 28313
32344 13350 76028
32403 13350 86765
32415 4090 86575
32461 10700 78572
32478 19260 43897
32497 5530 63204
32506 12230 67670
32514 5800 20930
32514 6670 45307
32548 3330 1456
32574 7580 84127
32577 7470 3698
32591 2110 60027
32604 15790 83337
32614 6670 25908
32631 30 48159
32662 13350 97438
32681 13350 20731
32732 6670 74107
32744 6670 8213
32820 5520 21941
32822 1100 48449
32825 600 15661
32847 7720 10406
32910 13350 6536
32983 5510 44333
32994 6670 73420
33045 17830 84617
33056 6670 48366
33064 6670 30433
33085 10750 37358
33132 5230 44811
33167 6670 50251
33179 13350 89210
33183 13350 20761
33196 6670 9068
33239 6670 19455
33252 6670 18462
33310 7390 56605
33321 4650 53688
33326 14770 39273
33352 1410 74537
33361 6670 58689
33368 6670 80153
33392 7790 76120
33394 690 31427
33427 6670 15211
33439 15270 17832
33476 6670 4637
33575 18200 67579
33661 19270 14883
33679 6870 53945
33699 12590 7865
33717 10940 90090
33745 12740 9445
33768 19790 12672
33769 580 53484
33804 6670 6749
33840 1250 41049
33897 6560 15241
33941 6290 80698
33966 18500 40432
33991 10850 49103
34018 4360 25460
34032 17110 77135
34180 13350 28418
34253 13350 62096
34320 10900 76358
34328 6670 29401
34446 6670 8262
34533 6770 20025
34545 13350 14957
34555 13070 74245
34564 16740 4293
34573 6670 65780
34588 12000 26137
34654 6670 34965
34716 18550 13459
34739 15070 98444
34878 11270 52737
34890 13350 31029
34982 16100 76984
35026 19590 91544
35076 13350 45356
35080 13370 52165
35094 13010 34557
35134 4170 19735
35143 6110 290
35164 13850 19908
35202 6330 3643
35226 11780 40093
35228 13350 94837
35248 7020 55500
35316 8550 97657
35321 7900 91454
35332 17820 12899
35349 17470 21904
35381 13350 11186
35422 11160 3566
35443 13350 63814
35523 6670 8418
35532 710 18945
35556 1770 95035
35571 18400 46586
35678 850 53008
35711 12010 81897
35748 2620 34549
35764 10930 31083
35845 12940 11625
35883 13350 18485
35945 14740 62869
35973 2750 3644
36014 19070 11342
36018 14140 35102
36025 8510 66148
36120 15900 21821
36144 13350 94344
36196 2240 40968
36221 6670 46933
36290 12790 61769
36409 2980 10952
36429 7880 69778
36456 6670 88480
36463 2950 35177
36512 13350 54727
36553 11740 67953
36586 9750 18472
36590 12410 40257
36629 11490 57091
36629 13350 49381
36644 6670 59939
36651 6670 92003
36672 19510 38502
36695 6670 91347
36750 18870 7192
36754 17010 91021
36771 3290 93294
36776 13350 87762
36807 13350 63322
36809 3520 18729
36813 16310 18739
36818 6670 3267
36883 13420 54933
36954 12700 53621
36959 2230 77853
37000 13350 43599
37059 14150 3644
37065 1500 11609
37075 19410 32247
37081 6670 80502
37124 3620 35033
37152 9850 64602
37186 10250 26434
37198 19700 84281
37214 10340 69732
37219 13470 3123
37222 6670 50233
37273 630 40411
37387 13350 33856
37400 7650 42762
37417 2990 37866
37446 13350 9815
37460 950 2902
37492 13350 47548
37504 6670 18733
37546 8630 96890
37584 6310 2798
37605 13350 92568
37652 6570 11773
37665 17730 9928
37691 14630 13834
37738 13160 843
37744 7750 39589
37772 13350 52883
37783 13350 83421
37787 13350 1254
37793 6670 54564
37814 6670 69689
37826 18290 47285
37856 13350 32042
37871 6670 98273
38047 2440 32281
38127 4960 16188
38176 11940 30213
38247 4160 82585
38276 13350 4592
38327 1280 36617
38362 16480 53903
38373 6670 76280
38386 10590 88125
38399 11840 73464
38412 18300 88324
38415 13350 74061
38426 4800 35397
38434 8310 28167
38488 18040 84127
38490 1130 13383
38495 6670 61837
38503 4760 24965
38531 17410 66554
38571 15370 77387
38580 6670 63026
38587 6670 52295
38642 1860 8367
38649 6670 68596
38709 13350 49205
38726 13350 82027
38771 16410 84357
38776 4080 5118
38789 6670 34901
38853 5950 281
38930 6670 77454
38977 430 20741
38987 17760 60888
38989 2610 62486
38994 12040 28252
39007 13350 54896
39015 6670 21524
39029 14110 93145
39034 13350 70262
39070 300 52047
39074 18990 56360
39089 4140 36731
39096 10860 78058
39137 17350 74826
39188 16720 84760
39240 4670 91161
39249 12900 95969
39275 18960 5049
39284 4000 1361
39331 4400 1402
39333 6670 4339
39382 8040 1951
39399 14700 82480
39407 13350 32873
39431 13350 65137
39435 19290 82975
39465 6670 86846
39467 3930 20636
39493 19370 71544
39499 2640 50635
39522 13350 44095
39544 2630 64136
39565 4280 65453
39579 13350 61834
39601 7370 21328
39642 13350 49044
39662 340 55468
39692 11120 59174
39727 2840 81193
39733 3890 53694
39733 12020 54008
39743 15360 23257
39752 8100 86277
39766 13350 39751
39790 2180 57936
39800 12200 80542
39821 15510 31619
39834 13350 68567
39844 15100 58963
39846 8650 27482
39932 7180 13157
40020 3280 4709
40024 6670 54327
40051 10510 94691
40099 6670 14769
40140 12220 28965
40164 19040 58499
40180 3350 91802
40292 2140 90045
40313 6670 22196
40315 6210 33222
40328 6670 92313
40375 6670 68857
40396 17090 92576
40403 13350 52074
40408 9880 54539
40482 1360 36247
40535 19090 27177
40546 7910 98482
40552 16340 21859
40587 8640 85822
40602 6670 58714
40667 8970 17788
40675 4260 38325
40677 10290 76755
40696 10990 98868
40797 18760 17189
40836 13350 54240
40927 6670 37245
40979 7070 83697
41002 2580 12807
41010 1880 22888
41090 1070 16874
41129 12180 64221
41158 6670 28059
41188 13350 7379
41228 6670 88237
41246 11560 13683
41276 13350 20696
41380 16490 40288
41420 8810 30537
41474 6540 34146
41560 6670 41618
41599 13350 42927
41629 6670 46840
41638 6730 83807
41759 10330 68174
41821 9190 49819
41826 11380 47707
41834 6670 17444
41968 13350 75927
41998 19300 62649
42016 4370 30516
42032 4680 34821
42059 4700 11577
42152 6670 97308
42158 13350 33707
42197 10030 24615
42214 3040 77933
42230 13350 1710
42258 13350 91240
42289 3900 46702
42317 16800 91449
42390 3310 60296
42394 13350 34491
42409 1220 40221
42456 8520 4401
42600 6670 64115
42614 5250 86555
42652 1900 50674
42661 2970 4095
42667 6670 4900
42678 13350 24946
42689 15030 81721
42733 13350 19917
42736 12240 96621
42743 15890 14665
42790 13350 3591
42845 19130 91660
42871 2460 99891
42900 1990 63155
42983 10370 39772
42992 7480 32852
42993 12030 34539
42998 670 93648
43026 1380 66769
43063 8430 86107
43140 3130 9270
43164 6150 3078
43174 13350 16607
43205 13350 47678
43266 6670 34866
43267 17300 23984
43307 13920 51680
43331 13350 19568
43373 6670 80694
43404 4730 90347
43435 410 76988
43464 13350 23143
43465 13350 67301
43466 11660 52451
43492 13350 59821
43604 20000 88350
43620 10790 59881
43625 6970 96865
43666 6670 54627
43674 3820 14905
43675 6670 7795
43715 6670 33062
43732 3140 41744
43734 6670 76808
43757 13350 99213
43821 18900 5585
43842 17720 92211
43915 6670 42596
43924 3850 97122
43924 10480 17593
43948 13350 36755
43956 6670 79015
44004 7600 18846
44086 7850 44337
44157 11880 53828
44188 6670 29726
44191 13520 63722
44217 2820 5939
44220 5350 17804
44254 13350 87336
44278 6670 2316
44333 1620 3981
44364 330 46884
44364 13350 65561
44368 9940 54664
44396 15640 90301
44439 3680 39353
44461 13710 41727
44476 19150 44199
44488 2530 52106
44545 10640 36241
44556 530 48630
44618 11950 9042
44641 7110 7907
44645 8450 72838
44650 11570 43152
44797 12250 83840
44821 13350 85029
44841 17790 22009
44879 19960 97933
44892 13350 17629
44914 5960 34914
45050 6670 18888
45072 6670 27758
45298 2030 89880
45302 3910 53409
45307 17290 59482
45339 16270 38408
45384 13350 22359
45408 11590 4126
45427 12970 13076
45464 5090 3492
45488 17440 68727
45536 13350 49963
45558 19650 27716
45619 14710 78481
45621 1870 98510
45660 6190 46442
45665 17840 45526
45678 6670 62638
45689 16400 81940
45704 13350 77956
45707 3230 32429
45733 13350 46854
45795 16210 15122
45806 4210 75224
45815 5080 44049
45883 4110 72513
45899 16240 64186
45902 8780 10677
45961 6670 72378
45994 2930 9710
46016 3750 36537
46087 19140 72752
46102 13350 14344
46103 10730 3248
46212 16060 95542
46224 13350 33696
46292 4750 58263
46311 6070 28275
46319 14990 21337
46391 6670 73432
46409 13350 50293
46436 16370 87685
46471 11220 86956
46492 6670 3351
46497 9890 85088
46504 13350 21898
46550 6630 75546
46642 6300 15888
46734 3990 40716
46734 18660 56730
46738 9430 37627
46789 14370 384
46827 13350 20735
46900 6670 54347
46947 8660 76853
47022 10180 13727
47027 4250 78263
47074 4200 32193
47091 2790 48896
47120 13350 46537
47124 13350 50657
47147 4880 75879
47220 13350 17973
47394 13350 95608
47408 11720 66392
47502 5340 52435
47638 7150 83072
47658 11760 39155
47688 11920 67522
47711 280 13366
47768 13350 86509
47773 10690 56861
47774 13350 69320
47823 18460 64949
47825 6370 77605
47825 6670 95659
47887 1930 1260
47903 18490 73513
47971 8620 77150
47977 8400 93800
47988 350 36194
48023 13350 24872
48100 9230 37921
48146 8850 65423
48282 5180 95398
48386 6670 81880
48393 4240 79891
48406 13350 34866
48409 10260 34418
48431 6670 38876
48448 10580 48932
48523 10960 49203
48525 8500 88515
48578 740 171
48597 13310 31351
48599 13350 18816
48638 11290 71794
48723 6670 35256
48771 5920 99047
48779 13350 91241
48813 13350 57771
48822 13350 23993
48842 2050 49043
48852 17810 59423
49000 6670 24626
49003 12680 5007
49032 6670 58906
49104 6670 76779
49117 440 19961
49118 13350 82990
49156 16220 68102
49174 16320 8264
49178 4480 5572
49215 7270 69165
49278 13330 98747
49282 3570 81348
49364 16470 57576
49398 6670 19230
49399 13350 10621
49423 770 82633
49441 6670 2963
49445 6670 86457
49481 12210 30441
49492 15300 11792
49516 7570 19068
49534 9210 66480
49541 6670 29614
49600 6670 99268
49604 13350 38330
49614 14850 90841
49641 14890 37362
49710 13350 75608
49731 17530 99660
49808 6670 80243
49823 14220 87116
49904 2200 68816
49905 19100 94705
49971 1700 27149
49987 13350 18596
50096 100 41128
50192 13350 84973
50323 15800 3756
50328 9620 23439
50393 7800 55214
50396 13350 60287
50469 14070 42492
50503 820 21200
50523 11500 77612
50603 13480 46415
50654 18220 30396
50685 3430 92277
50709 6670 92478
50712 1260 56290
50735 6670 15986
50749 3920 65189
50764 10660 96166
50778 18480 33675
50787 17030 89572
50789 6670 56443
50816 17780 6092
50857 6670 75212
50865 8200 98116
50905 18080 64708
50917 19720 77115
50960 13350 66087
50964 14600 9210
50989 15940 63527
51043 5740 33049
51043 7400 39526
51053 6670 40448
51079 8080 27223
51099 6670 22937
51115 6710 2680
51134 11640 81223
51164 6670 70170
51169 13350 22389
51177 17210 36055
51209 6670 28621
51281 4630 17860
51318 6420 41494
51358 6670 93325
51359 6670 63437
51386 6670 47770
51470 13350 98150
51530 1090 19609
51582 1340 87360
51589 6580 29039
51612 10430 47358
51629 13350 72585
51661 6670 33954
51695 11060 33506
51703 15060 13951
51751 6670 81548
51802 13350 49996
51822 16500 55189
51847 6670 21212
51890 13350 61604
51920 12340 12225
51979 6670 60299
52024 13350 55378
52054 17920 34257
52082 2920 79933
52113 14470 50845
52123 13150 56233
52189 3960 21421
52198 1750 87475
52198 13350 35158
52212 13350 61979
52226 19690 77345
52271 6670 99953
52278 10210 56872
52302 6670 38394
52320 13350 10682
52349 11310 137
52356 16000 38812
52415 8150 4257
52419 17510 68047
52431 5970 71887
52432 9170 84798
52444 13350 53187
52471 6200 49602
52592 17130 90452
52635 4150 30552
52645 2280 88987
52660 19420 78619
52670 2020 72336
52682 16600 74010
52689 6100 13437
52773 13350 48145
52775 13350 13210
52839 6670 3568
52840 6670 67753
52847 9820 33330
52849 12090 50014
52863 2370 74727
52891 13720 64230
52937 9740 21119
53042 13350 10607
53051 9300 68967
53065 780 89935
53072 6670 74728
53252 15170 52729
53267 6670 88818
53269 17420 61848
53374 3340 66303
53374 13350 60322
53383 1980 46934
53392 6670 69706
53424 8730 36813
53455 13350 73089
53545 13110 69722
53608 13350 25907
53660 19000 14846
53667 13350 68663
53699 6670 40165
53713 6670 23677
53713 13350 24009
53761 13350 27920
53821 6670 12894
53890 6670 1995
53925 8790 88474
53991 12270 34963
54035 14040 81953
54136 13350 1410
54140 7160 41937
54162 15680 15387
54214 400 78488
54222 7780 96009
54227 6670 33024
54233 5830 91036
54283 13350 62466
54285 15140 11991
54296 17860 6716
54325 5880 23575
54360 1590 29771
54372 4740 25924
54395 13350 4093
54436 7620 97039
54480 16700 46073
54501 6890 70600
54513 6670 33538
54524 13340 25505
54527 5010 21957
54590 9010 2853
54596 17240 53828
54613 2810 40943
54614 13350 87121
54621 13350 51048
54626 11360 24562
54674 1490 7994
54762 6670 53603
54800 6670 90605
54807 16820 66490
54837 13350 61953
54839 13350 74428
54848 6670 6366
54877 6670 17389
54916 6670 5096
54949 8690 73262
55028 13350 40158
55114 18980 46446
55125 11430 99041
55190 14260 644
55211 7500 8803
55218 18850 1987
55238 14450 84779
55245 6670 80938
55252 6670 23448
55323 13350 81307
55337 6670 54520
55348 12730 10489
55367 13350 85951
55381 6940 7107
55480 14330 5541
55494 3510 23328
55565 19310 50894
55622 310 36787
55659 11110 60731
55706 12610 89745
55720 2160 8137
55752 6700 67438
55806 8000 56491
55819 5060 53598
55824 6670 22502
55827 320 67642
55856 6670 95010
55862 13350 65135
55986 11130 94333
55988 6470 8197
56043 3810 64538
56106 19980 87401
56141 19520 14731
56164 13120 79551
56165 6670 39970
56236 17280 94661
56278 19390 92535
56283 13350 18503
56301 17570 92728
56311 5600 35380
56325 6670 36542
56331 7250 91376
56336 13350 92079
56385 6670 29600
56390 6670 3080
56393 11070 81578
56403 4830 94027
56407 10160 18180
56450 2480 96466
56453 4460 65484
56472 7210 18209
56513 1640 24126
56614 9380 27149
56616 13350 56912
56617 13350 24962
56659 13910 47415
56668 13350 69664
56691 8990 37753
56846 19280 37966
56877 13350 8333
56885 3770 40521
56907 13350 45033
56948 16540 43011
56955 14290 74029
57002 13350 50043
57065 10780 31845
57169 12070 55278
57189 3760 80132
57249 6670 69208
57256 4990 9716
57414 2380 36532
57418 13350 60588
57442 3720 4788
57483 6670 71329
57485 6670 43045
57490 4930 65075
57505 6670 3743
57608 180 57154
57609 6670 57075
57610 13350 5586
57618 13350 32697
57629 17480 77586
57654 4010 47814
57663 16850 34845
57669 9030 26885
57692 7640 29905
57716 4070 76397
57750 13100 21866
57796 4570 86581
57874 10560 20510
57888 13350 20230
57954 13350 37141
58011 16120 16473
58025 6670 64917
58048 6670 15881
58069 14080 73928
58087 16960 56491
58120 6670 37841
58154 6670 12993
58180 3110 99014
58280 6670 33171
58290 13350 72319
58402 1120 10490
58434 13350 94628
58460 6670 66185
58490 13350 61738
58530 3790 71227
58541 10100 68313
58561 13290 31253
58582 2600 85188
58584 13350 98466
58620 4390 26601
58675 18340 98389
58734 5270 56629
58813 8490 28341
58819 6670 2098
58900 13350 48346
58911 11890 62927
58925 6670 62880
58937 9910 23741
58956 6930 92640
58963 5260 5012
59022 19800 71703
59026 6050 88256
59072 9140 1405
59078 6600 15650
59141 8530 96514
59186 13350 13111
59190 17100 69448
59198 16280 60975
59256 15250 25475
59295 3780 23857
59322 6670 81150
59324 10270 31135
59328 6670 74599
59350 4590 348
59362 11410 13018
59458 200 15014
59481 1560 93568
59527 17700 81843
59572 2220 78759
59610 14550 12684
59627 13350 73555
59634 3120 41438
59693 17500 62440
59709 2660 38808
59726 6670 35985
59737 1350 66467
59741 10140 1047
59883 17520 9088
59897 13350 82182
59915 13350 42132
59968 6670 64405
59977 6670 85728
60016 6670 45524
60091 13350 18633
60140 6670 25545
60159 5210 16581
60205 4050 20069
60221 6670 72005
60245 4220 63204
60312 6670 97933
60345 14870 19533
60460 3320 39812
60531 5650 71285
60580 15730 31601
60631 13350 9116
60635 6670 54908
60646 6820 37553
60762 9330 68247
60768 4640 74843
60780 16510 97637
60795 18150 83786
60871 17850 71572
60881 6670 59648
60888 13350 38400
60899 4920 49950
60929 13350 38062
60945 8870 85821
60954 930 67354
61111 8840 46380
61117 14510 15358
61128 13700 7648
61169 7170 73946
61170 4040 55957
61177 7660 11239
61278 13350 6554
61323 7230 57633
61401 16620 48547
61427 9680 71541
61527 160 15559
61573 15580 89779
61576 13350 6929
61654 13350 43166
61695 9040 33423
61726 6670 62826
61877 360 19163
61894 1510 89764
61905 13350 82696
61920 13550 41338
61954 13350 45465
61960 10080 67048
62023 11020 75391
62088 12710 52371
62187 550 39193
62226 7950 60984
62269 7700 82829
62284 9830 81040
62294 2650 4534
62316 17550 23413
62321 14940 2166
62322 1110 96635
62381 6220 41590
62386 9160 96758
62408 13320 59812
62512 11010 769
62513 13350 32448
62553 6670 16270
62611 6120 38342
62611 11280 17792
62640 13350 49398
62681 6670 7139
62718 14300 29978
62795 13350 54036
62850 17390 53413
62866 11860 21803
62911 13760 82173
62928 8480 21394
62967 12470 1496
63010 6670 98841
63024 19740 81316
63058 15760 91181
63080 15390 11292
63087 6670 98425
63174 2000 38898
63304 13350 72531
63308 17870 32145
63362 14240 76012
63395 9050 90201
63416 4610 90324
63424 19660 13791
63444 13350 79012
63450 6670 9012
63479 6670 8432
63617 18820 83772
63635 13350 49023
63658 1790 8082
63686 3360 48425
63704 9360 77798
63715 13350 21766
63726 2420 48075
63732 13350 40231
63743 16670 38157
63757 8010 72512
63774 6480 34658
63859 6670 35808
63932 6670 78138
63981 6670 85386
64008 3600 81594
64091 13190 3590
64172 10870 95555
64221 2860 11745
64307 13350 6596
64313 5390 45192
64318 16110 15707
64340 3090 11926
64355 13350 74381
64365 10130 1119
64381 8380 63992
64403 11610 28990
64440 16840 55167
64444 3180 97975
64488 15400 41030
64530 5560 74213
64719 4850 6747
64735 12300 58943
64737 13350 63200
64754 14910 8957
64938 14380 61435
64975 6670 67954
64978 13350 48990
64999 6280 8891
65031 13350 80132
65054 10220 90290
65075 16150 95337
65076 13350 29508
65119 2510 91152
65131 10950 91051
65240 5300 29482
65361 14030 13157
65363 13350 3141
65369 17770 49839
65408 12160 15889
65426 13350 95044
65444 11370 80678
65450 5120 60043
65467 8210 49670
65480 6670 85189
65511 13270 42262
65546 13440 97440
65570 18560 79602
65587 6670 74960
65647 17650 62114
65665 6670 30621
65735 9550 2639
65847 1970 15579
65895 18710 51027
65962 8680 35230
65984 13350 1951
65986 3860 32221
66023 5140 98044
66057 6670 98819
66074 16420 39829
66145 15160 43482
66261 16630 81588
66306 17560 50159
66328 13350 40068
66457 19030 20563
66489 9580 50606
66581 17040 81307
66586 8440 59527
66615 12820 64974
66638 18780 53829
66688 13350 59951
66724 16200 17062
66734 6320 22506
66761 3480 15690
66820 13350 49286
66839 7440 52883
66843 6670 86973
66871 16650 29628
66873 13350 71249
66881 9810 68709
66883 18440 70280
66889 13350 35966
66910 18160 20795
66933 7490 47914
66939 16730 11040
66971 15200 6370
66974 6500 98233
66991 2430 73361
67008 6670 49221
67019 6670 33065
67065 2850 70160
67079 18810 31690
67134 13350 54425
67135 9000 31904
67184 14390 56326
67187 6060 71620
67189 6670 20686
67191 6650 56736
67221 13350 42132
67235 6670 92409
67235 13350 3581
67239 6670 72282
67245 13880 94555
67255 9250 64276
67271 7920 17019
67331 7710 79629
67331 13350 58630
67334 860 93358
67349 8340 64693
67354 13350 27171
67395 6490 71066
67401 12910 51826
67414 4600 12601
67464 13350 50378
67535 11910 84627
67578 13350 71156
67591 6670 79782
67605 10420 61556
67668 6670 40202
67670 13350 54664
67676 13060 77840
67705 5810 82120
67777 6670 76359
67780 6670 74097
67871 14970 7592
67944 9150 29781
67949 14410 19893
68099 6670 45227
68178 5200 71621
68185 13350 53978
68190 5320 260
68317 5670 90168
68333 12650 47517
68475 15380 37257
68485 2170 64905
68489 13350 35435
68498 17670 71666
68725 13350 33375
68742 13350 58703
68767 18250 83527
68769 5370 98704
68771 6670 18048
68830 1310 42992
68896 13350 8356
68906 13350 47392
68924 5500 2763
68931 13350 86865
68954 3210 88037
69015 13350 55421
69075 4440 17077
69081 17080 63142
69125 19970 66027
69131 6670 86330
69212 13350 40084
69244 9700 21873
69287 5360 99073
69290 7460 67187
69314 6380 65052
69332 16190 68867
69360 4420 599
69437 13030 44885
69442 10410 11445
69490 6670 33608
69498 13350 62772
69524 4230 95918
69529 8570 49934
69555 14590 890
69591 1440 99378
69662 13350 26644
69702 2090 41917
69707 6670 98691
69728 18910 66988
69734 2550 18052
69770 10 92245
69798 14900 34803
69845 15190 29278
69854 19470 95123
69857 13350 27541
69876 10040 96180
69959 2730 7118
69972 16430 51163
70042 13350 67278
70081 7930 14509
70112 12320 4724
70133 15740 6229
70164 18880 32534
70178 7520 92151
70212 18380 81466
70214 7140 31633
70248 13770 89622
70284 6920 38855
70460 13350 23074
70543 13350 1386
70578 12450 45244
70645 13350 41754
70665 17750 55440
70677 6670 41842
70719 2940 20352
70736 12550 78529
70754 13350 36723
70771 11670 69094
70831 13660 73711
70852 1720 43986
70878 5440 72646
70916 6670 43563
70916 15690 77832
70926 6670 83902
71015 18650 21467
71052 2960 87615
71135 7300 94603
71193 13210 69321
71224 13350 29986
71342 13350 46947
71433 11520 73305
71440 9060 91786
71452 13400 22998
71457 13350 26458
71470 6670 51176
71541 19990 12532
71616 10770 61560
71747 7030 98166
71754 13350 69841
71762 6670 62173
71938 18600 9601
71978 1680 60865
71985 6670 48366
72041 15350 28552
72075 17910 48077
72131 8130 38470
72217 960 60705
72227 10630 33311
72233 4490 54699
72236 8090 27537
72253 13350 76190
72300 11460 61913
72363 3740 17779
72378 230 99280
72419 13350 52000
72430 3410 8957
72435 11650 33301
72449 6260 10443
72467 9990 55393
72557 4290 20782
72610 12190 52667
72669 3590 33129
72692 17680 14104
72734 6750 5867
72800 9110 51977
72804 4860 53445
72822 13350 13560
72829 6670 45266
72838 9540 44485
72857 3050 81496
72902 19900 62188
72951 8600 74193
72990 13350 58146
73020 13350 54712
73136 7560 12998
73169 3420 46900
73414 13350 38739
73417 13650 57682
73442 13350 1545
73491 19230 65081
73525 9690 71189
73559 13350 55952
73572 8110 71967
73580 16360 87729
73647 11040 43979
73666 7670 96767
73690 6670 63434
73734 8260 74159
73747 13230 83718
73748 1600 19164
73749 4900 70263
73765 19830 17620
73792 19430 56044
73817 13350 51402
73859 14960 30686
73861 3460 87519
73862 17060 9818
73870 15950 21036
73909 13350 71996
73915 2130 63316
73948 16810 38228
73979 13350 39829
74007 13350 60035
74017 11980 55298
74059 13350 68194
74089 6670 40123
74144 18530 18243
74149 13350 75349
74176 5660 14616
74202 17450 75603
74250 15930 23042
74260 6670 65840
74285 3380 51527
74293 11730 62682
74313 8890 26128
74345 1580 27096
74354 9840 34496
74365 1040 62213
74385 15330 5741
74406 13600 37775
74411 6670 88549
74456 15540 90544
74504 13430 35185
74540 5100 12120
74550 13350 66113
74603 5070 33309
74604 13360 39496
74622 9800 86292
74691 19910 52697
74699 15310 51388
74707 210 18192
74770 470 98808
74854 16990 91250
74858 11180 31620
74904 7280 33657
74922 6670 53933
74975 9240 32949
75030 18090 32057
75079 12430 52829
75085 12930 73833
75122 18680 46659
75125 13350 348
75140 6670 15203
75172 9500 74376
75190 9650 15831
75243 13350 22238
75269 6670 65625
75270 17310 77331
75275 6670 4192
75276 890 8762
75285 6670 98691
75293 10190 25256
75299 3800 34156
75300 6810 46100
75313 9950 46059
75341 6670 23905
75450 13350 15062
75465 6670 36345
75479 11970 52751
75482 8710 58251
75518 6670 34850
75551 1270 57045
75564 16750 57859
75565 7010 3585
75641 11420 57288
75673 13350 78312
75697 240 60362
75702 6670 26815
75853 1400 90872
75864 6670 25473
75905 370 34168
75974 13350 7755
76077 11440 53283
76182 6670 75428
76256 6670 54268
76256 13350 31747
76302 7940 60451
76335 6670 15380
76349 17070 21311
76406 14050 86811
76457 500 74765
76477 19540 58862
76514 18210 66526
76516 6360 35129
76612 6670 17464
76868 18010 61375
76883 9630 98251
76884 14760 10209
76892 6670 6916
76909 1320 97955
76928 6670 18713
77013 13350 80525
77019 13690 24540
77079 10050 79479
77208 5430 93928
77231 6670 93771
77285 18570 724
77313 270 67427
77325 18740 78792
77341 6140 89133
77367 11170 50842
77369 6670 72918
77408 13350 8103
77429 12460 84850
77469 6670 86204
77524 12260 62947
77622 19380 44659
77700 18580 12216
77835 6670 16390
77919 3060 54953
77936 1570 86066
77961 3630 85237
78005 19620 31356
78066 6000 14775
78074 10800 97244
78082 4890 15204
78117 18970 67314
78159 6670 17492
78202 13350 16960
78229 6670 8873
78257 2190 24628
78276 6670 85612
78282 9490 38000
78286 1020 75284
78298 6670 46802
78317 10620 29639
78335 6670 84341
78357 13570 94772
78372 5720 93025
78436 12380 94364
78464 6670 69809
78522 6670 98991
78557 13350 78553
78640 19710 81591
78686 13350 23721
78722 6670 59553
78786 5610 34987
78814 13350 96433
78842 13350 63077
78864 10530 58410
78916 13510 78474
78967 13350 94669
78972 13350 81949
78980 6670 35783
79007 13350 49686
79046 1630 38674
79065 6670 58345
79125 17950 26107
79129 8950 33673
79152 980 65414
79262 15870 91175
79264 6670 780
79273 6670 32085
79295 8300 51808
79367 13500 95586
79374 3700 68527
79410 2520 68149
79452 13350 50358
79456 3250 96920
79581 12600 50299
79634 18180 70508
79678 13350 781
79743 6670 26405
79750 6670 47107
79787 11770 64866
79792 13350 26808
79794 7860 1028
79797 1710 81548
80035 13350 48589
80094 6670 81702
80120 6670 56952
80121 15260 92160
80141 19860 74797
80230 13350 35736
80239 19820 12588
80322 17710 94175
80386 9070 77853
80526 13180 93729
80530 15450 86801
80546 16040 23425
80609 17050 71021
80762 6670 3972
80814 13350 53780
80840 11930 85486
80849 13560 47102
80859 13390 20835
80890 7350 97673
80905 8930 76712
80918 13350 96777
80927 19530 17084
80938 16970 30941
80945 19120 42925
80977 18620 64188
81002 2910 84989
81058 13980 94389
81061 5940 91333
81220 1660 39343
81290 6660 72061
81291 5860 29475
81326 10380 65529
81340 13350 2878
81415 2590 76744
81436 18420 94135
81475 650 18336
81486 6670 68671
81517 19010 98015
81537 13350 12798
81576 6670 41494
81654 18890 98446
81660 1740 99697
81678 4540 49904
81783 6670 50576
81817 17540 93184
81918 13350 86033
81952 4620 39361
81956 880 1970
81969 13350 96003
81973 10810 45727
82006 3450 76574
82006 19250 15457
82045 3660 61784
82107 6670 88257
82127 990 38930
82141 6670 81154
82151 19350 29968
82189 11350 4381
82206 4910 77316
82239 13450 5082
82268 18260 83144
82311 9590 41413
82381 4980 94415
82422 12360 57126
82484 6670 74638
82496 4300 47929
82541 9280 21268
82547 3880 74836
82551 450 17614
82563 8350 44838
82607 6670 16022
82614 17970 40767
82635 13350 66292
82673 6670 1183
82741 6670 6682
82742 6670 74742
82866 19730 55797
82880 7760 58278
82891 15610 29116
82945 6670 82127
82994 14180 99494
83044 19760 79053
83096 8170 93096
83195 14540 3301
83353 6670 47812
83404 2870 29680
83534 13350 30049
83622 3200 61097
83639 13350 84292
83654 12840 39675
83697 6670 66338
83738 6670 28856
83743 15320 69559
83770 19870 55543
83771 6670 12065
83809 13350 27862
83815 1690 52683
83916 15240 3417
84000 16980 9936
84034 6520 67191
84048 730 50374
84053 5730 57384
84091 13350 40165
84138 6670 50882
84165 9410 78504
84170 1060 84959
84185 2360 97789
84204 12170 55988
84210 4950 22531
84213 13350 45396
84239 13350 5897
84248 19440 41940
84257 11260 22783
84286 4970 34050
84321 6670 57037
84347 13350 77940
84353 14780 90005
84379 11050 9360
84381 1180 31977
84401 920 87422
84414 5110 7373
84426 14230 64793
84429 13350 72378
84462 10360 20365
84465 15040 7455
84529 6020 29277
84688 11330 14066
84695 6670 38030
84714 5690 24010
84734 18360 74530
84795 6670 1345
84811 10070 83891
84826 3970 21221
84862 6720 48984
84905 13350 73590
84906 14530 1572
84996 13350 59894
85039 760 74871
85042 9120 31366
85063 6400 27638
85101 13350 55236
85103 13350 90262
85146 6340 57890
85288 7220 45641
85328 13350 87578
85351 17980 41247
85370 8940 85930
85386 10970 17302
85416 13350 1859
85454 17230 97132
85473 6670 94713
85496 18790 96552
85543 15520 78748
85609 13350 37205
85649 9180 3513
85653 13810 78339
85659 700 27670
85677 6670 85046
85681 7840 62114
85724 1150 86433
85813 18320 50797
85820 3490 86768
85825 13350 79850
85877 6670 36492
85879 13350 98421
85911 6670 44158
85917 13280 53659
85936 6670 6537
85977 13350 65647
85994 7980 39717
86001 6670 74141
86033 6670 72061
86104 5780 41984
86133 6670 71529
86140 5930 2978
86199 6670 6711
86203 15660 86124
86219 5770 32358
86330 6670 97232
86369 13350 29537
86402 12750 17212
86437 3270 28220
86447 12800 41158
86523 6670 67357
86543 250 53006
86560 4130 29508
86567 16170 49894
86637 7080 48110
86637 13350 25350
86643 11550 65198
86682 13350 34278
86689 6640 89493
86741 6670 87783
86751 1190 12413
86785 510 64141
86816 8030 23825
86824 13350 35380
86837 2690 7651
86856 12310 9091
86874 7330 85099
86910 18280 91342
86931 13750 61626
86942 6670 15680
86944 13350 69723
86978 13350 16656
86984 1200 54913
87034 13350 34549
87062 7870 71486
87110 13350 40314
87189 8370 67150
87248 18390 75678
87256 11240 7679
87258 18670 61407
87336 6670 44746
87336 8880 11751
87348 6670 43480
87357 12630 83479
87374 11810 66519
87400 16380 34794
87411 13350 40740
87415 6670 93369
87428 6670 27451
87482 16910 35013
87489 1420 62818
87546 19750 36362
87593 6550 14321
87597 4450 27443
87613 7050 28737
87633 8290 73242
87642 12140 30929
87654 6670 78393
87668 14790 95767
87696 17740 53219
87705 18510 35163
87745 6670 79989
87752 15820 1365
87770 10300 14608
87774 6670 86873
87777 6670 56865
87830 10350 57727
87951 15090 53049
87974 13350 45084
87985 7060 83979
87985 9970 47029
88056 2410 59831
88124 5900 88405
88127 13350 28288
88192 13350 54637
88199 6670 72
88213 6670 25544
88222 7630 51794
88244 13860 59257
88287 6270 2808
88294 15650 60112
88350 6670 29256
88373 6670 18877
88374 6670 28341
88382 13350 89092
88386 7310 95263
88392 6130 99154
88393 17660 18336
88410 11960 54857
88410 15430 93665
88441 11230 30139
88479 16760 53213
88507 13350 24371
88538 11710 66423
88581 8980 82851
88626 13350 32117
88628 13350 18059
88673 5870 86656
88677 5590 42949
88692 5490 58220
88695 6670 11251
88707 5050 65446
88710 6670 33953
88714 11390 76348
88718 13350 15159
88763 13350 73494
88766 14520 85605
88794 13350 50828
88887 19920 43738
88889 6670 8162
88996 13350 10428
89000 9370 67971
89015 6670 28057
89021 3150 22275
89046 7100 20278
89058 7590 80128
89088 3000 62692
89122 1030 964
89123 13350 64071
89161 19890 63821
89217 17590 78054
89237 17400 63299
89240 18700 50467
89259 6670 46919
89289 19640 80764
89290 6670 14226
89371 6670 39396
89381 6670 97909
89387 6670 20575
89433 13350 38619
89482 15410 38703
89492 12490 92371
89507 12080 21894
89523 1830 45778
89535 4120 60528
89549 6670 52781
89565 9520 11948
89572 13350 3623
89588 2670 76188
89597 3070 58241
89680 4430 45611
89688 6670 8537
89706 6670 40101
89734 10490 39668
89739 14360 21405
89758 870 92238
89775 970 92610
89919 6670 89463
89935 19550 25785
89945 6670 2504
89951 6670 61533
89956 13350 25326
90031 8270 22811
90041 8860 20771
90044 13350 77260
90059 19580 9978
90142 6800 30890
90159 8460 8281
90170 13350 91334
90179 5750 74509
90179 12150 10521
90201 5240 64915
90206 13350 9392
90235 790 79211
90237 15470 71828
90243 13350 29160
90244 13350 47266
90252 14690 7335
90269 17190 72464
90270 2290 17475
90280 13350 43330
90293 6670 63410
90343 1300 80399
90357 10680 98486
90372 4560 93304
90379 13350 73738
90394 6670 41624
90400 16590 54575
90408 2490 77491
90537 13350 17423
90558 15480 42801
90564 5460 30138
90584 6670 92652
90595 13350 23559
90758 8960 33061
90758 13350 34039
90820 13350 21069
90935 7320 91803
90935 13350 49127
90954 9480 96335
90974 6670 10755
91001 8060 92746
91051 13350 6596
91084 13350 60028
91100 10920 20157
91109 7810 21853
91125 1760 61790
91161 6670 59468
91287 18750 41836
91330 16680 10561
91392 13350 71818
91452 6090 16171
91490 10010 33410
91652 8670 86048
91687 9340 14890
91764 19220 99401
91781 17600 61683
91802 19810 71218
91824 4510 55728
91963 17940 93822
91970 17900 2879
91987 2890 78560
92020 18590 79404
92030 7770 73057
92093 6670 28766
92223 6670 20924
92270 14930 82569
92321 17460 71414
92377 11700 21207
92409 15210 61338
92416 5040 78469
92417 12870 56382
92425 15590 89493
92459 13350 34860
92527 9470 47525
92546 9770 60761
92575 13350 79040
92623 9290 68592
92624 19630 94949
92635 3640 49888
92667 9920 74241
92687 13350 12446
92804 13260 90662
92838 1140 39919
92862 16570 51669
92888 12830 12084
92960 18310 38185
92998 6670 90975
93015 9450 23852
93046 13350 75138
93054 6670 81275
93068 1430 10480
93078 9090 33424
93095 6670 76372
93106 11250 55916
93163 16950 39307
93169 6670 79236
93170 16520 64689
93186 6670 83000
93193 140 93415
93212 9130 70758
93229 20 2706
93236 13350 34817
93311 13460 52224
93421 15560 76793
93427 18730 63121
93433 4790 39094
93487 6670 73662
93500 6670 145
93541 14160 31791
93562 17380 19207
93563 3840 1259
93695 6670 53732
93700 12980 34061
93738 6670 7084
93744 13350 48255
93818 190 14445
93858 11150 11522
93862 110 84534
93872 13540 22669
93897 15490 24899
93944 13350 54035
93972 8070 22280
94043 13820 48214
94048 480 13481
94085 13350 18682
94102 13350 86231
94112 11530 5122
94178 17340 77942
94202 13350 56195
94208 2100 53376
94253 20010 14565
94274 5030 97076
94306 6670 94038
94448 10910 30250
94452 4820 79569
94456 14750 83181
94496 7130 48798
94499 13350 22414
94502 14820 78566
94511 13350 39725
94603 14500 29038
94644 7200 51799
94724 19210 74828
94756 19600 6712
94785 13350 55433
94869 6670 93566
94891 15860 7665
94926 14420 90694
94941 6670 61493
94955 13490 35048
94983 7960 61479
94994 18110 35339
95012 14660 53272
95018 6670 81604
95060 10280 20753
95078 7430 23420
95081 1520 39527
95109 2880 48678
95116 16070 16805
95251 13350 68315
95254 13350 50465
95274 15720 19640
95297 9420 83170
95298 13350 66715
95343 9400 77784
95405 18100 71775
95471 12720 64377
95511 6670 27917
95528 6670 14872
95540 13350 85758
95545 19330 15581
95548 13350 64656
95589 14120 12004
95627 19400 83593
95635 13350 66322
95641 10820 11464
95648 13350 72415
95651 2900 72709
95760 6670 79310
95768 8360 19307
95780 18840 4528
95813 18240 34209
95870 6780 39117
95886 4380 27414
95894 8320 47228
95904 12540 68823
95923 19200 54267
95941 6670 22978
95989 13350 85616
95992 15710 94527
96016 13350 79476
96186 6670 99360
96229 6670 99175
96235 14730 50382
96277 6670 43785
96292 12390 49563
96311 1800 91645
96355 16710 93503
96376 13350 13514
96417 18930 76132
96545 6840 50628
96621 16660 37442
96668 3440 72153
96692 5410 93515
96795 15570 42186
96816 7820 71401
96850 4350 77727
96860 10400 50992
96897 12280 85451
96963 13350 51549
96992 19190 45187
97021 9980 97320
97021 16890 70154
97057 19780 46928
97113 12770 98146
97145 5290 42621
97152 13350 53814
97167 8590 40380
97194 18720 73033
97209 14620 85840
97242 6670 44491
97261 3400 67743
97300 9600 23236
97307 6080 1843
97386 6670 51499
97408 13350 36114
97541 6230 28231
97546 18130 60822
97573 10450 12266
97593 5680 51005
97598 9200 20050
97637 9020 94755
97735 6390 87820
97807 6670 64602
97852 17360 54517
97878 13350 97312
97900 1160 70514
98054 14090 73448
98148 7000 98210
98198 13350 82920
98223 1240 84546
98334 1290 84438
98345 9640 35847
98347 13350 9986
98352 13350 30863
98366 6670 83948
98372 13350 66058
98408 14130 12856
98483 5710 11528
98512 6670 70030
98536 13350 71187
98600 6670 74544
98612 4840 9937
98681 17610 65850
98686 2340 59183
98714 13870 44298
98718 6670 61795
98721 18950 75298
98799 11300 77841
98816 13350 35624
98848 17620 23798
98863 1370 86028
98928 16920 17703
98980 13350 4577
99134 9610 25967
99144 17370 34035
99152 13350 79562
99165 6670 86783
99256 15500 36535
99260 6670 92349
99327 13350 89792
99507 18860 36948
99509 3540 73383
99542 11400 99635
99552 3030 63212
99591 13350 20546
99606 8830 193
99617 6670 21474
99642 19460 37388
99655 15340 36535
99719 6690 85651
99724 2400 4305
99763 6670 95365
99769 12120 11151
99780 610 77877
99972 10650 42541
