3000 10000 51409 88289
26 5870 95664
82 2190 90689
101 19100 34599
118 12060 19605
120 10020 5853
172 17170 58304
248 13890 53331
267 19760 88255
277 15030 96620
342 15980 21512
354 9230 50863
368 5010 47075
386 5010 52932
415 15030 91739
455 10020 19892
492 15740 51730
549 16160 18997
571 16240 5263
579 6740 93709
641 5140 8513
647 9740 32930
667 10230 45443
672 7070 9667
725 14990 54719
761 9520 69694
800 10320 3696
822 10020 93051
840 9140 45313
928 15440 84373
1020 7980 72128
1035 15030 6438
1107 13810 31136
1127 17840 75955
1135 5010 42264
1217 7010 50704
1258 5750 2438
1307 18620 6530
1413 14650 49040
1432 10020 60007
1433 10640 36061
1448 6840 72753
1484 18700 11507
1494 5010 20791
1497 5640 55835
1506 7520 53503
1528 15030 96037
1556 11370 30991
1587 15030 17458
1601 13430 92439
1634 5360 9191
1684 16140 37845
1696 15030 71590
1703 16600 9975
1721 400 30263
1722 12220 83118
1725 12480 14999
1738 18400 65729
1802 10070 73082
1814 19700 42721
1821 5010 82266
1925 4570 47368
1939 12050 82607
1942 5190 75251
1996 10020 67551
1999 1790 15902
2104 10020 20825
2133 17150 87523
2173 15540 78225
2210 19970 26536
2223 10020 65539
2223 12350 93299
2253 15030 83382
2305 15260 53985
2325 10770 17781
2377 10020 11963
2444 5010 19687
2449 6630 48346
2500 8970 44237
2516 10020 38896
2616 5010 15976
2644 10020 18512
2655 11010 4952
2677 11470 98631
2677 12550 92094
2727 8000 56502
2748 5460 27732
2768 10020 27955
2804 2050 87741
2807 15030 35538
2905 6650 69887
2920 10120 28534
2956 5010 24700
3002 4840 12302
3010 14140 32638
3035 13720 29862
3082 16280 77282
3163 5010 63152
3174 15030 46685
3176 10020 41506
3189 5010 77690
3197 5010 73997
3239 15030 29908
3247 8420 69154
3333 15030 66523
3343 500 23510
3346 12130 17154
3367 5010 66464
3411 10020 67092
3451 19630 65897
3471 14330 64505
3486 10990 43484
3499 10020 74589
3527 9220 90385
3534 4220 15203
3570 15860 87051
3588 10020 16216
3646 9200 76787
3654 1270 74204
3689 6850 9085
3711 5010 4295
3731 15030 99070
3850 19850 61695
3871 8080 66438
3935 5010 18291
4010 3120 27945
4015 2740 24216
4043 2040 33553
4049 6020 97687
4050 700 89766
4068 10020 80354
4083 10740 45853
4118 1000 83862
4179 6350 74171
4184 18990 66921
4202 10020 48032
4247 12850 2311
4257 14000 71918
4268 18190 2827
4287 9340 91914
4311 14400 29239
4324 10960 26492
4335 12460 34269
4351 15030 46076
4391 19450 92740
4396 1880 81738
4489 10020 96347
4510 860 79974
4523 1030 22553
4543 6790 88872
4590 17490 51326
4607 13790 98032
4608 5010 98918
4608 12340 6551
4664 3670 51514
4676 15030 20471
4689 6290 86845
4715 10020 46206
4773 9830 3026
4782 15030 85632
4784 80 89977
4844 15030 30064
4852 10020 80021
4931 14980 99816
4943 16270 39125
4950 16570 92233
4964 5010 17621
5005 5010 1067
5059 6140 86363
5114 19270 56669
5191 15030 31032
5207 2480 70357
5220 5010 11249
5234 15030 16155
5298 5010 71744
5384 11240 84
5443 5010 88195
5464 15030 12213
5466 19520 9753
5489 15030 75860
5500 1200 12601
5509 5010 34871
5658 16450 29114
5659 12730 49641
5704 3260 66651
5780 10020 59457
5829 3530 97606
5833 14810 64057
5853 8180 70081
5854 15030 30404
5905 7930 59358
5929 14700 43681
5993 1710 62263
5994 770 61252
6038 10020 22884
6167 15030 88067
6208 15560 8752
6235 14760 42325
6261 15030 38588
6276 5010 78911
6278 6420 49740
6309 16820 53967
6324 15030 17768
6452 15640 28169
6460 10020 99266
6465 15030 53871
6496 8960 54158
6511 16210 9204
6522 15030 98417
6531 9310 34288
6563 9820 43998
6565 10020 55515
6578 7700 40128
6599 11590 48898
6607 5010 56098
6619 6310 919
6696 12430 64981
6707 3220 19556
6710 5560 79722
6732 6920 56329
6747 10020 81242
6800 10020 3731
6807 10020 40558
6867 10300 57204
6902 17700 27241
6953 6970 58832
6989 5010 52785
7011 12820 68930
7092 15030 71647
7126 17270 20153
7204 4160 65844
7264 10390 65679
7287 13740 55402
7293 15020 22091
7332 15320 27727
7369 18010 52465
7378 19720 44093
7493 960 53686
7497 3430 17129
7554 16380 35282
7577 590 4062
7657 16090 76837
7661 5010 56118
7711 12760 21380
7790 10020 79644
7866 8690 4970
7870 18210 15570
7871 7800 71955
7886 7030 6334
7927 4120 64428
7928 5010 33318
7945 18690 60855
7978 1050 71521
7986 5490 15083
7991 16060 50951
8002 15030 6647
8023 4390 62355
8098 10020 57537
8135 15030 54532
8179 15030 12091
8248 15030 98867
8253 12810 41118
8269 16470 17790
8304 12160 17566
8318 8190 57727
8368 19730 79004
8421 10020 12663
8422 8800 87215
8425 15030 24454
8497 11310 78933
8510 8840 27756
8517 17520 19655
8535 11270 45334
8610 15140 24035
8627 5920 32811
8632 9850 63098
8716 10020 41853
8751 5010 15221
8756 15030 31050
8794 2520 5100
8804 2800 16367
8896 15030 84132
8905 5010 27670
8931 3950 40227
8944 6000 15384
8982 5010 76076
8983 10530 38888
8987 17050 8523
9002 14110 45297
9003 2880 27879
9031 9920 45080
9037 15030 17742
9104 10020 63547
9174 13710 29480
9201 12330 76377
9259 13610 84873
9289 16970 5968
9326 260 54292
9333 15030 85167
9345 15030 28778
9413 10020 19003
9432 5010 86963
9444 10020 7747
9455 5010 55850
9520 10020 42739
9570 15030 50089
9614 10680 56243
9618 8950 34880
9704 11200 75226
9715 12200 71381
9740 4590 58109
9760 7140 7470
9761 5010 25970
9762 15030 85044
9768 5010 734
9800 16840 1639
9823 5010 55848
9830 16610 53395
9837 16030 51619
9857 15030 84457
9895 10020 35120
9906 5840 29817
9926 5010 64783
9964 5010 27243
9970 10130 57566
9986 5010 89641
10080 10020 32074
10172 1730 93668
10248 10020 95791
10286 7810 81893
10335 13830 78631
10340 8820 48525
10498 15390 58746
10506 10020 44278
10531 5010 32592
10551 1490 29878
10559 19130 72428
10592 10020 68751
10714 3130 56765
10757 11560 31166
10796 6260 50631
10823 2790 17459
10861 10020 8403
10879 5370 98832
10914 15030 93512
10923 5010 97053
10934 14080 41829
10978 10010 70420
11003 16440 15219
11079 10020 53314
11101 5010 15302
11157 7160 49930
11161 5010 65583
11176 4030 90990
11196 15030 58601
11223 14220 14207
11272 15030 34766
11355 11110 58723
11368 1350 77919
11369 16910 79920
11379 5010 12710
11513 5010 6786
11563 16880 1043
11576 15030 75369
11576 16430 94297
11582 10020 81358
11591 10200 86272
11601 5010 47069
11606 16340 86917
11622 4190 37203
11661 5010 79248
11690 5010 54671
11768 7970 14053
11776 19880 284
11782 11740 53056
11785 440 41899
11792 16360 58959
11797 5010 37936
11804 5010 31345
11845 15030 68557
11918 15030 67892
12086 11610 41122
12130 10790 98527
12132 12950 13094
12134 6110 23604
12214 15030 74962
12227 330 28386
12241 2950 75062
12245 12070 94875
12276 10020 94794
12312 13120 18944
12340 8220 41199
12363 15030 20479
12402 9190 47157
12475 15030 98695
12502 2240 72754
12508 19690 3679
12529 10020 72086
12600 4080 79273
12615 5010 72586
12630 15030 27347
12634 3780 5031
12640 14230 34912
12643 15030 56017
12682 3990 50133
12682 17180 61019
12752 1560 72971
12764 7780 28468
12776 9970 28051
12828 10020 6781
12955 15030 30423
12970 16830 67107
13096 10020 62287
13107 17800 48705
13146 10020 30817
13148 16550 48231
13156 5010 96349
13164 2080 92935
13338 15030 43970
13365 5010 34549
13427 10020 12589
13467 17060 20309
13519 18390 25050
13522 19790 15633
13545 450 85031
13546 5010 38608
13555 18350 72874
13565 15030 39057
13577 1920 19253
13589 8340 47471
13598 15030 2447
13611 5850 88322
13692 13490 74152
13711 7660 32807
13761 4690 79930
13776 5880 72554
13799 15030 62358
13813 19340 97160
13826 10020 33085
13848 17250 82370
13856 4320 68403
13859 12280 80541
13868 630 92400
13875 13160 95265
13918 5010 79721
14006 4920 8175
14025 10020 51817
14071 2600 21756
14076 5010 55570
14078 13100 592
14102 15030 1689
14124 5010 57354
14191 17930 13651
14224 15030 57497
14394 18650 13186
14453 6200 24975
14506 13230 31335
14528 3760 72946
14528 19400 26488
14537 15610 37437
14541 10690 31984
14581 13820 930
14596 9650 1451
14650 15030 34732
14660 3180 6449
14684 19930 33989
14710 6980 75472
14727 15030 39399
14734 14360 817
14776 10020 74775
14788 17650 18967
14836 5010 56954
14844 15030 90535
14851 6700 88345
14885 17910 5441
14947 11730 98947
14957 17630 61613
14971 5010 25348
14994 5010 28251
14997 14060 60345
15030 480 6243
15035 5010 94033
15042 17020 40465
15047 1570 24777
15068 15700 51044
15128 18060 7573
15129 15800 82794
15134 15030 47410
15233 17240 43700
15262 10020 52651
15320 15030 3892
15361 15030 80635
15429 4430 21424
15429 11850 4206
15505 1220 56696
15521 10020 31978
15543 10020 33017
15578 17720 81920
15584 5010 45677
15589 3020 55207
15595 5010 1926
15711 10020 5526
15717 11100 60871
15822 10710 56736
15838 3300 52451
15853 6690 1067
15868 10020 82469
15878 5010 42675
15896 5010 53501
15962 5090 3893
16007 15030 2142
16021 12190 88484
16048 12470 82440
16075 7040 35662
16098 5170 67612
16184 18460 46367
16201 430 62204
16281 8760 14674
16290 13930 29067
16343 2850 88171
16346 11460 56410
16396 14890 73584
16406 5010 4731
16415 17100 2775
16418 15340 6531
16420 5010 9834
16443 12670 34730
16466 11880 42731
16474 1190 3527
16487 19370 2524
16533 13140 30346
16611 10520 64165
16639 2400 84007
16778 980 57819
16793 10020 54502
16860 7440 95626
16871 17280 64444
16885 9510 90069
16897 5000 29227
16897 15030 39249
16941 7430 72059
16977 4070 72453
16978 7670 56695
17032 14690 48120
17038 900 91132
17044 19350 64810
17087 7320 14096
17130 7950 62133
17130 16230 96371
17190 5160 10574
17201 12090 39671
17217 19070 31205
17290 6830 39863
17296 5010 61852
17337 10020 15012
17365 10310 63804
17456 5010 49685
17533 19040 75299
17620 14160 59943
17624 9280 25190
17679 17590 2416
17690 7120 62482
17776 4970 99422
17780 8360 36875
17844 5010 92415
17888 10020 78317
17909 17000 13834
17938 18250 99191
18091 13700 82212
18127 5010 50435
18141 17360 76844
18145 10020 19070
18159 18020 22038
18179 13360 18493
18214 17570 41015
18228 15030 51919
18271 15030 40679
18335 5010 3157
18341 5010 46094
18348 15030 91249
18410 4110 51517
18453 5010 17662
18467 4480 94271
18490 5010 57518
18536 9330 87364
18544 1780 74183
18545 10020 33571
18549 19280 55951
18604 15510 16130
18613 15030 27432
18618 6120 15119
18632 5100 17625
18657 5980 43961
18735 9380 48064
18762 15030 76438
18817 6600 80671
18839 10020 31132
18874 1150 66540
18906 15030 50781
18938 19300 96418
18967 10020 975
18976 9660 82282
18982 17860 49982
18988 15100 3917
19029 1120 89493
19087 3720 93283
19176 13020 19768
19207 1910 357
19236 9290 31205
19323 2780 21127
19346 2360 55714
19357 5010 50299
19360 5890 61047
19395 5240 18341
19412 15030 29016
19457 5010 25772
19534 18090 39502
19583 8660 97986
19612 5010 30244
19628 13300 74594
19642 1500 27270
19644 15030 6099
19646 1680 69627
19655 19140 34639
19659 4230 50898
19690 15030 44334
19801 13850 2884
19857 5010 69799
19864 9000 58700
19883 10020 98304
19919 15030 21872
19942 15030 29209
20036 15030 23388
20073 12970 8530
20076 10020 79314
20253 10020 5566
20259 5010 70084
20302 2510 14604
20302 6710 29790
20319 4530 40843
20403 17430 652
20406 15030 75239
20426 2720 98110
20436 8900 79295
20453 15030 43847
20460 15030 55743
20501 10020 95221
20566 7890 17356
20576 8270 13698
20605 8240 95240
20615 19200 18322
20622 1740 52442
20684 11950 69869
20694 18550 2278
20759 10020 6778
20775 15920 19017
20777 7940 76274
20816 15030 15356
20855 18280 49366
20887 17780 34558
20936 5010 77754
20972 10020 14298
20975 15030 53875
21020 18440 46510
21041 16750 93866
21045 110 41496
21126 3010 77417
21160 4800 34050
21165 18160 95214
21187 18100 45566
21191 17960 91823
21203 12080 19068
21232 13900 35794
21265 10020 19812
21273 15030 10429
21281 15030 83481
21365 19900 683
21406 3620 79169
21442 12710 33719
21533 13690 86803
21584 6680 77087
21587 18200 85741
21631 6160 9572
21631 10020 13179
21643 14420 39495
21644 9270 59354
21671 15030 81958
21716 15030 39215
21720 10020 45928
21769 15820 77450
21835 14130 26930
21845 3850 21303
21892 940 9230
21903 9090 57135
21905 13110 66080
21919 7420 70681
21994 10020 5275
22024 19170 34993
22058 5010 1712
22061 220 48130
22068 10020 98710
22246 11790 49577
22278 17260 6072
22301 15030 16338
22322 5010 35762
22360 16690 6881
22368 6430 52234
22419 15030 76538
22466 1860 54114
22532 15230 13057
22534 16330 20089
22536 19680 42515
22538 10020 53263
22547 14090 30347
22582 5010 84219
22598 15030 8332
22602 3410 1205
22604 9450 67971
22789 11050 28033
22790 5010 2145
22816 10020 41698
22822 14750 11251
22846 13940 16263
22855 10020 33172
22863 10020 62400
22920 5010 4853
22933 14010 79170
22953 17320 51445
22987 2540 61278
23001 10020 39875
23049 30 66205
23093 4730 87888
23102 8200 75309
23105 2760 43532
23130 16120 86162
23215 12910 36950
23218 10220 11246
23222 5010 38616
23293 9400 3021
23305 19710 20273
23323 10020 95073
23376 16900 66218
23383 5010 40074
23384 19030 57014
23403 1720 50963
23437 11600 5353
23533 250 84241
23538 130 7604
23588 15030 1382
23616 11750 17851
23669 6900 80274
23680 13250 45609
23710 12890 50760
23726 13450 99204
23793 18710 27249
23827 12520 50222
23906 5010 57162
23908 11630 11335
23924 17950 43710
23950 5290 95664
23952 14570 29979
24039 15030 54547
24084 8520 58420
24114 19600 96327
24141 10380 13806
24145 4200 33324
24194 15030 49504
24353 6720 57284
24364 16740 32384
24404 10020 10996
24442 15030 80298
24457 17130 77334
24463 6800 22679
24494 12410 19391
24502 3100 5760
24502 11800 35178
24508 9390 42053
24509 17970 49902
24535 5010 17716
24535 16530 13194
24545 14630 37975
24546 3940 94780
24556 12180 42253
24578 12120 16994
24606 5010 90950
24614 16760 39200
24636 1410 82274
24741 10020 59543
24747 10020 83433
24751 5010 99972
24933 15550 20294
24973 15410 14211
25013 18820 60208
25043 5010 89
25100 8810 58913
25114 7990 91830
25118 4180 44745
25137 4540 66743
25154 680 89437
25212 15030 12905
25228 10020 55590
25302 10020 58275
25313 15030 27294
25326 910 435
25425 5340 88356
25452 5500 94460
25521 10020 74234
25528 4300 88960
25556 15030 54328
25579 10280 45477
25588 6590 688
25685 5010 43641
25761 530 96997
25772 2460 67352
25799 10020 80400
25811 15030 41002
25818 10020 30247
25832 1620 96026
25833 12490 99130
25847 970 85406
25848 800 10005
25897 8670 66189
25975 15030 46840
25993 10020 86926
26012 10930 15921
26015 10020 32527
26075 13240 70535
26097 7350 43881
26121 4910 62203
26245 15470 14638
26390 1380 3013
26396 19540 86303
26414 16290 29400
26414 19860 44919
26496 15030 34605
26518 15030 61370
26583 2490 39041
26584 4560 51576
26592 7540 32949
26605 2870 80380
26611 5010 64349
26612 15250 40231
26617 16960 32277
26620 9570 94951
26678 10840 77928
26833 10000 91029
26848 5010 73978
26860 15030 56360
26886 10020 71823
26955 190 64061
27031 15030 88507
27039 5010 63232
27041 15940 89973
27140 300 15746
27167 18300 87471
27259 3540 16825
27347 10020 37045
27351 10370 39644
27368 5010 37721
27443 4850 29288
27444 2920 52338
27525 10020 92525
27586 20010 49482
27641 5010 79808
27668 6170 67522
27730 11710 4810
27739 10020 84520
27794 15030 86328
27836 17850 62460
27875 10020 918
27935 10020 18111
27951 16180 16679
27955 15030 39868
28011 18470 6257
28162 1650 13926
28170 14770 74076
28188 4470 11431
28346 11680 10467
28432 5010 55182
28443 11420 39525
28481 10020 52774
28482 19950 82487
28501 13550 95030
28504 6880 34239
28511 600 53128
28526 16730 1144
28613 15030 90024
28678 6280 82320
28724 18610 8557
28817 15030 2017
28830 14380 43861
28843 2170 74926
28899 10020 24722
28915 17470 3128
28923 240 91806
28935 2770 79188
29006 9880 45687
29043 10020 30830
29072 7200 7189
29075 7620 79352
29112 5010 51679
29125 15220 9391
29136 3310 35884
29290 930 51741
29300 6450 11677
29331 200 91255
29332 19590 45192
29350 5010 78877
29355 12540 73336
29374 10020 99442
29377 14900 71411
29419 16980 92001
29450 9810 25587
29466 10020 62063
29492 10020 3037
29604 13330 61805
29608 2680 70819
29622 15150 3686
29649 1140 78143
29657 8770 70786
29683 18150 97757
29715 15030 34618
29747 17560 61513
29790 15030 36373
29793 19530 59624
29834 19160 50890
29956 11620 1765
29984 5010 69056
30014 4370 8081
30047 18570 97184
30054 7790 94021
30056 16490 31523
30192 17290 78765
30217 10590 33354
30237 15030 25021
30299 6150 42050
30316 9120 338
30325 3080 64021
30370 4310 43364
30413 5010 69327
30445 710 6607
30607 12860 9929
30651 10020 40640
30668 19110 92823
30728 5010 68459
30783 18040 4996
30934 5010 18178
30935 2000 54414
30952 15750 48102
30989 640 39744
31005 7860 17958
31068 11990 91767
31231 17680 15030
31239 10020 10502
31279 2210 70708
31296 19120 56332
31320 370 62744
31332 5010 12787
31386 11530 42031
31402 720 1678
31478 19290 21681
31516 13000 61839
31531 6080 88600
31556 15030 39494
31656 9440 25583
31658 610 19988
31665 15030 35620
31684 15040 30351
31738 5010 34318
31756 10020 93095
31766 15030 36550
31783 10020 25149
31902 5010 42943
31915 410 85798
32091 5010 33378
32162 15030 77807
32166 10020 85783
32177 6070 30522
32204 10020 96280
32280 19330 56137
32297 19220 52484
32360 13760 9790
32368 15030 92224
32406 5800 17082
32428 4600 7706
32460 15030 90338
32514 6960 56356
32552 10020 33203
32560 3170 47943
32630 16950 19660
32650 10330 20274
32660 3890 8545
32660 10110 19562
32678 100 19974
32710 5060 20622
32771 9260 96259
32778 5210 36627
32934 11380 1185
33018 10020 13575
33039 17340 81094
33103 14950 86061
33143 40 71708
33147 4090 62332
33175 2380 96506
33178 10540 37366
33179 5010 64332
33200 1630 87155
33283 12270 28106
33301 10020 18626
33306 5010 84118
33362 10020 42479
33473 15030 82712
33491 19190 66596
33511 15280 5621
33547 10020 58951
33566 19210 85495
33677 8280 98481
33789 11280 96206
33835 570 752
33843 6250 28813
33853 9530 45540
33862 2160 62877
33881 10020 12214
33897 12560 81572
34013 14820 7635
34106 3150 227
34118 10020 21774
34127 18170 61906
34145 5010 44466
34152 5010 78621
34214 10020 19473
34225 3500 27665
34254 8890 57339
34275 990 74920
34303 10020 36781
34343 5010 99276
34379 5010 27995
34387 12830 6993
34431 3030 95783
34453 11550 72908
34508 7830 81860
34620 5010 13567
34636 16540 17188
34652 8320 71788
34694 10020 18153
34705 2390 81208
34707 15030 57601
34835 10020 14882
34856 18330 87443
34883 6370 26200
34919 10020 20020
34945 17440 56945
35018 15200 56819
35033 3520 75749
35039 5680 14298
35046 16700 41339
35063 7480 72273
35070 10020 14663
35081 3630 79178
35120 12290 56466
35187 13440 60676
35224 7690 80884
35225 18270 90620
35268 15030 124
35392 7060 38025
35433 19500 21507
35494 4980 21881
35511 15030 3106
35520 15030 10649
35560 5010 79413
35573 11940 44139
35689 10020 84723
35736 19090 19809
35748 5010 62775
35757 5010 47779
35847 18050 64982
35875 10020 55844
35908 14740 72734
35958 10020 502
35963 10020 86883
36022 10920 234
36023 15030 94621
36081 10020 78189
36084 5010 51434
36084 11570 69694
36121 15030 42813
36213 15030 16412
36249 17140 3490
36314 16930 29663
36318 1290 56689
36321 15030 60596
36426 4240 42800
36432 1390 15913
36460 5010 96643
36487 12750 87495
36504 8230 93867
36552 11160 86552
36571 10160 70805
36672 3660 47833
36865 5010 44476
36923 10020 21611
36953 15810 94052
36984 7530 83983
37031 4700 93338
37074 15730 39281
37180 5580 2674
37233 3160 80143
37246 10020 56120
37355 5010 99595
37368 12030 56353
37373 17370 17308
37421 16320 64823
37454 10020 88990
37484 19510 12115
37561 17580 86761
37595 2990 16772
37679 15090 84629
37786 12780 82589
37861 10700 27790
37875 14580 53677
37962 7550 40363
37980 5020 92024
38058 18480 45183
38101 3610 50101
38166 11390 69037
38183 2960 83694
38184 11510 7011
38194 90 46737
38202 2860 96976
38228 13340 81264
38233 11520 72783
38313 15030 88045
38331 2220 68705
38357 5010 1935
38431 2580 20089
38479 16650 69198
38491 9540 4866
38502 15690 64080
38505 17480 29642
38512 14720 12592
38609 3680 70100
38708 15030 75731
38713 10020 84961
38734 10020 56418
38825 3200 42022
38867 4170 81128
38902 15030 87266
38904 9960 88273
38919 12630 9876
38937 11980 16344
38941 7750 6376
38949 10020 80411
38990 15030 53776
39061 12400 95565
39069 1670 27964
39070 9950 71589
39202 3800 71769
39207 7410 33903
39213 11920 69349
39223 13660 20826
39224 17990 56279
39231 6670 83216
39257 15670 30819
39267 18120 67777
39274 9430 84226
39296 4380 63241
39297 760 1476
39321 10020 61170
39337 10020 41825
39373 13410 31120
39399 4250 23893
39433 5010 35421
39459 15030 46248
39464 7680 40118
39466 5610 19943
39525 15030 2178
39628 8410 78176
39672 15030 44067
39693 18360 40375
39716 15790 78781
39766 16100 17341
39777 15030 15215
39813 8460 10852
39831 15030 93993
39956 5430 67059
39957 8480 51110
39969 18920 7584
40123 13650 79738
40132 15030 85713
40150 6730 7632
40172 9700 35041
40206 5010 6641
40279 5010 33053
40279 6390 33463
40389 6760 17913
40397 6620 43866
40432 19940 3887
40437 3650 43610
40444 5010 74031
40452 18840 40493
40455 14920 13733
40510 13180 75229
40522 3240 16366
40570 11300 14062
40592 6060 77865
40598 5010 67540
40611 1070 73437
40625 15030 44665
40646 7740 69821
40648 10020 39741
40662 18180 44358
40691 5010 48563
40703 5010 96112
40738 14780 34446
40872 5660 11339
40995 17300 21791
41015 3250 92211
41026 2940 35809
41027 15030 71420
41123 5010 24700
41133 9370 10342
41188 10020 68538
41202 1470 27434
41212 3480 13667
41345 7730 44555
41399 10020 80992
41428 1210 94021
41441 5010 58543
41463 13480 32053
41473 6130 47941
41496 1230 15488
41510 14180 6707
41538 10020 83908
41543 12360 78571
41557 9130 50127
41573 17920 97838
41583 15030 49917
41612 15030 3199
41703 3810 15574
41800 18420 66379
41842 5270 92205
41892 5010 7506
41899 11820 64398
41916 15030 93853
41941 13970 86981
41964 270 47472
42170 1310 97472
42266 8530 86068
42295 15030 96047
42298 5010 40811
42309 15660 7831
42310 2120 49209
42375 5010 16145
42410 15030 83717
42430 10020 19388
42453 10830 31662
42484 230 67829
42499 15030 47055
42532 4630 85203
42555 3820 47585
42568 12700 20952
42662 290 9033
42677 15030 38379
42706 13910 91135
42732 12930 70147
42820 15030 4806
42868 13200 29987
42879 6500 46619
42894 14050 69388
42994 4260 17325
43068 10020 79113
43084 13980 70284
43098 12150 94487
43244 3230 94095
43252 17790 17178
43297 19430 18018
43304 13210 50183
43307 7720 53643
43334 5010 812
43368 18540 25802
43377 5010 85437
43387 11000 767
43444 11020 21248
43445 1840 98772
43470 7770 353
43473 19810 46625
43483 14100 53669
43493 20000 7236
43504 13840 10309
43519 5010 29807
43620 7300 76262
43621 15030 13872
43650 19050 94750
43702 15030 25853
43730 15710 17363
43752 2100 42469
43779 18580 14066
43798 9320 19168
43808 18410 53270
43849 4670 22268
43896 15030 83259
43966 16040 69563
44024 18900 92253
44073 15030 78550
44131 14530 30913
44139 8260 29622
44248 13310 86536
44280 5650 10479
44285 5520 25298
44290 5010 74314
44294 12570 44030
44311 1320 74019
44322 8620 99251
44345 10020 41498
44371 3980 87875
44421 4140 39395
44459 10020 30995
44466 15030 39032
44467 10020 82281
44474 10400 6914
44485 16170 29065
44576 15030 60809
44604 3450 15547
44626 15030 27715
44635 13730 90143
44718 12990 68783
44736 14260 53499
44774 17040 3392
44791 5720 83219
44794 12250 58868
44807 6750 46518
44886 16010 44625
44892 150 67859
44920 6810 39301
44975 7580 57572
44994 7510 69022
45162 5010 75952
45163 5010 12582
45202 15030 88391
45232 8450 19694
45259 11060 41578
45264 15030 40228
45291 13420 43113
45294 5510 7874
45294 16870 41409
45296 8910 33681
45303 3790 35367
45304 10020 57928
45335 5010 25777
45349 4770 48696
45399 17450 74053
45448 8710 59725
45472 13050 68657
45487 7630 97417
45509 9720 49807
45557 17610 87672
45580 8680 57985
45615 5150 36417
45615 6030 93823
45689 5010 29698
45711 12530 96890
45731 1600 21843
45829 12100 44172
45864 10350 44700
45899 5010 36375
45918 4640 6404
45931 1340 72490
45937 18560 68479
45940 5010 61931
45957 13060 91453
45981 7150 51299
46054 18830 58833
46110 10020 27789
46153 5010 11285
46268 3550 44970
46269 13670 44675
46284 2030 32067
46314 5010 46883
46354 10260 2988
46368 16520 83949
46372 5860 75180
46402 14520 17195
46462 15030 74050
46510 18220 74276
46556 19150 82710
46557 10020 39959
46566 10020 91047
46584 1160 80907
46590 10020 82279
46732 1640 9494
46734 15030 37298
46743 10020 20817
46773 15030 39735
46850 730 14333
46961 10020 43732
46965 16200 77041
47001 15030 91999
47026 5930 64712
47039 8510 86100
47040 9250 65114
47086 5010 88163
47118 10020 21371
47128 15030 52486
47151 15030 7971
47155 5010 83046
47243 690 41784
47270 5420 87471
47287 13680 60238
47297 4680 59345
47333 5010 74043
47348 5970 82434
47364 11250 58361
47366 11580 75502
47371 13380 38892
47406 2620 92361
47408 10020 76156
47415 18070 16320
47470 1090 39610
47494 5010 55254
47520 19360 90597
47534 4960 11902
47566 9560 73405
47595 15060 36069
47595 18890 64971
47602 2530 61605
47682 15890 29533
47704 5010 70640
47734 6340 41627
47752 6480 36865
47763 14490 95301
47795 2010 82444
47832 10020 33649
47903 11070 46966
47922 12440 56415
47924 15030 87751
47955 5010 6307
47995 15030 69896
48006 6520 36126
48020 15900 21550
48077 15030 74610
48091 11960 32183
48098 19960 99831
48164 5010 89774
48170 15030 45406
48225 11660 73588
48243 3340 38323
48280 170 97040
48318 3730 20369
48346 6230 74341
48370 11150 91821
48378 5010 84754
48421 13630 82786
48423 18590 37795
48446 3140 66657
48455 14320 87048
48461 10620 52874
48491 12310 92887
48591 15030 26776
48603 16890 65589
48624 5010 50776
48630 17080 51676
48701 5010 58103
48773 5080 11757
48776 2910 11681
48779 9610 46982
48793 7270 41899
48830 20020 64106
48842 11870 88308
48863 15030 82953
48865 10020 17174
48874 5010 3484
48940 15030 11582
48968 10020 60723
48977 9800 22317
48989 14460 16051
49035 18130 1441
49113 19320 99487
49131 10020 8243
49275 560 60548
49310 10020 39057
49313 3360 58284
49323 13770 94751
49334 1950 33400
49348 2230 65458
49361 10180 40699
49472 13990 35016
49506 10020 39289
49510 14390 47344
49512 7330 62137
49529 19660 89261
49554 15530 5902
49559 11650 47093
49562 890 55586
49581 14300 27294
49587 5440 77078
49588 13570 19730
49591 18930 93314
49640 5010 72488
49658 5300 26079
49715 10020 86681
49722 8120 61219
49727 17740 51354
49754 10020 85827
49761 10020 11140
49809 10020 51863
49840 13090 12004
49846 19180 78163
49909 8930 50655
49910 14550 96066
50004 15950 39035
50010 18640 11503
50090 10170 63849
50100 15030 67897
50124 18030 8072
50126 14540 24175
50140 16800 24453
50147 15460 3955
50162 15500 59790
50169 13010 98364
50181 15030 41766
50187 3770 50987
50229 470 49821
50240 17660 19199
50312 14510 4068
50319 15880 67954
50325 10020 677
50340 1870 26490
50342 15030 20943
50439 4610 55852
50442 15630 88768
50443 10020 593
50470 3070 52390
50474 2710 60486
50489 15850 16277
50520 15590 12574
50548 14730 85364
50663 15030 2689
50705 14470 9062
50722 15210 11150
50805 19550 35136
50997 15030 99127
51054 18320 85440
51146 19230 53915
51208 10020 74792
51249 15030 42039
51358 8030 12038
51387 10020 81995
51394 4820 3717
51396 15030 56805
51404 7960 68162
51442 13620 32757
51451 9940 17728
51465 15030 67640
51482 15030 51969
51515 10020 7237
51538 5010 41302
51548 11840 39035
51557 1980 44810
51558 10040 76955
51635 2610 81076
51635 5830 31264
51711 14940 58412
51793 18770 89259
51805 320 25506
51817 5010 15203
51912 18240 70510
51932 10020 53885
51956 3880 18842
51980 5010 2879
51995 15030 62596
52004 620 79383
52038 10600 93570
52116 15030 46493
52127 10020 22817
52163 10020 66492
52239 11040 17508
52318 5010 72723
52320 10020 68222
52399 10020 63658
52474 13070 55454
52483 360 69141
52510 1330 80993
52569 15030 64547
52573 5010 60347
52585 3710 92388
52627 15030 84348
52683 18730 95898
52849 10020 30589
52888 1360 10638
52889 16670 97172
52921 12840 94554
52935 17120 23319
52947 7570 67382
52982 11500 55926
52997 6180 7100
53007 5010 7720
53021 9180 64060
53041 10020 88194
53049 7400 59017
53051 280 90023
53052 15030 58220
53108 12020 44282
53130 18380 48295
53223 15030 8553
53264 6990 10334
53282 17600 17004
53292 7820 49528
53305 15030 21992
53424 13590 81847
53435 17500 42434
53448 10020 75877
53565 10250 3509
53595 17400 79699
53639 2930 9077
53666 10860 7579
53746 5010 98125
53760 10750 9877
53840 10020 2680
53863 9790 61040
53904 16150 27868
53911 350 66756
53953 16190 33918
53970 10020 40356
53992 2560 27258
53993 14910 34772
54091 12960 82551
54158 14370 6014
54166 5010 54314
54166 18910 40782
54207 5010 9660
54260 10020 407
54267 5010 99768
54297 14640 67710
54354 9480 20578
54388 11080 1638
54415 8740 51318
54497 5010 95404
54535 5310 6433
54540 5010 30446
54570 10020 4633
54601 9780 54861
54628 5010 63138
54660 10820 3103
54671 18740 75690
54768 8570 9942
54768 15030 49007
54819 10020 31909
54823 4020 78299
54835 10020 7100
54898 5330 7183
54901 13460 18186
54968 10020 90557
55003 16790 3960
55022 3510 45382
55124 9350 16761
55142 10020 19878
55195 8560 39435
55203 18750 8929
55229 15970 52035
55241 16420 31841
55262 15030 59117
55264 13370 72630
55311 18790 70889
55363 7500 38651
55405 15030 98372
55417 19440 55936
55452 5250 78730
55471 12010 75631
55493 16050 78370
55514 7210 77691
55571 16680 20547
55595 5010 92930
55622 8170 43931
55625 10470 73068
55640 10660 91274
55671 18760 33080
55691 5010 41318
55775 15030 51421
55781 6930 39688
55870 5010 30194
55899 8060 69005
55941 5010 90704
55947 5010 53347
56005 19460 77847
56056 5320 77823
56086 10020 75987
56142 6530 64804
56228 10020 43485
56231 5010 62614
56234 13860 1037
56263 10570 95061
56294 5010 52042
56300 15520 985
56405 10020 51231
56407 10020 60103
56430 9160 29137
56443 19770 48276
56449 14270 79762
56487 10020 74672
56492 15030 39170
56524 5670 5639
56533 2090 42689
56547 15240 51474
56573 10670 49932
56583 9770 34539
56689 14070 43931
56711 10020 11952
56725 13920 57057
56764 19560 72066
56768 5480 45749
56831 15030 24908
56868 10020 36544
56944 17770 73790
56955 15030 91795
56967 15030 59528
56981 7190 2713
57037 10020 53993
57127 5010 89895
57127 15030 50643
57159 5010 82656
57267 4270 51812
57267 7590 4981
57280 5010 33042
57298 16660 71374
57362 10020 18841
57371 11220 32288
57397 5010 63265
57404 17210 31211
57420 15840 1184
57441 10020 98590
57466 10870 90863
57469 1020 51342
57506 5010 81816
57599 12500 72520
57725 5010 54217
57731 15030 97569
57751 8350 98254
57760 10020 62219
57808 10 28998
57911 1760 46788
57931 1010 92033
57935 10020 26479
57984 3330 69813
58001 15030 43365
58036 10020 14438
58174 5010 87726
58175 5010 88923
58187 10020 91035
58188 4650 13440
58189 4760 86984
58192 7130 56353
58267 10020 269
58304 11900 22159
58317 6100 43533
58339 7880 5011
58359 8850 73200
58385 10020 54039
58458 5010 51333
58535 15030 74186
58537 9070 12835
58547 5010 71542
58558 3380 45470
58628 11810 7493
58628 13270 58442
58643 14040 14074
58679 19250 17208
58692 5740 75854
58794 5010 55696
58812 9930 7881
58864 6010 50072
59081 3570 89897
59137 15030 53652
59168 4350 80439
59176 810 18551
59224 6270 80118
59264 1080 29612
59265 15030 8635
59325 9980 36721
59344 11430 82691
59376 5010 44629
59427 550 34978
59431 10020 73397
59440 12260 78816
59473 15910 55055
59483 18680 98663
59502 13400 55839
59561 10020 12001
59579 15030 47217
59632 1850 66500
59642 13320 29515
59656 6490 17249
59673 3870 26058
59673 9080 35723
59674 10020 92450
59717 12620 10632
59760 6950 38725
59762 11130 31243
59791 15450 1286
59793 2890 69828
59797 70 67729
59871 10020 1770
59898 11780 93958
59921 6210 45110
59951 15030 8315
60032 18430 98665
60102 5010 7375
60164 4150 86275
60208 16460 23746
60261 14450 29258
60318 7360 76144
60320 15030 12433
60346 8630 24434
60440 13190 36696
60461 15030 55759
60470 18290 78772
60502 15160 35633
60503 19060 18407
60514 2020 78319
60514 15030 8772
60548 15030 22885
60565 15030 94560
60577 6560 55808
60592 4710 60158
60595 8370 43859
60597 9050 12137
60607 13470 74190
60630 1580 11197
60652 2820 83662
60663 13870 27262
60666 19580 67297
60672 17940 47176
60681 14560 17693
60729 12510 71844
60748 3750 12684
60799 14250 87031
60805 8050 38675
60813 10020 55537
60838 11290 93188
60928 5010 3871
60942 16070 53477
60962 19000 77723
60964 10020 20460
60965 780 37697
60970 6320 50754
61017 2500 41514
61103 1830 28807
61127 5010 80791
61172 17900 78885
61210 7090 47514
61245 17710 9995
61252 10030 4553
61270 11210 353
61320 5010 57788
61328 14860 91021
61381 4890 91906
61387 12040 48041
61429 4340 25083
61448 10020 8920
61470 15030 76776
61494 15030 49728
61500 13530 98362
61517 19870 9221
61546 11190 16633
61569 10760 62024
61594 10800 89629
61718 11360 34538
61719 19640 48054
61755 7650 91324
61782 10900 75808
61859 10020 44569
61859 15780 95409
61888 5790 7469
62025 10020 12819
62034 1520 11724
62071 15030 85373
62107 9040 20083
62162 15370 50705
62233 5010 81671
62234 10140 58296
62241 10020 11197
62275 6780 8015
62335 11230 64796
62390 540 49506
62420 9060 78312
62425 15030 59704
62426 16410 71152
62438 15030 1132
62472 5010 65905
62474 15170 43771
62597 1060 62418
62615 10500 40437
62625 4420 46874
62652 14200 12974
62705 12000 98088
62742 15030 55743
62749 10020 49583
62775 7490 49118
62797 580 59149
62826 9550 58982
62919 5180 51304
63041 5960 32830
63065 5550 60993
63070 14670 51056
63077 17550 18129
63097 4780 52256
63185 15030 14121
63202 8130 84157
63332 14800 80999
63357 8310 4968
63393 2060 12822
63414 6550 95017
63427 15030 62147
63473 19570 98566
63483 2980 33674
63512 4510 80414
63531 17830 83910
63547 2810 51190
63561 7390 36430
63572 5010 6183
63585 10020 78323
63602 14340 46518
63634 2630 81757
63654 11860 80065
63656 16080 14297
63684 10020 75226
63693 5010 62608
63720 19260 80479
63843 1510 9713
63923 7910 89940
63969 13750 16766
63985 10020 66419
64092 11480 35272
64098 17640 46928
64118 19650 25426
64196 9300 76721
64214 15030 54142
64220 10020 91464
64330 4750 3586
64352 15030 35741
64372 5010 93733
64415 7230 46235
64451 18230 69294
64475 2750 94038
64476 1480 80407
64492 10020 63215
64512 9210 67724
64604 15030 90601
64666 11350 4138
64807 2670 43277
64817 14350 98055
64826 7050 29273
64831 1590 14283
64895 14880 20472
64911 16260 54470
64918 12940 83605
64983 10020 48232
64990 11670 89628
65019 10270 56183
65100 5010 62518
65111 9730 25533
65150 10020 23433
65281 15030 24797
65310 17530 39060
65315 19740 13693
65335 5600 44036
65340 14480 25399
65424 8780 64780
65426 11830 67788
65436 16780 77607
65460 7220 86997
65462 10020 50006
65509 16990 95970
65539 11690 63574
65564 15030 18710
65680 14930 59444
65798 17980 98347
65838 15030 98396
65847 18510 21053
65858 5010 61075
65888 19670 39867
65928 15120 26492
66001 4500 74277
66021 15010 74178
66032 12680 95389
66086 11970 86145
66105 50 31666
66120 16020 71974
66153 15720 42233
66153 19830 3094
66159 4360 81482
66191 5010 19366
66210 5010 55677
66214 5010 69790
66232 5010 87263
66302 340 3593
66338 3000 28689
66364 4870 11188
66385 10020 85140
66424 15030 71061
66456 180 72047
66457 15030 59758
66472 3280 75496
66476 9020 17345
66586 12580 44526
66610 15770 52886
66692 6040 13040
66738 8400 19272
66802 120 47497
66840 10100 92682
66882 3600 21513
66905 8380 40986
66960 10730 15834
66971 9170 8965
66979 15030 62474
66987 15030 87880
67010 12870 33193
67035 10150 86506
67068 16920 87953
67088 3460 21430
67121 14610 48055
67133 10020 54454
67200 15030 93006
67237 3580 87263
67245 15030 75333
67292 380 73781
67313 3840 81950
67346 15030 4327
67422 15030 90431
67520 2570 30913
67560 13540 41149
67596 15030 29918
67654 3210 26801
67654 18520 753
67686 17390 88429
67690 1930 40892
67718 10020 71885
67744 5010 37255
67795 10020 44190
67826 10020 72035
67826 16850 9914
67856 19920 70208
67912 15030 45763
67933 4810 52186
67933 15310 1010
67976 2200 83149
68023 13520 65519
68042 4280 46788
68048 5010 28418
68130 10020 33906
68149 15930 2231
68151 14830 31982
68164 9620 54508
68177 12140 9834
68179 18850 89946
68236 5760 8126
68246 9910 98030
68264 5010 27742
68300 10020 6585
68351 15990 98729
68362 10020 15748
68453 16630 70674
68461 18500 48083
68493 15600 20348
68501 9600 41655
68526 10290 72484
68577 17670 49749
68580 15030 99178
68635 10480 72004
68643 10020 72622
68648 2320 8078
68726 9710 18615
68903 15030 19713
68910 11120 70006
68912 19990 20268
68973 15030 98679
69054 5010 42590
69079 10440 39059
69108 13600 58230
69152 16510 75938
69167 10020 73224
69168 15050 462
69175 12920 1058
69227 10020 99467
69276 6470 20142
69292 10020 46395
69312 15030 53827
69396 5010 75349
69413 15570 64589
69454 8210 8265
69462 12790 90959
69541 15030 90658
69548 15080 50854
69563 5990 83793
69566 10020 93732
69594 5010 54945
69607 5010 96645
69628 4330 29827
69694 15030 88980
69701 6410 95307
69742 15030 1024
69749 11400 48878
69757 4460 60282
69788 15030 17236
69792 5010 15494
69798 1820 44435
69815 4410 7822
69852 10020 41265
69859 11140 60003
69926 2650 94799
69941 3560 47555
69966 15960 80253
69988 15030 45569
70020 15030 43595
70040 5010 7334
70042 5010 83491
70056 5010 89330
70070 10020 42173
70096 8250 10335
70135 17620 48755
70156 5010 16253
70172 1700 28498
70185 12370 66746
70199 15030 3179
70268 15030 6862
70287 6400 39429
70321 5010 56608
70360 8790 68194
70371 19420 17905
70395 5350 45741
70449 5690 72489
70493 8540 61394
70526 5010 75215
70546 7760 19006
70559 17460 10136
70665 15030 86634
70698 10020 78852
70721 15030 80425
70738 16640 9388
70772 8640 75882
70822 15030 68222
70829 10020 29514
70839 2180 59494
70853 17870 30214
70956 18800 72989
70989 13040 59520
71001 19840 36802
71079 18870 31105
71127 8390 46492
71148 11320 43506
71206 1400 16312
71371 7250 85740
71376 10020 45327
71390 15030 45018
71426 10020 86582
71468 4450 8399
71533 9860 46204
71555 18110 86071
71588 830 22354
71607 17090 46024
71621 15030 852
71667 5010 18870
71692 3900 16495
71836 7840 10896
71840 5010 1221
71874 4520 23216
71908 19380 19612
71916 5010 94661
71928 2660 52815
72107 15030 60752
72125 11640 5736
72162 19490 72979
72165 12650 29819
72175 5010 24119
72200 4830 1164
72243 19800 64095
72248 5010 39530
72283 2430 64432
72326 15030 91061
72365 3290 32849
72366 18960 79746
72391 9670 29189
72396 5010 34799
72412 15030 30465
72415 10020 36687
72433 1690 63820
72519 3490 28126
72568 18260 5831
72570 10020 79273
72587 10020 61066
72591 3090 10008
72594 10340 60360
72605 10020 71545
72644 5010 59244
72652 7560 17400
72762 10980 93677
72835 15180 18467
72840 7870 21777
72869 16940 49892
72961 10020 96891
72983 8110 27828
73056 5010 43969
73092 12900 15515
73109 6640 59964
73169 10020 88186
73218 5010 9857
73233 5010 4431
73250 8600 74113
73323 390 39240
73333 10360 94652
73336 5010 22681
73370 10450 72989
73397 14600 32972
73416 5010 89239
73418 10020 76688
73507 4740 97703
73567 14310 7442
73581 5010 45095
73583 14030 65734
73689 5010 2838
73710 15030 61678
73751 5010 44619
73796 10880 71955
73831 5010 58549
73832 15030 46760
73888 10460 88076
73972 14870 40671
73976 10020 62912
74004 15030 24288
74024 7470 42097
74060 1970 48631
74087 5010 65910
74105 1900 86051
74113 10890 14746
74188 10020 27945
74191 3590 86844
74192 12590 64795
74244 10020 95707
74251 19390 53235
74254 4440 65285
74265 8940 56917
74280 12420 62636
74294 8440 80425
74300 5010 59471
74319 10020 36577
74396 10020 46403
74398 15580 50701
74511 10020 16946
74528 18810 99607
74557 10020 89060
74558 13080 52894
74567 10020 73674
74634 16250 77060
74639 17110 18995
74684 10020 17008
74684 17410 73027
74799 5110 70192
74799 15030 99779
74834 7290 83841
74836 2590 67215
74839 5530 77215
74840 6610 59655
74873 19410 81404
74892 10090 46264
74911 740 4135
75020 4950 69812
75133 1750 94227
75239 5410 49673
75243 5010 46370
75271 15420 21334
75303 11700 79777
75353 11330 91948
75361 5010 38040
75428 10080 76374
75444 3370 50722
75452 5010 33684
75529 17750 88851
75645 17310 49396
75679 2470 66434
75721 5070 11654
75743 10020 42318
75746 8070 2151
75801 15030 97513
75896 8140 60260
75906 10630 73844
75908 15380 92139
75985 12640 36613
76003 3960 90057
76052 15030 24574
76078 4720 80340
76080 5010 39733
76116 13260 85381
76139 5010 95642
76174 3690 96541
76258 10550 1900
76329 9900 2953
76372 17070 4971
76435 10020 98618
76436 6580 31725
76463 5010 30754
76502 5450 85262
76540 18080 14264
76559 16580 88945
76629 16370 39091
76719 8920 6008
76747 5010 26811
76765 12980 50087
76776 9750 79768
76803 13280 34315
76830 5010 91655
76850 850 42359
76948 14280 96939
76962 5010 83152
76962 8490 5669
76969 1420 42644
76971 2450 26122
76987 5010 98752
77003 15030 3200
77082 7310 92563
77111 310 54692
77122 15110 64494
77147 10020 30310
77167 12660 52745
77208 2410 46802
77261 15030 62561
77269 490 55886
77359 8330 43830
77412 12770 19423
77417 3060 37522
77420 15030 83419
77505 5010 60655
77509 5010 45542
77550 15830 98350
77560 10020 93275
77561 12800 81304
77579 5010 79907
77588 11760 6425
77644 18530 76259
77692 15030 51578
77718 13800 94510
77737 17760 71946
77762 11440 38889
77772 3930 99637
77884 5010 95430
77917 5010 50085
77917 16310 57712
77919 5010 5828
77922 15030 68623
77972 10020 75029
78015 15030 57954
78045 20 54437
78113 10020 75022
78172 2310 23662
78206 15030 94877
78237 9890 43382
78253 9870 18150
78291 5950 53485
78333 10050 99491
78355 5010 73392
78371 15030 20996
78433 1610 5377
78441 16300 31866
78485 5010 33815
78523 1280 66168
78532 15030 74562
78539 1990 24984
78564 18940 81259
78663 15030 18262
78714 1540 4672
78715 4060 58973
78840 10020 25250
78856 7450 20355
78864 5200 91682
78873 17190 5564
78936 920 96958
79002 5010 73906
79066 15030 2718
79093 5010 29285
79144 5010 1063
79167 14500 67342
79179 15030 36077
79190 15030 20954
79214 3920 58675
79302 18140 25066
79331 5010 14857
79334 8470 67017
79340 3970 90544
79361 8090 98297
79388 15030 94197
79449 19890 92916
79453 14150 1420
79457 60 14942
79496 2970 85716
79584 11490 64595
79604 9580 86334
79730 8610 30336
79737 1100 4532
79818 19480 73283
79858 5010 49468
79936 5010 59394
80174 5050 56004
80181 5010 29359
80199 10190 60969
80250 15030 20522
80276 19010 54580
80355 12610 7545
80412 13170 58655
80435 820 42120
80523 15030 81275
80621 5010 5797
80621 10510 87824
80642 1430 54903
80664 650 71427
80668 2370 41688
80755 10490 24957
80763 19610 77575
80811 10020 20323
80837 10020 57388
80847 9680 86370
80911 15760 81490
80928 1180 35168
80948 9360 77232
80958 10020 16793
80967 16000 90753
80978 5400 14117
81090 15030 74164
81104 5010 52110
81154 8720 69281
81209 8700 98072
81283 2250 54699
81316 9590 71650
81349 5030 79598
81358 10020 19425
81371 10020 17694
81392 1530 9647
81455 16720 36070
81465 15030 6077
81521 13220 15484
81556 7640 73684
81628 5710 42209
81660 7460 94539
81683 2270 99325
81760 18370 75452
81877 15030 49708
81950 6240 42341
81996 5010 87258
82002 3740 88830
82032 4580 71039
82173 18340 59204
82214 17380 65788
82226 7100 60010
82290 17330 9565
82353 15030 76835
82387 12600 54083
82402 12320 94085
82445 19080 58033
82474 10020 41838
82561 10020 39791
82589 12240 80901
82616 2110 13042
82712 18660 42659
82717 5630 13464
82738 2420 88659
82740 10020 10353
82828 5010 67271
82839 18720 37059
82881 10020 37967
82896 6890 4293
82913 6910 60309
82934 5620 7288
82985 17220 67351
83012 18490 32477
83021 8160 53343
83160 8300 55081
83279 10020 47104
83315 14840 90085
83325 19470 24759
83347 1810 94683
83373 10910 20815
83425 5010 13920
83498 3390 71152
83553 13350 13068
83554 15330 23717
83644 16810 26222
83655 8860 66688
83668 7000 53289
83669 5010 30958
83670 10580 6925
83677 12230 99812
83704 15030 10009
83705 10020 27936
83705 11930 80423
83741 14710 89324
83755 3350 48398
83761 8290 41317
83785 15030 61291
83796 8880 79019
83796 18670 66734
83821 5390 12403
83843 11030 74582
83852 2730 95352
83881 10420 27225
83910 5010 70975
83919 10020 42795
83927 1460 11095
83966 5010 62299
83968 15030 98971
83996 15030 99706
84028 1040 78163
84057 16400 39734
84103 9470 4473
84138 15030 41950
84152 16480 54523
84153 2070 14167
84197 5780 23520
84248 15030 73024
84271 12300 28403
84343 5010 97215
84434 5010 32760
84451 8010 26741
84525 2330 45816
84574 8580 25280
84636 10020 18430
84702 4900 53097
84757 5010 9304
84801 5010 8761
84828 2640 12760
84843 7020 57428
84855 10020 37728
84862 9100 89916
84870 2900 53591
84885 5010 11548
84912 5010 78050
84922 7710 744
85028 8150 86365
85056 15030 45154
85092 16560 83341
85115 15030 21517
85117 18970 8083
85150 3700 3082
85165 5230 61534
85166 5010 91195
85173 4880 9828
85174 14210 20437
85194 15290 27210
85229 870 29448
85242 15030 74833
85274 3050 16226
85305 15030 49512
85307 6440 85293
85351 17880 67228
85441 10020 52953
85464 6860 5740
85481 2130 48806
85493 15030 57608
85602 5010 37973
85897 10020 99259
85899 11540 35766
85923 8040 97172
85995 10020 59211
86003 140 37534
86061 10020 47747
86111 7380 16491
86168 15030 83085
86244 20030 91051
86267 5010 93113
86284 6940 1853
86288 15030 14933
86394 790 15611
86403 11340 92331
86456 10020 5259
86489 950 50320
86528 4290 20639
86534 5010 57688
86573 5010 6431
86576 15400 19910
86578 5010 30903
86578 8590 2499
86605 5130 3852
86725 11720 88124
86746 5010 57434
86825 19310 82283
86830 15030 87845
86834 3470 58873
86846 5010 37123
86856 5730 10319
86950 13880 20052
86973 5010 55573
86990 5010 32432
87069 3910 28865
87078 15680 86910
87092 5010 29985
87092 15300 13276
87157 7340 84794
87157 12740 67058
87166 10020 43224
87171 5010 41307
87190 13640 83988
87190 13960 91828
87205 10020 34558
87251 2140 17069
87294 15030 70063
87312 5010 34399
87353 5010 43218
87357 2290 85250
87369 13950 20462
87371 16770 37606
87403 3420 98604
87413 8550 12979
87439 5910 2668
87460 4790 46060
87510 15620 26246
87517 5010 9048
87573 6510 75216
87600 9760 97783
87663 19980 82746
87700 8020 39287
87776 7170 76732
87778 14240 37162
87824 12450 30176
87857 10020 44051
87876 3270 3690
87901 5820 72482
87943 5010 15803
87978 10020 26548
88005 5010 23003
88006 19820 74827
88010 15030 62795
88016 10020 2909
88052 15030 44198
88087 10020 13841
88143 18780 25794
88173 1940 82581
88173 19020 34218
88218 5010 83136
88219 1550 8459
88241 15030 34079
88255 2280 37802
88296 18450 6469
88335 7850 63324
88336 9010 53023
88383 9500 46955
88387 18950 53497
88421 10020 38372
88448 5380 8724
88507 6380 6042
88608 840 53989
88653 10020 10170
88663 17810 43897
88676 1770 83954
88695 3320 1970
88773 10020 81895
88790 14680 68049
88795 5010 98766
88809 18980 60428
88827 420 6958
88832 17200 94409
88925 10020 22274
88985 11450 91151
89008 4930 74798
89020 16350 12281
89027 15130 60849
89059 15030 28094
89063 7900 97124
89074 14170 12379
89104 5470 61534
89137 5010 64332
89178 13130 91633
89192 14790 95130
89207 15650 25000
89312 5010 81484
89427 13510 73999
89464 10020 37218
89473 17420 74418
89474 5540 49058
89535 6570 72038
89537 10020 10180
89576 460 84518
89622 15030 27811
89677 6190 56250
89685 1130 3062
89686 5010 6998
89723 5010 98203
89777 17350 48100
89827 15030 7667
89905 2300 68658
89921 9150 53269
89926 14430 7115
89928 3040 60952
90068 13780 91864
90074 7600 26934
90094 10720 33923
90099 19910 65672
90121 5010 68492
90125 1800 69985
90139 3110 41466
90154 14410 44786
90230 14590 74874
90234 5010 8353
90252 5010 88967
90314 10020 88827
90385 15270 97685
90646 12170 82098
90684 3640 56411
90702 10020 92777
90844 1240 75715
90854 7080 49763
90886 9630 49038
90889 9490 15739
90926 8100 63660
90960 15030 9982
90971 15030 38471
91030 5010 47776
91039 15030 88286
91063 5010 87649
91072 14020 97565
91078 15030 7808
91088 880 71173
91108 15350 35510
91130 8500 1804
91134 15030 18202
91235 4860 10413
91279 15030 6037
91288 17160 66164
91294 10020 84355
91297 9240 68794
91318 10020 91302
91324 5590 59181
91338 16590 16547
91367 12110 58384
91388 3400 38158
91446 2440 39264
91460 10610 7647
91476 10020 91967
91532 6090 4629
91553 510 61025
91557 17230 40683
91565 18630 26443
91625 15030 6778
91628 5220 91494
91700 15030 85310
91703 15070 77030
91719 14190 71738
91731 15030 79551
91743 7260 16019
91874 2340 88419
91879 15030 32213
91906 2550 45332
91916 12210 78768
91927 7110 74560
91935 9030 9083
91955 5010 51865
91983 1890 64383
92080 15030 22466
92139 15190 63558
92263 4040 67202
92328 7920 1214
92377 10020 90323
92424 10020 18391
92474 10020 69220
92477 4100 31460
92561 5010 86710
92572 8730 83809
92589 2350 852
92631 8830 3221
92662 5010 43932
92697 18310 44248
92714 10950 34678
92736 10020 64092
92791 11910 77299
92805 10430 84771
92843 17510 73771
92844 15030 68936
92922 10020 6611
92963 5010 98155
93001 10020 18034
93043 7240 58573
93048 16130 82385
93049 2690 21515
93058 10020 2063
93063 10020 32871
93076 15870 42219
93081 5010 55646
93088 10020 78954
93105 6820 18981
93184 15030 17675
93220 4620 49632
93222 1260 9761
93243 10020 18509
93301 9110 59688
93317 13390 53172
93383 10940 26312
93384 9690 11073
93419 12690 90506
93553 16110 42141
93613 11180 90947
93644 9460 10516
93676 5010 815
93700 15030 5255
93717 15030 83557
93736 10020 21320
93852 3860 2508
93852 11170 3386
93897 11090 92962
93987 15030 1980
94096 5010 12717
94152 4400 66329
94213 18880 18141
94220 10020 16949
94253 18860 91725
94312 10020 10715
94326 10410 24316
94362 17820 85199
94430 2840 89952
94500 10020 99989
94503 15030 1111
94509 660 56001
94512 15030 19554
94540 15030 82090
94545 5010 63554
94652 10020 22716
94735 15490 28887
94736 11260 98881
94776 4660 25477
94800 16710 89219
94802 15030 29210
94816 5010 39102
94837 17730 66147
94848 18000 22315
94884 4990 91860
94898 14960 73144
94899 4940 38557
94950 4130 26617
94976 5900 46544
95052 6540 68160
95093 9410 49691
95184 4210 29970
95194 5040 8497
95230 17010 68013
95275 14970 833
95285 19780 81617
95311 2700 8399
95347 19620 41680
95418 9840 60268
95442 2260 82111
95450 10020 55160
95458 9640 98967
95522 14120 49145
95529 15030 80228
95533 10020 72537
95537 13290 63231
95588 10020 45957
95600 5010 766
95609 12390 65899
95670 5010 3293
95686 16500 69758
95703 6330 70538
95725 7370 19978
95766 6770 2993
95801 15030 93570
95822 10020 61728
95827 5010 26292
95851 13150 66786
95880 10020 90942
95935 5940 19032
95967 17540 91779
95997 5010 84855
96047 16620 56879
96074 6050 55758
96091 16390 79291
96093 16860 70858
96200 15030 66730
96272 160 90224
96274 15030 5519
96283 11890 93108
96337 10020 35313
96389 15030 24601
96402 10850 13895
96410 6360 46024
96434 1170 14455
96446 8990 11678
96449 5010 50995
96461 12720 83574
96466 5120 78828
96487 7610 41065
96562 10020 66924
96570 14290 86990
96611 5770 21029
96616 210 43792
96630 10020 77042
96676 19240 40599
96686 10970 61403
96689 5010 70249
96731 10020 56373
96744 8430 36516
96791 10060 10004
96796 4490 95013
96802 17890 95704
96830 15360 31609
96837 10560 56691
96851 5260 73338
96996 5280 11557
97022 7280 73593
97098 5010 92579
97158 18600 84794
97168 5010 50340
97240 14660 5935
97264 17030 14966
97275 5010 4510
97289 1960 97663
97325 3440 73608
97538 17690 89128
97550 5700 79984
97599 15030 7058
97607 10650 54094
97640 15030 30899
97692 10020 78722
97729 10020 92735
97785 3190 80730
97797 15030 899
97825 15030 33752
97974 1450 34546
97980 2830 60689
98018 1370 14210
98043 14440 38827
98071 4050 52267
98146 15030 86092
98150 13580 34154
98156 10810 57201
98242 5010 8286
98271 15030 19479
98273 1110 13433
98312 15430 20395
98368 6660 19178
98375 13500 42444
98419 10780 98116
98471 5570 1540
98474 8980 87992
98476 1440 29665
98510 6300 54695
98524 1300 34985
98524 10240 15845
98524 16220 15506
98535 670 72559
98537 5010 59487
98545 4550 27032
98546 12880 69975
98574 5010 27093
98596 11770 4184
98620 5810 81270
98636 3830 93191
98692 4000 53222
98698 14850 53757
98705 5010 5206
98725 9420 56288
98785 13560 75322
98830 10020 53022
98845 15030 68815
98888 19750 28360
98907 15030 64231
98924 15480 75329
98950 8750 59548
98968 10020 48935
98981 2150 39856
99070 5010 99618
99078 6460 86352
99087 15030 44492
99093 12380 68486
99126 5010 53331
99127 14620 45519
99132 520 66164
99137 15030 53210
99147 15030 70384
99193 8650 50712
99218 750 95399
99355 5010 25221
99356 10020 65912
99409 8870 84829
99415 10020 2010
99463 10020 69051
99472 5010 56734
99481 10020 50038
99484 5010 7049
99496 10210 86689
99561 1250 32069
99624 15030 98947
99654 15000 30109
99658 1660 88642
99709 9990 66667
99738 11410 83949
99745 15030 4590
99783 4010 55593
99784 7180 92004
99788 6220 2494
99792 6870 89241
99833 10020 19591
99868 15030 80570
99878 10020 61723
99915 10020 6181
99927 10020 773
99947 13030 41091
99985 5010 86781
