3000 10000 18752 54552
84 3340 34006
141 3340 53036
146 8060 82775
225 8340 33762
269 4540 6152
273 6680 6316
298 100 11157
528 1570 37658
568 3340 2828
596 4620 66530
612 7810 60826
656 3340 74565
879 5840 90701
896 5480 30768
897 1970 81643
1009 3340 15383
1031 1280 14541
1095 6680 44104
1130 5760 26028
1175 3340 96715
1225 6680 22104
1234 3340 58144
1234 8390 9412
1305 7120 31677
1306 9550 32789
1347 6680 84235
1351 5100 95241
1356 6680 96304
1428 8530 30327
1475 3340 17309
1483 3340 24111
1498 3340 48252
1531 9790 75922
1541 1790 93186
1583 7990 22798
1605 3340 88983
1621 3340 80806
1626 6680 61731
1640 1800 64482
1673 8710 43442
1765 5640 49951
1833 7760 53024
1861 6680 84542
1865 3340 82817
1916 6840 60936
1930 8410 86267
1938 6840 3039
1945 8950 6978
1998 3340 28023
2034 7660 14074
2074 8670 50218
2090 3750 7557
2161 3340 76313
2172 8440 5239
2248 7480 74533
2280 3850 37873
2344 5490 75569
2361 3040 92154
2478 6320 22221
2480 1420 69706
2515 230 66421
2516 7050 48173
2541 6680 46772
2544 760 37120
2637 3340 83646
2675 640 56695
2680 8970 14122
2759 2150 26407
2763 4250 54459
2796 3340 48613
2816 1960 35449
2950 9580 22174
2954 630 1670
2991 1550 61666
3062 5750 81713
3068 1070 35605
3147 6680 86722
3197 6680 88970
3247 200 38941
3301 3160 44214
3308 3340 82449
3354 7790 94089
3372 4140 94287
3400 5660 64665
3420 3340 45382
3555 900 30092
3564 5970 59477
3581 1160 60629
3591 6470 53119
3643 1220 77814
3653 6680 16976
3675 6030 55125
3684 6680 24675
3710 9740 91445
3756 6300 43130
3765 6680 97956
3765 8240 48113
3773 3340 73825
3779 7830 47139
3829 2120 54906
3877 2280 71662
3891 70 3284
3899 6450 7679
3901 6680 65170
3908 820 92589
3922 5190 64738
3924 5700 162
3994 6960 61161
4103 3680 98741
4133 5580 46367
4155 3340 3599
4180 2920 47750
4207 3340 62698
4214 6680 77174
4220 3290 95141
4233 3340 17379
4275 1840 61730
4283 3670 97624
4324 5590 67922
4337 6680 95526
4358 6020 74484
4372 3340 91042
4374 6030 74557
4422 3340 79563
4454 2550 90616
4457 4660 17589
4529 5390 36216
4547 3340 58937
4623 8440 99889
4682 6670 18504
4695 5590 77126
4783 6380 30991
4818 8110 42827
4854 2500 71711
4880 3340 41574
4883 1430 43050
4890 410 13228
4951 3340 46425
4988 6680 11189
5003 3520 56060
5004 3340 44739
5023 6360 5375
5065 6210 85665
5159 5820 68861
5166 2770 86611
5326 4210 94452
5348 6530 90824
5358 6680 16828
5474 6680 33877
5502 2660 68085
5562 6080 34084
5661 5890 42688
5691 6680 23327
5699 6680 34797
5707 7610 60138
5711 3340 34838
5730 3340 34878
5736 8520 65299
5740 430 35802
5756 3340 27707
5771 1370 63576
5773 3340 25986
5838 10 84102
5880 7910 72796
5889 5680 60112
5923 3570 62862
5953 3340 47888
5966 6680 35512
6006 6680 93662
6012 3340 96665
6171 9560 39742
6173 9370 65110
6177 5110 84517
6232 1360 97066
6266 10000 32990
6357 9970 12617
6429 5630 72222
6463 5730 27385
6495 6910 1629
6531 5430 57893
6533 3940 79817
6686 8100 71117
6694 2490 86917
6724 3340 32983
6729 5060 78632
6734 2040 84351
6745 8760 28516
6842 70 47222
6897 3340 9471
6968 3340 32806
6992 5340 59327
7013 6680 66172
7038 5940 56524
7089 6680 2826
7180 4650 7336
7187 3340 36619
7231 6680 87567
7285 2710 82047
7315 1510 63577
7331 760 59141
7398 6680 19113
7401 3090 28573
7418 6680 19387
7434 4810 72105
7469 2450 87238
7469 4870 83674
7492 3340 53598
7506 6680 23929
7511 8430 64607
7539 7980 68611
7549 3090 83822
7553 3810 38048
7587 6590 2035
7617 5630 49137
7679 1160 1858
7714 7370 49390
7734 60 29816
7763 2120 31878
7783 6680 16050
7787 3170 40277
7815 1430 96226
7821 8290 29947
7850 8060 59434
7913 2720 71441
7986 3340 96213
7999 3340 82518
8093 4790 17005
8105 3720 31481
8143 310 14293
8167 3340 43385
8209 440 44190
8267 2990 19358
8280 6680 46826
8282 6680 27228
8296 8430 53016
8327 2730 61062
8338 3340 39233
8349 3340 45580
8358 3340 13073
8366 4610 10415
8461 10020 15597
8466 6680 62866
8473 3340 43916
8568 800 23319
8572 3820 90114
8581 6680 36969
8683 7670 25593
8696 5370 5761
8715 6680 33145
8716 6680 10739
8742 6680 48335
8774 3340 63406
8820 5050 64471
8913 8750 44431
8927 430 74100
8957 3340 95174
8962 740 95701
8982 6980 38081
9004 1600 89969
9143 4770 19015
9150 2820 10912
9180 2890 30005
9222 8900 82489
9278 230 61728
9290 2010 84551
9298 3340 27040
9331 6680 71237
9339 9640 53645
9381 6680 32778
9434 1920 64432
9452 6680 79882
9461 490 25296
9472 6680 41411
9477 4990 29397
9492 2810 98604
9521 4550 25018
9545 5460 76705
9702 2320 74573
9775 3340 70752
9788 3340 18935
9831 6680 53955
9832 3340 89686
9937 5830 65211
9994 9390 22981
10026 6680 68227
10036 1540 31637
10047 210 20185
10080 3060 17303
10128 6960 9211
10196 9610 16972
10213 3340 19647
10214 6950 59225
10261 3470 61861
10273 6680 94652
10288 6680 73090
10348 3340 99437
10370 6400 74820
10389 1800 93678
10397 3340 44837
10442 7290 5995
10468 3340 16394
10502 8300 35178
10529 3340 19999
10534 9730 53251
10580 5410 53571
10654 9050 26647
10700 7750 97718
10726 7510 34377
10770 260 70198
10842 8750 13416
10844 730 44516
10869 3340 36118
10940 380 40668
11013 6680 10838
11051 3340 86485
11200 1010 70693
11247 3340 76894
11363 9880 58200
11412 3340 55598
11416 5980 72232
11460 3340 10608
11476 540 40673
11490 6680 18521
11532 9700 21193
11540 6680 33282
11611 3140 61329
11707 6680 41014
11713 460 96404
11733 7980 6034
11840 5800 40588
11963 3340 64591
11967 3340 51532
11993 2630 37789
12032 3340 85971
12045 8210 81174
12121 9400 38116
12186 2220 98876
12244 9000 36849
12286 3940 26979
12309 6680 61817
12347 4060 25175
12405 1230 88265
12419 8570 19304
12506 3990 15116
12507 6680 28985
12513 6680 91538
12579 650 43925
12593 2780 98533
12702 6680 10641
12725 3340 23968
12739 2240 35337
12757 2880 40252
12784 4450 24127
12789 7930 19810
12839 3340 85019
12841 2000 92067
12844 3340 61351
12885 1870 84391
12938 3340 88647
12949 6680 62314
12994 920 39988
13003 7820 57670
13040 4900 10448
13049 4360 35870
13053 8930 18414
13066 6680 97500
13103 3340 87708
13114 3340 19794
13138 9500 17003
13191 6680 91049
13213 6680 54150
13226 9440 47718
13239 1970 44549
13243 3340 92449
13321 3480 60483
13357 750 69132
13369 1250 41752
13478 3340 42518
13494 8010 93721
13517 3340 28502
13520 3480 43356
13523 6680 39002
13533 8170 27869
13542 9890 71686
13545 6180 99095
13587 790 74225
13605 9320 12868
13665 6680 44881
13669 6680 93957
13704 6730 30742
13710 3340 36238
13766 6680 34371
13772 8830 86975
13818 1300 59435
13878 3650 24507
13894 3340 50702
13992 3340 15273
14021 6680 33423
14040 3340 2891
14065 2500 33995
14097 6680 83693
14171 6680 11801
14192 6680 50765
14217 4930 38801
14224 3690 58126
14242 3340 35474
14284 510 13911
14322 8420 37559
14343 7070 20240
14351 2490 44207
14367 1700 29660
14407 3450 10471
14443 1380 55822
14481 3270 72632
14499 9800 59747
14518 6680 4980
14556 6680 56094
14681 5220 33164
14704 3340 3144
14743 1460 96109
14746 6680 94056
14759 3340 21470
14759 4620 31080
14761 3340 70568
14765 970 79296
14792 6680 80230
14817 4230 25240
14830 9460 50525
14881 6680 17601
14882 3340 76601
14932 3340 19430
14942 8810 66434
14950 6390 88944
14953 3340 59246
14972 5780 6664
14986 6680 98050
15007 3340 27244
15013 8120 77132
15032 720 10824
15048 5170 64727
15094 1170 43423
15098 4030 77295
15114 3190 29664
15128 7700 89344
15157 3340 25726
15212 4060 52935
15305 8030 64433
15415 600 34890
15429 1740 55776
15438 6680 58031
15458 730 59291
15475 6680 33633
15560 6680 25538
15606 7410 9845
15609 3600 29644
15627 6680 74661
15684 4650 98064
15703 390 70842
15719 3340 48488
15738 8380 70581
15757 8650 90789
15763 9690 20028
15776 4280 57129
15785 1710 65552
15868 6680 55334
15874 3340 60307
15908 6680 71781
15946 6990 18862
16013 6680 7327
16142 3340 92515
16171 840 3707
16191 6680 20739
16192 6680 89678
16226 3340 16847
16240 1810 94945
16248 6680 51624
16321 3340 68162
16365 6610 86952
16390 6680 98681
16428 7890 8988
16454 6680 86320
16494 3340 54284
16523 3340 27738
16558 3400 34411
16577 1090 50087
16712 3820 80451
16753 8960 99660
16781 140 62271
16787 9140 26824
16876 7660 863
16904 3050 56370
16925 3640 43100
16985 3340 85073
17005 1400 15606
17051 3340 78109
17066 8720 82615
17071 6680 94225
17096 2310 56603
17142 6370 74375
17170 5610 2174
17171 3340 25939
17191 6680 1446
17197 3340 91500
17218 2170 58537
17251 3340 5528
17438 6680 885
17448 6680 44127
17474 7860 59499
17480 3830 22576
17492 9760 91823
17500 6680 19790
17522 5120 39762
17523 8980 78259
17537 3340 70731
17629 3340 12449
17650 3230 95021
17665 2800 42797
17667 3340 20951
17697 6680 22463
17710 1660 23932
17719 5300 31851
17728 3340 17075
17729 3980 56952
17760 7450 85713
17775 3340 6186
17854 6300 88143
17878 6680 41251
17899 3340 60760
17914 3340 3498
17915 3340 96454
17934 410 42883
17968 8410 54039
18030 6680 76128
18090 6680 80250
18092 3340 66069
18108 6680 6973
18146 3340 10732
18185 9730 4305
18189 6680 12927
18281 9050 23543
18300 6680 20593
18316 1990 55149
18318 990 29029
18347 4740 55606
18355 3280 45835
18356 4130 51689
18382 6040 32152
18397 7150 41768
18423 1130 92512
18466 1770 46995
18549 9200 24721
18577 5210 12731
18582 4760 19766
18604 1950 82702
18625 6680 3008
18711 6980 24019
18712 3340 93028
18748 2730 3646
18808 9590 72629
18852 1240 21811
18852 8910 74234
18860 3340 9380
18861 6680 64227
19009 3340 23696
19032 4730 85153
19052 6680 60571
19079 6370 81783
19140 4570 375
19141 3340 76274
19176 6680 73426
19212 3340 60649
19257 7000 62009
19267 2310 89722
19298 8510 45212
19375 3860 58751
19405 3180 30498
19419 1490 72729
19480 6680 37747
19512 880 33799
19521 2060 30285
19531 3340 87818
19540 6680 14822
19632 4210 38470
19705 9980 10568
19796 7170 9087
19807 1460 94936
19858 3380 31435
19877 3340 41100
19892 3880 4682
19908 3880 70666
19950 5310 62379
19994 6680 442
20014 1750 22621
20027 3340 74853
20082 3340 31991
20133 8970 90576
20179 6680 26204
20228 3650 22281
20261 7060 99173
20265 5780 46003
20268 3230 3654
20336 680 98403
20354 2330 40396
20380 4250 48871
20402 7440 44842
20407 6680 13709
20415 6680 77520
20422 3340 5347
20431 1380 75357
20507 6680 48124
20533 6680 6606
20536 7760 66926
20554 9340 28110
20599 4920 81886
20615 6680 93980
20650 3340 76969
20656 6680 26843
20659 6680 67755
20738 7360 21813
20751 6680 5226
20810 3340 31289
20830 3340 39445
20858 3430 61281
20865 5040 35007
20866 7500 65106
20927 2480 63888
20949 3340 3634
21010 4520 99489
21055 4300 41734
21188 9240 58730
21198 6230 89654
21228 7050 31880
21285 3340 85380
21336 3340 1771
21345 4000 46296
21411 6680 8684
21420 3340 89808
21426 1100 14394
21689 6680 26658
21774 7080 90475
21801 4290 53991
21887 3340 3091
21945 3070 89264
22033 6680 90327
22059 6680 97975
22094 6680 40776
22215 2240 63873
22280 4470 11871
22330 9250 68703
22341 6680 15186
22367 8820 35304
22371 6050 9850
22447 2350 51234
22482 5720 78469
22491 9780 58181
22495 3340 46330
22508 3340 36597
22525 2420 50625
22529 4680 88806
22542 3340 38380
22547 3340 1420
22664 6680 22597
22759 2290 47649
22799 3640 29439
22830 6680 3598
22859 6680 12554
22910 1730 11312
22927 3340 31006
22950 8820 94288
23030 7300 49705
23064 9750 92120
23073 3840 14766
23096 6640 55980
23118 5280 9141
23148 770 47963
23171 4590 51223
23205 8530 62042
23244 6680 56860
23271 6680 42499
23310 3340 73922
23310 9160 27378
23323 9760 25154
23360 3340 95314
23446 960 88315
23450 3340 63096
23451 9290 32842
23488 6680 48307
23504 5980 87879
23559 5620 69944
23559 7430 14057
23609 6680 9355
23645 8210 85521
23787 3340 62419
23847 3340 42402
23854 5360 30338
23893 7040 89696
23898 3270 18980
23936 6680 86331
23957 6680 61328
24016 3340 88525
24094 2740 73333
24105 3340 80691
24106 7100 75596
24147 3020 55993
24210 4260 12373
24266 1830 35883
24325 1690 27328
24455 7030 16640
24559 3340 68703
24563 8230 19335
24676 6810 27378
24704 6680 56417
24738 6820 96473
24803 3340 88505
24813 1850 84896
24820 3340 57517
24826 4990 45930
24902 9380 31236
24914 6680 89890
24957 7260 55586
24963 3470 73194
24976 5350 2282
24982 4880 80010
25008 6680 38986
25032 6680 10475
25043 6680 64398
25101 6630 72333
25104 6680 50268
25134 6680 92662
25157 3340 19643
25248 4160 65993
25263 3340 72263
25325 7390 61195
25348 1640 85053
25390 3000 40747
25394 9940 53176
25403 3340 87336
25434 8020 37112
25576 6680 57476
25595 3340 23943
25685 6680 2023
25710 110 67913
25736 3340 43065
25753 1480 51345
25766 400 40799
25767 5060 53400
25794 6680 29843
25850 150 2736
25855 2580 44177
25855 6680 67026
25899 3340 36553
25920 6330 21411
25934 7150 25215
25944 1520 94627
25945 8830 71183
26040 2050 73856
26056 5180 90996
26078 8360 64193
26093 4100 54765
26189 1870 16698
26218 1890 28179
26233 3310 17339
26233 9340 3329
26268 5550 25553
26275 1290 85062
26349 6680 81650
26376 3770 6969
26414 590 86921
26489 1320 43659
26536 10 59685
26657 8740 11547
26725 4610 67658
26771 4350 39721
26776 8660 63387
26782 120 10527
26815 9300 53505
26859 6600 56607
26941 970 98133
26982 10000 78931
27078 7520 78165
27088 330 50974
27106 6680 24379
27180 3340 96909
27196 30 58315
27213 8730 3891
27268 6000 31913
27300 6680 7963
27309 3440 48039
27356 5950 3391
27466 6280 17092
27513 3340 25977
27596 7500 49834
27621 380 85661
27684 9460 52307
27689 450 61941
27708 6680 92256
27827 610 35615
27850 1920 36417
27856 4820 98912
27992 4310 64937
28004 7320 11052
28045 6140 62134
28047 3340 33405
28082 3340 32134
28091 9230 33596
28127 6680 8082
28162 4440 43545
28166 7340 86034
28229 6680 64969
28237 1410 47639
28251 2410 31179
28289 6990 94038
28298 2910 99491
28300 100 67146
28306 6680 90593
28374 7130 28710
28417 6240 74982
28499 2380 85986
28563 9420 56288
28567 9130 88392
28571 2460 8625
28582 2360 94722
28597 7110 67375
28602 6680 53787
28613 1190 87146
28652 9060 52054
28777 7420 66341
28838 3340 93567
28875 3340 73091
28903 440 83644
28979 8850 79283
28982 6680 75619
28996 60 31112
29035 1290 91173
29036 7780 2697
29069 3340 26270
29111 9810 63517
29116 8290 60309
29168 3510 32931
29172 6680 34165
29195 6680 87538
29214 6810 35057
29217 7640 99410
29251 3340 75048
29281 3340 52203
29284 3340 90633
29299 6550 11346
29310 2210 27401
29450 9280 67481
29514 3340 51402
29552 4880 78684
29595 250 63042
29607 190 94321
29612 3180 84711
29653 550 82335
29666 3340 61856
29671 6620 74834
29741 3340 66911
29793 8940 61798
29848 7310 868
29927 4520 52442
29928 170 9780
29934 5570 98577
30027 6530 87085
30034 3340 59827
30087 2140 66646
30151 5870 1882
30166 6680 60738
30210 4110 51049
30226 2790 66986
30280 5200 55265
30333 3340 53732
30382 6680 66779
30426 5830 57612
30487 2700 65789
30495 7540 40341
30537 4400 11997
30566 7940 35750
30575 9190 11180
30614 3340 89839
30637 1370 94573
30638 6680 37800
30703 6090 20754
30707 3630 81322
30735 8280 75246
30748 3340 8838
30758 9860 30542
30861 3340 77651
30903 3370 16941
30905 2210 86902
31009 7930 57136
31009 9330 14806
31040 3710 27273
31053 3340 6618
31075 3340 5024
31098 3340 93051
31186 7280 76951
31191 7850 77625
31246 3340 25542
31276 3610 32188
31283 3340 20915
31338 6680 27482
31364 3670 62376
31374 9350 25639
31439 6880 95012
31501 90 12696
31575 3340 74730
31584 6680 29559
31622 6360 22878
31641 6680 93185
31707 4680 34893
31709 7010 67007
31713 3430 30806
31734 4190 28079
31757 7220 47029
31832 2860 30702
31889 8050 87102
31890 6680 83921
31935 3340 51899
31978 1990 3032
32039 8490 71848
32046 3340 23589
32074 6680 2651
32098 3500 80056
32139 3340 57769
32141 9530 89446
32163 3340 50709
32169 3340 86464
32177 3340 3628
32206 3340 41205
32294 8880 32804
32316 6680 38154
32364 1790 83192
32425 1010 67177
32498 7170 78179
32520 3130 2367
32595 9920 64027
32620 3020 6589
32693 4160 86287
32744 6680 34751
32769 3930 45402
32775 950 49861
32840 4010 76408
32879 2960 46375
32883 3340 62335
32908 3340 59776
32927 6680 79251
32928 6680 91568
32935 1040 5823
32987 3770 68730
33006 6680 31847
33014 6690 3157
33041 290 33176
33149 8280 50562
33236 6210 96526
33250 3780 82703
33341 7490 35206
33459 330 2719
33473 6680 60447
33493 250 61140
33552 8550 66612
33555 3340 14222
33571 6380 66012
33647 6680 56263
33661 6680 2662
33672 3460 75882
33681 1110 76694
33687 3340 31177
33737 9200 11940
33747 3340 49736
33786 3340 46034
33799 1760 37943
33843 5470 65111
33849 300 33240
33850 5550 83792
33880 3370 52350
33884 6680 30481
34048 7530 91777
34055 3900 291
34072 3340 25182
34110 5820 52601
34133 7790 51794
34142 8400 14808
34295 6340 74436
34365 6680 49939
34384 2170 3869
34428 3920 37953
34433 3340 60720
34514 5730 12947
34633 8090 31747
34655 6650 96002
34669 3340 11907
34700 8500 67238
34718 6440 70418
34750 6780 4899
34784 2220 65673
34804 4630 5471
34808 570 11402
34839 9530 84535
34841 6680 31498
34878 1350 65423
34879 3340 76877
34885 3340 64070
34962 7630 87176
35055 6680 45252
35076 8510 82494
35091 50 99250
35106 940 39220
35257 3340 2954
35324 3340 21476
35338 7540 51361
35389 6920 48377
35395 5330 82450
35429 7450 43733
35465 4020 46795
35503 9960 93741
35509 2280 73730
35552 5900 20623
35579 6680 73552
35629 8520 19842
35660 9870 78477
35678 7870 29943
35730 2420 47207
35768 3150 92040
35799 600 61127
35805 3340 15852
35817 3340 82082
35902 6830 94840
35926 5460 9871
35967 3340 20120
35969 8250 51683
36027 2580 79639
36028 3340 61071
36084 1330 94349
36141 3340 17849
36162 3040 2314
36167 3340 54828
36184 6680 71364
36227 3340 6802
36259 3900 35381
36294 6680 6282
36296 6160 34338
36381 4670 39694
36469 9980 39878
36479 9600 19868
36509 7580 48003
36514 830 75966
36588 870 81007
36693 6680 66403
36713 4530 23579
36801 7690 35797
36863 6680 64539
36876 6680 53597
36900 910 65838
36960 2260 35890
36979 7380 17833
37004 4380 58652
37036 8010 6363
37141 7200 26426
37241 6680 42485
37245 1190 90630
37272 6460 43069
37363 1910 62470
37373 3300 75691
37382 3340 58546
37403 2430 41522
37408 6680 99404
37447 5180 394
37449 5170 31628
37455 280 25649
37513 9850 13481
37519 9240 19093
37521 6680 54416
37577 30 28968
37592 3340 6377
37619 530 24718
37626 10010 28887
37637 3340 99058
37696 5190 71990
37708 8790 87571
37746 4790 65129
37838 8870 73886
37884 6680 74640
37889 150 39106
37918 6220 72696
37974 3340 86154
38013 2450 51038
38132 6680 16465
38156 6680 73834
38183 5940 16296
38253 7970 61019
38333 6850 61630
38349 9540 74982
38383 6680 56431
38407 1630 101
38407 2900 66829
38415 2800 53288
38477 5360 35080
38509 3340 73268
38534 3340 43860
38542 6680 83594
38604 6330 72508
38617 3410 81236
38646 980 16704
38696 3340 74562
38877 8450 98490
38890 4130 24259
38910 3340 93051
38983 6680 33208
39008 6680 24001
39103 6680 82101
39136 5070 53884
39190 8690 32333
39193 6680 73725
39286 8570 64732
39287 6630 51162
39299 8950 41788
39331 6680 96165
39362 3340 58073
39406 3340 25208
39433 6680 87572
39450 1900 53931
39501 3000 78234
39511 5710 91102
39567 6680 41397
39587 5540 71955
39648 6680 66676
39713 6100 40321
39733 3340 83123
39734 6680 71989
39807 8160 5342
39808 3340 76295
39818 8600 79621
39865 8220 9197
39908 8780 49266
39915 5030 22430
39922 8350 41892
39964 1120 41640
39969 5290 22455
40047 7080 37728
40084 160 87473
40115 900 81990
40141 4600 15903
40161 9480 81088
40251 6500 20687
40252 6680 25881
40280 2910 4569
40302 470 91394
40336 1310 70946
40354 6570 60262
40408 4510 73589
40437 240 15275
40459 3350 82123
40468 1780 1152
40474 3340 34534
40489 8050 56740
40519 3340 85949
40680 6050 84391
40692 2440 48167
40735 3340 48772
40840 6070 9399
40841 6680 11589
40847 6680 98226
40856 7350 93379
40916 6680 36308
40937 6680 4095
40951 8890 81577
40981 6680 40356
41018 3340 14565
41072 3340 27733
41248 2510 11976
41249 5350 15010
41292 5390 65370
41318 180 79566
41367 3340 33398
41409 4260 97319
41409 6680 91311
41444 6680 49612
41454 8300 99905
41584 3340 70029
41600 570 39403
41674 6660 65904
41681 3340 65877
41687 3340 24834
41708 6680 1878
41720 8560 37149
41754 4840 9500
41762 4440 35971
41765 340 57793
41765 6680 69382
41790 8180 61398
41826 5930 48271
41861 6310 89217
41876 2100 19111
41876 8620 43677
41885 8000 36462
41926 5960 36993
41979 2160 75181
41995 3340 5043
41996 7370 7542
42040 80 34119
42040 6680 71285
42050 6680 94828
42057 1620 5079
42125 1490 87641
42163 3340 52659
42245 8080 11949
42299 5410 16041
42326 3700 23676
42336 4420 74892
42374 4170 43596
42375 7680 37757
42481 40 25856
42558 1500 78256
42561 6680 32990
42591 2130 31563
42633 4150 77570
42705 4800 21973
42730 5020 92489
42746 7840 82734
42772 6680 66382
42783 6130 50374
42835 710 69006
42836 670 54424
42858 7210 3091
42860 270 7041
42924 8540 44402
42951 3340 6018
42963 4600 33590
43034 2340 2766
43080 6680 3489
43083 4570 23999
43089 1610 32723
43091 2740 695
43133 6680 49845
43142 940 15749
43216 3340 30957
43225 3340 82258
43243 6680 6933
43300 1680 92203
43307 3340 80817
43324 3340 77328
43327 6720 67196
43346 1930 29321
43391 1590 10621
43505 1650 49699
43506 5380 72266
43567 2090 93305
43584 4040 69891
43588 3340 78283
43593 2380 37776
43663 6890 94101
43802 4200 19491
43803 6680 54932
43818 4980 91430
43830 4330 80379
43844 4970 52636
43849 7040 25629
43952 7460 34890
44129 1060 25922
44145 840 1
44181 1030 24817
44238 3340 93822
44267 980 28423
44284 6970 98633
44300 3340 17511
44338 6680 80987
44428 3340 9198
44490 9390 32956
44493 800 20377
44511 9180 41720
44536 9260 48712
44576 2270 91097
44585 1150 7180
44649 4850 36771
44761 3340 97216
44810 6680 61744
44811 890 48255
44825 240 55396
44843 3340 93547
44861 420 95426
44948 1450 13176
44948 3170 18879
45031 7590 35748
45064 8780 92268
45117 9850 70328
45167 6190 8814
45195 9670 15250
45282 7400 95723
45306 1330 56697
45349 7920 6284
45428 650 62593
45436 1000 34338
45436 3340 60741
45439 6680 29879
45508 1260 63476
45556 770 15433
45564 8180 93562
45627 510 20232
45652 6680 6497
45719 6680 14973
45730 4460 95989
45740 6680 54437
45750 6680 57978
45805 1830 4044
45806 8200 82468
45896 9020 4459
45930 9590 7728
45936 6200 77532
45949 5900 2196
45987 1760 68344
46030 3200 96718
46102 7330 14577
46116 5100 13027
46193 360 44969
46204 7200 95309
46239 3340 32857
46247 8650 53273
46293 590 37047
46332 9440 10850
46336 5160 52443
46363 6680 26036
46461 6680 74095
46535 6680 93493
46598 9040 89758
46602 5450 82154
46642 8040 42358
46666 5270 53273
46700 6770 68166
46726 6680 80021
46767 3340 7655
46775 3340 40314
46781 950 9519
46810 3340 5954
46853 3340 53312
46915 6070 12656
46997 6680 64677
47007 6500 11267
47025 6680 85392
47061 9500 55667
47126 6760 17194
47148 8400 43897
47179 5300 10467
47206 1310 30938
47218 4670 30121
47277 9030 98185
47336 2840 71700
47400 6740 1175
47454 5420 34788
47491 6680 20438
47518 1210 71193
47539 4020 90848
47548 9370 47615
47549 860 62257
47566 2650 75481
47570 6680 30211
47602 6680 64844
47604 7740 93365
47708 6680 10745
47730 4410 42516
47734 4770 96307
47803 4040 17584
47820 6460 88458
47838 3340 30066
47844 9300 27272
47861 5430 3221
47885 6590 94380
47918 2970 66448
47976 3340 58351
47989 7620 73743
48000 530 59414
48026 4580 62869
48043 2950 33015
48058 6680 11032
48088 6680 66794
48165 7060 77533
48190 3340 46808
48202 3340 47782
48224 6680 23748
48246 9100 93601
48276 3960 44446
48293 7470 72791
48310 8990 13728
48366 6680 47975
48366 8700 55503
48369 5510 47564
48404 5440 61653
48424 9720 71958
48435 560 54627
48494 3560 43326
48634 4100 8556
48673 4490 5659
48706 3360 39948
48756 1220 89417
48767 6710 46121
48777 4320 58321
48838 5330 53740
48848 4050 59298
48865 6680 9823
48966 3800 60463
49014 2770 346
49086 7250 61383
49107 6680 26524
49110 3980 52134
49155 8260 9675
49203 3340 37147
49230 1980 27560
49264 860 13100
49266 3340 7331
49270 6390 16823
49278 6770 77543
49283 3340 59800
49303 6680 15497
49358 6680 53637
49361 6680 18216
49400 9860 10997
49401 6680 66762
49405 540 46060
49444 9010 69183
49457 8770 44984
49471 3340 83204
49492 6680 51614
49524 8720 4893
49554 1610 54046
49555 8160 29354
49581 2620 32020
49617 3210 49073
49639 1730 3222
49684 3520 81900
49709 6490 78302
49750 6680 85749
49770 6680 70753
49847 340 50465
49882 9450 41681
49890 6120 68973
49917 1140 15139
49929 2440 19222
49929 8460 41722
49940 3340 82319
49965 5600 33871
49967 6680 77933
50002 4070 76781
50024 8920 28452
50168 1470 64912
50171 7650 14058
50216 3160 86024
50243 8270 26900
50306 6860 79013
50310 830 48759
50314 2250 71184
50340 6800 65798
50367 2940 82367
50380 3340 74131
50407 1900 76472
50416 6650 94435
50516 370 96664
50540 4590 53277
50621 3340 43600
50626 3710 58953
50636 6670 44074
50737 8220 86262
50745 8370 45087
50777 2040 88391
50791 3340 3496
50896 4870 23463
50909 9150 72604
50978 6680 26920
51050 5930 15458
51080 2180 24192
51146 4200 23674
51154 6680 69837
51181 7620 56501
51305 4500 79937
51307 5720 88631
51376 6930 37644
51403 2750 47679
51427 7440 87733
51428 700 68662
51458 4220 31806
51589 3540 23406
51605 4700 17031
51637 2460 82633
51648 9490 63365
51654 820 26693
51661 8170 29517
51690 6680 81564
51699 6680 23129
51706 2830 51877
51746 6150 76205
51793 3340 7874
51810 4540 31232
51817 6680 52266
51855 6680 54052
51857 8910 22049
51900 3340 75561
51903 3780 55793
51981 6700 32658
51998 6700 21678
52036 4110 37946
52174 6680 7061
52200 3300 70417
52222 6270 31247
52229 2110 39016
52244 6680 55066
52259 9520 86259
52274 8680 3376
52314 2640 78061
52320 6140 20963
52394 3070 73704
52394 9940 32972
52415 9820 22118
52427 9650 56889
52430 6680 35856
52434 9400 79106
52455 9640 42267
52478 8090 26172
52527 700 61788
52589 8330 4150
52609 6680 11221
52610 6680 72028
52620 2820 86104
52678 3340 37622
52877 2880 94720
52938 3340 46878
52950 5320 8290
52962 7960 81562
53042 3340 29159
53100 6090 29962
53107 3340 17994
53110 3340 16064
53120 9740 18983
53145 8610 96361
53181 2940 56184
53187 1810 37884
53194 9090 69179
53329 3340 4922
53365 3340 46467
53371 2690 67062
53385 7270 77332
53445 4150 32999
53449 3340 87692
53460 2360 73413
53474 6900 93301
53481 6680 19924
53534 810 83798
53574 3340 90291
53576 6880 8315
53584 1020 59994
53638 6680 52050
53645 3340 50308
53650 6520 75676
53660 3340 16211
53701 6420 13907
53750 6680 14749
53797 5910 3115
53812 6680 60752
53836 7730 9384
53842 6680 59002
53894 520 12418
53895 1500 70127
53898 6680 51178
53899 5570 64793
53951 1890 89025
53971 4750 87227
54034 3340 57161
54036 6680 79440
54045 6680 6669
54061 3750 78197
54098 7780 65762
54117 2850 6052
54134 7840 96450
54210 6720 15215
54217 9510 69808
54228 6680 83949
54239 6290 43162
54242 9900 40390
54260 6680 21325
54263 8320 78183
54268 1530 37405
54363 350 30969
54363 2400 4013
54400 260 77252
54411 320 32954
54427 4740 38586
54477 3340 17069
54499 3340 57019
54502 3340 7928
54514 6680 6150
54528 6130 77648
54542 3870 14540
54560 5110 11665
54571 3340 37221
54578 3620 10987
54678 6680 49423
54682 7960 29545
54780 7220 40108
54782 2920 64765
54804 3340 56643
54813 9870 78545
54818 4270 84833
54829 6340 76572
54939 9160 15330
54960 8330 73231
54973 2370 22656
54973 9710 96299
55086 3340 97565
55156 6680 77281
55177 9310 62555
55189 9550 30185
55219 6680 64294
55243 1590 67842
55261 3340 88834
55334 6680 53900
55392 3660 12045
55405 3210 19879
55467 3340 53114
55517 4480 65556
55566 2010 66108
55593 9150 10614
55594 3340 24772
55598 7870 10007
55606 6680 91647
55651 7210 64175
55681 3340 6118
55702 6680 97709
55860 3570 33688
55915 6680 14659
55921 6060 38135
55961 7710 77810
55989 6680 81108
55993 7600 73773
56051 6680 52668
56052 660 90555
56062 7770 33093
56085 3910 558
56105 1250 57988
56116 6680 86488
56135 6680 35685
56141 9040 64674
56173 1360 99769
56173 5840 33971
56275 880 68363
56317 1210 32748
56413 6680 39029
56442 2780 45485
56457 3360 64061
56471 6680 90798
56479 1480 62481
56479 3340 29419
56494 5580 99641
56522 1090 9697
56538 7330 52178
56563 7350 18388
56570 1740 48873
56618 1640 75354
56621 7600 84321
56658 8630 48510
56664 3390 56432
56674 6680 53722
56687 3340 49031
56727 2080 89396
56751 5920 82217
56756 3580 33724
56778 2470 68110
56824 6680 22483
56879 810 64662
56945 9520 86529
56974 3340 6524
56982 5120 23366
57005 5850 79242
57063 6680 96179
57083 6680 39631
57202 160 7660
57206 7110 62365
57253 6680 71909
57297 2470 66601
57336 2400 53664
57336 9070 14050
57347 7630 71526
57384 3840 35748
57474 6680 48615
57523 7580 59583
57563 3340 20637
57602 6680 75169
57644 9680 63345
57648 3340 74606
57688 6540 89446
57722 2300 58112
57723 5040 75555
57767 9070 58456
57776 1440 84667
57814 9600 40902
57819 3340 47429
57849 3340 15752
57852 3340 52945
57952 6680 42032
57956 3340 72413
57979 3120 43623
57989 4830 33897
58095 6680 82386
58101 4510 22568
58132 6690 28933
58196 9810 95222
58202 4820 15105
58227 3560 33587
58360 4300 90511
58447 3340 53507
58510 3060 77591
58541 5650 25351
58543 4890 34022
58564 9620 49920
58598 6680 47194
58615 8590 60001
58673 6820 34551
58743 1700 86893
58799 5000 3835
58815 5090 32407
58876 1390 2569
58888 6680 46739
58922 1130 64839
58966 9110 78289
59014 5560 67417
59091 3340 4598
59182 6680 80326
59202 3550 5994
59207 2690 18469
59212 3340 68077
59223 3340 51373
59234 6680 61908
59280 6430 45011
59282 1340 85547
59311 8560 54408
59341 3790 16296
59355 3340 257
59363 3340 65616
59417 3720 30183
59455 4860 28136
59559 320 99083
59573 6890 97190
59645 3340 71155
59685 4400 19775
59687 6680 82941
59739 2850 51164
59752 3340 79672
59761 4430 66367
59773 4800 55369
59819 3590 7622
59862 6680 16547
59873 6680 44202
59908 9670 43997
59925 3690 15462
59936 3740 63666
60005 8960 89897
60010 1860 92129
60015 8840 39930
60057 3340 94048
60127 4660 28707
60140 1040 11838
60187 2790 57853
60200 9630 47541
60290 660 21858
60308 3340 12806
60319 3890 39301
60433 2680 44055
60460 6680 54535
60502 2990 93059
60526 8360 42044
60546 710 77967
60556 6680 93771
60638 7880 26775
60673 4340 87349
60693 3340 78652
60721 4330 11404
60749 6400 54790
60786 500 670
60799 4340 30502
60847 3340 64868
60855 3340 4922
60875 6680 40154
60911 6410 84623
60916 8420 52920
60935 3340 18346
60938 3510 98151
60946 2020 38931
60953 2680 37455
60984 7920 71058
61023 5640 59195
61068 210 9870
61114 5080 33349
61134 3340 21533
61172 6680 99972
61181 1840 89285
61255 3340 34043
61277 6750 26573
61337 3600 27774
61344 6150 64907
61396 4070 72977
61398 4580 45931
61432 8100 36847
61436 8920 36381
61460 10020 41487
61495 3680 37909
61606 4860 81751
61614 5140 22900
61638 3340 38075
61646 7670 62701
61656 220 22429
61658 2330 59464
61661 2030 54197
61681 6740 53234
61709 5850 9831
61716 9890 41118
61729 3340 93945
61782 850 77172
61806 9170 87930
61820 6680 29848
61861 6680 12555
61862 3340 86569
61907 2060 90655
61978 8940 25423
61985 1620 83414
62013 1080 28773
62016 6680 26756
62036 1540 91160
62062 3340 27826
62069 3340 72663
62070 9990 24994
62103 6680 24244
62108 500 75670
62121 5890 54032
62178 3620 47940
62193 1710 31834
62228 2600 13533
62234 2130 48063
62260 3340 18034
62389 6680 20122
62442 3340 57794
62456 9100 50055
62543 3110 6731
62556 6680 98912
62626 3970 71821
62640 6000 94381
62709 6680 1730
62740 3340 15487
62743 3340 93332
62756 1020 3177
62784 3250 90728
62795 7650 43041
62798 2390 736
62803 3340 61316
62813 7720 63182
62885 6680 64573
62906 8190 12253
62958 920 97455
62963 5240 26664
63019 3340 66828
63129 4910 35898
63146 8600 7328
63151 5150 98237
63202 8500 63108
63303 4730 83517
63335 5990 86314
63400 2570 10476
63514 3340 31667
63519 9180 86021
63532 3340 53221
63535 6680 21521
63553 6680 24391
63651 6680 46089
63686 2300 2467
63688 1560 89612
63708 3340 83691
63720 6680 86294
63720 6850 76780
63721 7300 68218
63753 960 71955
63793 5270 36680
63868 7550 21760
63880 7250 23474
63928 750 95980
63937 8540 27285
63942 5240 41328
63984 6420 77587
64013 3920 60447
64042 9830 62779
64043 3340 3864
64063 3340 21818
64082 8230 28231
64147 7550 54880
64251 190 40967
64326 3340 82720
64349 6750 56279
64362 3100 20120
64373 490 42587
64376 6920 19533
64383 2830 79317
64446 640 88135
64458 3660 62731
64465 3340 581
64481 3340 992
64481 6680 65677
64486 3340 44136
64501 2320 16113
64519 9270 47475
64545 3340 2944
64553 1720 9666
64561 5440 13884
64664 8240 80273
64676 8470 65570
64691 6680 29520
64697 3830 38198
64704 7120 64968
64709 4270 82008
64719 3730 40051
64732 4850 83458
64753 6680 52215
64800 6680 98114
64800 8120 26601
64811 6110 15089
64814 5880 65103
64819 50 71133
64845 7900 48051
64858 6680 83846
64885 3340 56048
64888 470 49850
64902 6680 17624
64938 7490 39176
64950 9840 94750
64975 6480 98577
65095 1860 95091
65099 3340 16437
65161 2430 69830
65162 1030 3704
65168 2810 43019
65169 6680 14153
65197 6680 52583
65226 3340 12995
65454 2670 51114
65532 3340 76921
65587 6680 28683
65597 3340 91904
65598 9930 67994
65617 8580 58569
65626 6660 15365
65692 9790 36343
65693 3340 14342
65694 7850 89129
65838 9330 18177
65853 2020 6926
65855 6680 55134
65866 3340 91385
65892 6680 90931
65911 8930 79286
65956 550 90014
65970 6680 23287
66006 7230 6683
66031 6680 24782
66035 3340 46657
66075 9910 90646
66101 6680 51449
66155 3590 36687
66202 1930 20333
66246 4080 77107
66273 4000 40687
66277 3340 29901
66291 7130 54768
66328 7720 43256
66410 3380 41801
66450 6680 91361
66470 1200 78564
66474 3330 23211
66504 6910 28287
66558 6940 80635
66610 3150 72267
66659 3340 80848
66677 8390 28550
66735 3340 55211
66749 9000 57475
66778 3340 4505
66914 3810 40416
66951 1260 84724
66959 9820 31444
66999 6680 45034
67022 5310 38288
67028 6970 59388
67061 7560 59174
67124 9380 57787
67146 4080 75079
67188 8710 79985
67194 7160 11410
67220 2070 39856
67225 5000 78508
67236 7950 26028
67264 3340 33201
67269 6410 28345
67276 6730 35067
67295 3340 46574
67338 990 5874
67358 3340 21553
67363 3340 45267
67421 6620 60386
67493 3910 41601
67496 1680 21880
67502 6680 90843
67517 3340 70723
67531 3340 82908
67590 8460 50441
67596 2600 79965
67601 5230 82510
67621 480 20553
67635 3340 87743
67671 3340 91464
67689 2970 50834
67700 4430 40160
67723 6680 64475
67729 7480 69725
67811 3340 21162
67850 2520 18068
67872 3340 48629
67877 6680 39592
67905 6680 22452
67923 6680 94878
67951 8860 19744
67991 7140 63854
67992 5690 76214
68040 3340 5334
68063 6680 97644
68091 3340 64835
68130 8380 29062
68162 5960 5247
68220 9570 69441
68261 6350 26745
68271 7710 18922
68335 1950 4730
68377 4550 29897
68486 4170 16639
68535 8320 91795
68551 4190 57166
68612 3340 26600
68637 3120 65764
68681 6600 47157
68742 560 6233
68764 9090 45552
68783 6240 8490
68788 140 93652
68800 9450 712
68803 7190 91941
68814 9260 22590
68824 3930 12351
68838 6760 21685
68841 620 1259
68847 3140 73780
68862 8480 251
68871 4480 80112
68915 3460 98375
68941 6450 34186
68947 5030 19563
68966 3500 62334
68990 6060 24461
69017 3340 10599
69102 5560 25919
69120 4720 17149
69134 6170 76660
69142 1390 29591
69172 5970 95389
69189 3340 37022
69214 4690 1142
69219 6680 41960
69313 3100 81561
69335 6680 28154
69347 4830 3233
69350 3340 25545
69353 6470 2548
69432 3350 16331
69434 4240 13615
69446 6110 37088
69457 930 40068
69459 1100 13922
69468 3340 9950
69477 3340 48058
69523 1690 49888
69540 6680 31526
69552 6680 74418
69609 6680 96866
69723 8130 75209
69787 6680 22672
69908 5770 67855
69932 3340 2782
69956 3730 96462
69974 8470 43382
69982 8980 34600
70011 6680 97343
70052 9280 9585
70082 6680 87102
70092 1080 54019
70095 5600 88234
70118 9560 60184
70169 790 73622
70184 8620 10259
70185 6680 76931
70204 6680 5010
70229 3340 4330
70278 3340 56027
70338 4960 65695
70341 6680 65850
70362 9170 82238
70442 4290 52301
70449 5160 20811
70452 6680 5741
70490 6800 35234
70496 5470 66797
70503 6680 59147
70538 7570 97196
70563 7730 26652
70605 7610 42241
70690 460 38475
70724 3340 60587
70770 3340 4606
70809 1230 49642
70809 6680 73749
70810 3340 98582
70815 6260 95952
70839 3550 21289
70841 6680 33634
70869 3340 18376
70989 3290 92900
71066 8150 99131
71081 3340 77188
71091 1560 46496
71124 4140 2896
71143 3970 92690
71157 6200 93667
71161 3340 84173
71223 3340 98227
71249 6680 2621
71293 2110 61788
71296 290 13980
71311 1050 82550
71328 6680 4075
71336 5340 40441
71404 4500 85445
71426 6680 58135
71502 3340 88761
71527 3340 37276
71541 1550 89844
71549 3340 76933
71601 6680 23871
71649 6680 72388
71690 8480 51977
71692 4120 68042
71745 9290 48912
71754 9080 30161
71814 3080 56583
71865 5490 81835
71910 2030 68274
71912 3340 96769
71924 5230 85684
71948 6680 46532
71990 3200 50684
72046 3340 46794
72064 3340 85629
72080 6680 42730
72159 6680 18916
72213 6680 73071
72245 7460 54450
72266 4640 69314
72320 5650 72551
72383 7090 44924
72417 3340 77422
72442 3340 28377
72457 1280 40230
72475 2590 87489
72508 2200 47948
72561 6220 20716
72572 1580 47301
72572 3340 67412
72615 3080 95365
72781 6190 57026
72811 3340 31131
72820 3340 38334
72830 8760 13190
72844 3340 95881
72884 3490 28122
72899 6680 2010
72903 3340 99925
72947 6680 87816
73137 2530 7284
73153 3340 70314
73170 6680 13460
73199 9420 47871
73221 3950 96490
73281 3340 99643
73334 3340 96460
73395 3340 16127
73445 7070 87564
73448 3340 88994
73454 4490 43153
73486 3340 11615
73550 3340 739
73610 6250 57876
73612 3340 81285
73626 1000 17494
73716 6680 51496
73742 2180 49431
73872 8680 59369
73995 1140 31310
73999 4780 67855
74001 3580 8967
74011 1470 8060
74012 5870 35568
74021 6680 20456
74034 9620 97002
74052 8000 91663
74079 6040 42270
74162 8020 99746
74170 780 12796
74209 6560 68665
74267 7290 26307
74277 9660 78392
74283 5420 73012
74299 6680 44157
74325 4980 56348
74331 6680 82326
74336 2000 52226
74357 1670 82511
74385 5130 52595
74426 2720 36073
74495 6680 69109
74521 4940 46976
74521 8690 78413
74587 2610 38342
74594 3340 9967
74642 1400 4780
74647 3340 78790
74730 270 83735
74738 3340 56389
74769 3340 57447
74842 7030 75298
74882 6320 13753
74891 3340 59631
74922 3340 75828
74971 6680 61420
75021 3340 82135
75038 9120 20611
75096 370 41028
75162 310 18423
75173 4220 33004
75214 3530 94332
75326 4460 98542
75349 6680 64657
75405 120 32898
75484 6680 65367
75491 7860 25529
75495 3340 14117
75507 580 35340
75510 6480 83719
75513 6680 72582
75526 8340 42802
75530 1350 55235
75602 6680 3371
75657 6680 12558
75692 3990 52209
75694 4900 62981
75726 6680 30721
75794 3950 76230
75853 4930 96556
75915 8810 15158
76069 6020 18188
76076 6680 94583
76094 7240 49694
76097 6680 97819
76119 6680 80482
76125 8260 64578
76168 3340 97540
76221 9990 36379
76228 170 94303
76233 6100 27011
76256 1940 57725
76259 6680 41567
76274 9570 1480
76324 7690 75342
76334 3340 24621
76355 5370 90564
76372 3340 20737
76450 3340 2968
76477 850 15450
76523 6680 305
76525 3340 23805
76539 5400 44045
76558 6680 68149
76576 6680 47383
76643 5290 85961
76644 3340 81337
76846 300 95232
76850 3340 95357
76851 8350 5857
76867 6680 54440
76894 3340 80117
76910 6680 646
76955 6680 21821
77017 9270 78580
77146 6540 62233
77152 6680 87042
77177 2410 82446
77187 3340 63902
77262 5500 52573
77263 3340 96372
77355 7740 65983
77375 2050 35453
77402 3340 45704
77424 6290 35634
77434 740 20968
77441 3760 45733
77456 4360 45620
77512 9410 72030
77532 6680 4964
77538 5080 69665
77541 3610 66657
77562 6680 30286
77587 5220 54320
77593 1770 21061
77601 5950 17661
77614 6680 32572
77630 3030 39146
77630 3340 92582
77681 2530 44848
77744 5760 10480
77772 7770 73070
77787 6680 30881
77790 9710 18477
77810 9470 30430
77815 8870 2657
77834 6680 48634
77851 7140 9924
77946 3890 7213
78098 1820 85813
78122 9130 98779
78155 3420 94073
78166 4390 81248
78173 6710 13263
78242 3250 49969
78242 6680 95706
78250 6830 68414
78348 6680 35616
78387 3340 66129
78414 8660 91882
78438 1570 76623
78456 1180 35222
78501 5660 43699
78526 5520 56657
78535 6680 75226
78551 2870 10047
78554 3760 211
78578 4940 31109
78674 6860 47873
78681 3220 53299
78692 5880 83171
78697 2640 65086
78703 3030 92944
78763 7020 70970
78785 7900 75290
78813 3340 65831
78856 3190 82903
78970 3340 71364
78971 1960 9803
79043 200 62330
79054 5200 70876
79081 1630 51477
79104 6680 98992
79108 4010 65663
79112 6680 16336
79130 3340 5921
79208 4320 82164
79219 4050 13920
79226 580 52910
79237 6680 54096
79256 7810 32386
79258 2520 16767
79301 5740 63338
79360 1320 3681
79373 9700 76999
79391 2370 26819
79392 7260 5757
79393 3340 61620
79491 6550 51922
79547 6250 17756
79565 2960 11546
79593 7890 14652
79651 2710 16720
79655 9800 42345
79696 2350 63608
79742 7750 7326
79748 3340 96765
79751 3340 68948
79794 6680 59506
79799 6680 11006
79854 2510 70490
79857 6680 28796
79934 10010 53101
79937 3340 92194
79973 3340 66063
80021 6680 96246
80122 3630 26916
80234 3340 35726
80234 9190 7208
80239 3340 69260
80244 6560 56917
80264 6680 27216
80446 3340 35639
80489 6680 3560
80496 6610 78625
80510 9880 61134
80614 4910 71662
80617 8640 18575
80619 8860 54504
80623 6680 97771
80637 5320 33431
80659 9360 91478
80682 4420 69834
80727 6680 26357
80738 3260 42491
80749 3420 35180
80749 6680 54272
80829 2080 17094
80847 5610 55121
80890 3340 38261
80922 1340 75986
81057 6680 97692
81063 9970 712
81075 3340 48453
81107 4180 69228
81112 3340 82312
81147 5530 41606
81184 6930 11653
81198 6270 7744
81228 8800 60057
81237 3340 15976
81271 9140 50196
81276 3330 88059
81360 5010 7870
81383 3340 56699
81387 3700 39600
81467 3340 41602
81481 7390 5164
81607 4370 44409
81619 1510 96489
81656 8900 99003
81673 6680 49898
81717 1880 42658
81735 2340 65119
81811 5210 7209
81837 9080 8850
81853 7090 89494
81905 6680 15690
81912 5860 84831
81915 3340 92089
81937 3340 77396
81996 3220 69833
82114 6120 26201
82151 6680 51327
82166 5400 77732
82201 7800 66219
82205 5050 58274
82205 9020 28299
82216 670 28481
82228 3340 40762
82233 3340 47314
82248 3340 308
82278 8310 72972
82303 20 12127
82343 6680 60941
82354 3740 59790
82365 3340 31875
82421 8140 96565
82436 9470 10195
82438 5280 10695
82440 7880 34452
82495 20 46930
82497 9410 93649
82519 3340 25099
82522 690 46937
82533 1170 33643
82634 6680 79514
82640 7190 60636
82693 7470 63012
82843 6680 91994
82960 8080 20137
82962 2980 6366
82976 3340 96871
82997 9780 14226
83020 2860 84638
83045 3340 95694
83058 3540 48820
83145 3340 55672
83231 9120 13086
83273 1300 7834
83317 6680 85531
83353 6680 42705
83395 6680 45212
83404 6680 85846
83419 4960 4216
83447 6680 16044
83468 3340 24939
83498 1410 22882
83648 3340 7062
83667 1880 61641
83689 9930 33902
83750 9580 2214
83785 1850 3176
83786 4240 77399
83828 8850 78221
83865 4950 15929
83915 6680 63750
83944 5530 8120
83986 3340 45156
83991 6680 9808
83996 6680 14500
84003 9350 25932
84013 3340 85540
84025 6780 88869
84028 6680 11207
84038 5670 97708
84169 5260 33728
84218 6680 24042
84228 1600 13981
84270 2760 50051
84276 6680 51747
84293 3340 95274
84297 180 57704
84309 4280 93357
84413 6900 14622
84476 4410 54491
84476 4920 40103
84477 7820 9471
84478 6680 83296
84493 2190 28991
84520 6680 38969
84522 2290 50981
84536 6680 74158
84539 5090 51094
84574 6680 2096
84619 4760 24795
84629 6260 96467
84641 7160 30040
84647 6680 42009
84772 1150 25674
84804 1750 96679
84876 7010 53763
84877 3340 83851
84923 4310 57096
84935 2230 50694
84949 9060 61194
84965 6680 92184
84981 2840 59023
85041 9660 71934
85064 5810 87223
85101 2140 25038
85107 3340 40500
85124 6680 175
85149 3340 18224
85181 5790 49428
85184 6680 16827
85187 3340 84915
85194 7400 66446
85200 6680 10351
85232 3340 39951
85311 690 41520
85319 6680 69532
85344 7990 9408
85382 3800 11624
85395 6680 49850
85397 2190 16211
85454 4890 74269
85478 7420 13043
85486 6680 84819
85520 3340 99048
85535 4180 7847
85543 2550 45233
85576 9680 36787
85598 2700 847
85600 90 23614
85614 3340 76113
85692 6790 74229
85718 6680 59218
85855 3390 55335
85856 350 51990
85890 8110 66235
85984 4470 19225
85996 3340 55236
85998 8490 2645
86032 3340 67529
86036 2540 21921
86122 8740 68852
86136 6680 19960
86153 1440 94766
86204 280 58190
86214 5920 86390
86219 2930 99620
86265 9920 25614
86441 9960 28859
86450 6680 11297
86508 3340 71029
86510 9110 39249
86599 3340 99557
86618 3340 19673
86632 8880 91681
86659 3340 31580
86694 3340 66529
86703 6680 46236
86710 6580 43292
86711 3340 29739
86725 3790 28684
86752 1530 76223
86777 6680 86137
86785 7430 23705
86791 1780 13871
86903 9830 52528
86998 3340 69148
87013 2150 86206
87043 2590 1234
87061 6680 7721
87086 2270 89773
87094 2560 52764
87127 6680 14525
87164 6680 58029
87171 9490 45398
87191 720 48545
87220 6680 79409
87235 4710 58555
87249 1940 33459
87250 400 60470
87298 8590 9988
87363 2230 87324
87429 4030 78818
87447 8070 89469
87456 3110 88388
87467 3340 3771
87478 6680 80449
87523 3340 69986
87537 4810 1887
87544 2200 9047
87555 7230 66580
87587 4840 64045
87610 6680 2794
87626 9010 94310
87665 9750 74302
87666 1420 50322
87683 2750 86747
87703 9030 82547
87731 9540 49916
87742 1450 77416
87745 3340 25206
87752 5690 98548
87754 6680 75545
87838 7320 81599
87882 6680 30242
87888 5260 53542
87897 7830 71271
87947 3340 46209
87955 4690 45050
87971 5670 10530
87977 3340 96170
87982 7560 11124
88019 8770 14863
88130 1270 91276
88154 3340 8300
88161 3870 82713
88165 6010 3944
88172 3340 51382
88227 420 39491
88293 9840 88131
88324 1580 88523
88347 3410 655
88358 3340 24085
88417 4970 73882
88508 130 90791
88525 7280 25949
88541 5620 50967
88577 6440 29149
88619 2570 82370
88637 9210 50884
88657 8190 29195
88698 5500 11688
88729 3340 35903
88839 4090 76902
88851 1720 42731
88892 7950 62396
88984 6680 10966
88995 3280 47118
89067 2900 87487
89172 6680 35132
89195 7970 20119
89201 9910 2858
89240 5480 22992
89246 2100 82806
89255 9250 87840
89346 2980 83546
89348 3340 24002
89349 6160 19648
89379 1670 11166
89409 4750 61388
89435 8370 4098
89465 8450 127
89606 3340 35381
89627 6680 56539
89656 3340 45114
89678 3340 39655
89686 1980 58194
89794 4230 34490
89854 9770 16706
89870 6680 70918
89906 7180 42898
89934 6170 73346
89942 3340 78175
89952 3010 50221
89970 3050 66833
89988 6680 42770
89992 3340 34999
90119 5520 26639
90141 6680 2503
90196 6680 30921
90340 6680 45907
90388 5130 7897
90450 6680 47471
90478 8890 76704
90583 5800 72201
90685 6680 61118
90687 8030 97256
90723 8990 33035
90730 4390 51711
90831 130 92788
90838 3340 58513
90843 3340 75482
90860 6680 18222
90864 3340 88108
90900 3340 57339
90906 4640 35152
90977 2760 428
90993 2950 30094
91040 3320 41302
91124 6080 19911
91127 4450 82804
91207 5860 28063
91209 9320 43696
91234 3340 16894
91266 6680 21906
91283 6940 15354
91301 480 66571
91338 6430 68134
91382 7380 94342
91383 6680 38574
91405 3850 53306
91422 6680 34761
91441 3340 4161
91476 1650 85582
91532 1110 65495
91535 7310 68219
91553 6680 97488
91557 5810 33251
91576 6680 41169
91590 9430 94052
91650 8130 39255
91676 3320 1067
91688 3340 24138
91694 6280 77383
91698 9630 86595
91699 8310 80767
91702 3340 9158
91706 9690 64131
91712 2930 34866
91733 390 21752
91792 6010 69033
91839 1910 24466
91904 2650 13533
91912 6680 65785
92036 8790 89281
92054 5020 54363
92059 7700 4760
92170 910 16558
92208 6680 88770
92230 3340 31874
92239 1240 80571
92261 9720 82136
92274 6680 7282
92288 1060 29951
92333 8610 9638
92337 6510 20088
92389 6680 92497
92448 7340 40431
92454 6680 67966
92474 3340 14303
92512 2070 98215
92525 4090 13944
92588 7360 84012
92614 9480 36855
92627 7530 47278
92635 6640 27213
92735 6680 20526
92743 3400 30215
92763 3340 36101
92790 7020 71804
92824 1070 95226
92903 1660 98063
92909 9310 14840
92941 1820 33628
92945 5990 6409
92998 3340 49389
93001 6680 38108
93024 5790 58988
93030 3340 68604
93037 6680 49103
93120 610 74533
93129 3340 2353
93201 8640 64173
93207 3960 1778
93208 5140 18570
93225 6510 90813
93384 3240 8291
93439 3340 6020
93482 3340 14897
93524 6680 64460
93533 7680 33168
93576 7800 55021
93579 1120 42041
93629 890 22258
93638 4700 69387
93655 8040 61330
93698 6680 92674
93757 9510 11229
93769 3340 28516
93800 3530 20750
93855 5770 48469
93870 6680 22314
93906 780 44202
93920 6680 19002
93944 3340 81718
93949 1520 40380
93982 6680 93636
94054 8150 55032
94068 6490 30145
94085 40 56127
94122 8700 1372
94154 6680 10964
94161 7640 53300
94170 2660 47712
94204 1200 53375
94208 6680 63045
94241 3340 8301
94248 4710 13288
94348 8840 94088
94498 5010 86743
94513 5150 27708
94529 5700 79828
94602 6580 14260
94646 6870 97310
94684 8580 20094
94725 6790 12293
94804 870 79269
94821 6680 76414
94825 9360 29775
94845 6680 14738
94942 2160 47927
94976 4530 2504
95009 9900 31179
95101 3340 54238
95106 8730 98537
95124 360 94374
95156 3240 42892
95243 3440 87159
95262 6680 64845
95274 6680 71588
95301 3340 36452
95302 8670 84925
95313 6520 25865
95446 9220 36379
95517 7270 77919
95635 9610 86698
95673 2620 33493
95686 4630 85586
95690 5250 49348
95700 9950 36056
95707 6680 8352
95747 630 89470
95784 6230 90261
95806 1050 64774
95842 6350 21065
95846 8200 14745
95857 2560 57118
95857 3450 76360
95880 930 81679
95908 5540 12580
96013 4560 91020
96063 3490 41477
96118 4780 1629
96179 3340 22966
96256 7590 22551
96257 9210 81702
96299 6680 68763
96316 8800 85006
96323 3260 60130
96393 3340 10208
96397 9770 91592
96447 620 95078
96453 9950 63215
96503 6950 83731
96611 2390 10103
96705 9430 58025
96709 6570 77578
96739 7910 24332
96845 6680 37397
96868 2670 54061
96872 8070 19130
96891 6680 85819
96931 9220 86426
96941 450 78181
96962 7100 37139
96979 3340 85122
97072 5380 55309
97072 6180 10418
97086 2610 59914
97087 3340 36407
97099 4370 93164
97131 2630 36813
97153 7570 63770
97189 2090 44490
97328 680 61269
97355 5910 21341
97370 6680 27678
97377 3010 60380
97390 8630 97957
97449 1180 61398
97477 6680 6228
97490 7520 52481
97507 6680 62888
97559 8250 81385
97585 2260 15865
97629 5510 41344
97650 4720 22660
97654 6680 45168
97755 4350 13197
97794 3340 19118
97835 3340 77018
97878 5740 65845
97899 4560 86431
97941 6680 47107
97950 3340 12980
97957 6680 68055
97976 2480 24388
97992 220 90986
97995 7510 3390
98016 9650 92144
98028 3340 20246
98119 6680 5102
98173 3340 21010
98182 7180 5843
98231 3340 82699
98286 6680 94592
98300 110 51083
98354 520 43888
98390 4950 8195
98485 8140 63067
98527 6680 54349
98571 3130 22575
98591 8550 61778
98597 5070 85001
98631 5750 11670
98638 7940 28284
98647 6680 90898
98680 5450 74097
98697 6680 43050
98711 2890 79526
98803 6680 6255
98810 2870 826
98822 2540 69906
98832 2250 14415
98923 3340 60266
99002 6680 41986
99011 3340 73159
99054 4380 64753
99187 3310 61897
99237 3860 41926
99255 6680 21797
99308 7000 91775
99339 6680 86367
99345 5710 86823
99462 6680 94078
99464 8270 17964
99519 7240 85619
99535 6310 63341
99555 6680 37526
99558 5250 74365
99559 9230 84232
99655 7410 6885
99697 6870 43356
99715 1270 11398
99745 6680 24494
99831 6680 61667
99878 80 87909
99937 5680 19678
99946 4120 47053
