3000 10000 68442 74263
50 3410 75243
58 7530 84140
132 1780 60440
147 5900 74299
151 5750 55148
160 4510 20952
266 7530 64806
315 3610 11242
335 6310 92589
359 8230 9273
381 7530 47433
385 2510 83903
396 6840 90367
405 7530 45650
409 5810 42042
434 9880 85537
435 8700 72190
454 3750 71718
464 5020 91682
496 2370 63646
576 5020 48974
630 2510 70829
652 6130 32058
669 2510 66675
705 5020 49744
717 7730 35401
721 1430 28931
744 5610 74827
811 9320 42632
882 2510 14907
906 2510 44879
922 4170 22476
931 8070 86560
962 9940 84369
980 7530 92249
999 160 51624
1012 5260 15929
1028 2510 93215
1032 5020 35318
1033 7540 26175
1115 9450 29909
1140 4070 71578
1185 8580 19326
1209 5020 64847
1243 7530 16157
1256 1020 60637
1297 7530 32865
1323 1540 51933
1341 2820 46965
1343 7530 30005
1393 9410 90090
1491 2510 77415
1516 7530 92494
1539 4720 64853
1556 9170 74333
1621 2510 60148
1639 3150 6761
1640 6330 42578
1671 7790 77061
1741 7210 12274
1802 7420 98295
1831 3680 15627
1864 5020 86032
1878 450 82598
1975 2430 86637
1998 9640 97804
2012 3270 59522
2023 4340 98449
2038 7530 26407
2046 7530 10546
2056 3110 42007
2074 4520 13073
2087 6520 93641
2100 6660 53373
2103 8250 68018
2126 6440 72680
2192 4420 57137
2212 60 32088
2258 3450 15514
2265 750 78635
2329 2510 85564
2337 10 93611
2344 1690 76354
2425 5020 43285
2489 4650 76385
2577 9820 15203
2699 8200 92530
2780 7010 38206
2805 2510 36028
2860 4700 22781
2863 3060 12035
2901 270 74307
2927 7530 43566
2944 500 5354
3010 1480 32741
3071 9710 58346
3111 5600 96927
3123 2500 26220
3180 5300 8642
3211 1610 73800
3219 5020 93107
3230 7530 18613
3251 380 60812
3312 6080 87070
3398 4820 52176
3410 5020 13742
3460 5020 65724
3473 5210 105
3502 6920 47960
3534 4300 39129
3573 6550 59626
3597 4140 29563
3619 7530 15169
3775 1380 33927
3829 7530 17702
3835 5020 31106
3891 2510 11414
3914 9390 42175
3965 2230 23556
3966 5020 63272
3972 7840 75793
4022 9370 97354
4045 8120 20935
4052 7530 20585
4056 1210 17316
4071 5020 76942
4097 2120 88972
4142 4380 11911
4157 8510 44118
4167 6890 80741
4267 360 63573
4278 3580 89932
4301 7520 33457
4304 3890 22107
4317 9220 67572
4348 7900 37917
4378 3870 696
4384 6760 13329
4473 1820 87960
4473 9170 26367
4496 5090 90881
4513 7680 81709
4514 5020 21826
4526 3170 86340
4546 2640 11491
4589 6420 22801
4665 6270 39823
4670 2290 27476
4694 5290 34948
4709 2510 30014
4789 5020 63460
4876 5020 57990
4896 9480 18117
4925 980 82311
4978 800 91462
5064 1340 74535
5082 8850 13959
5092 7530 90869
5097 410 93135
5126 8600 29882
5146 8960 87467
5188 200 72022
5202 7530 23656
5206 7350 66426
5233 2510 54263
5259 2510 83923
5266 1040 94709
5266 8250 2711
5334 5020 5818
5354 7530 31297
5381 8770 7223
5420 2510 40796
5441 7560 48926
5454 6040 34687
5465 9650 61033
5512 4370 68832
5549 7020 73093
5628 4420 6508
5632 2460 22094
5637 2220 2403
5641 5020 44014
5731 6220 84935
5786 6520 6180
5823 7200 19020
5834 5020 94199
5934 8170 41729
5935 4080 56177
5936 6410 92865
5946 6120 25339
5954 5020 40845
5975 2740 44915
5980 5020 66025
6097 2960 19966
6101 3960 34467
6127 1510 50436
6157 2510 52115
6167 2620 226
6214 9700 1775
6226 7240 64854
6269 6560 9316
6276 810 23599
6276 9470 5522
6343 2510 42634
6368 8700 43846
6379 2070 16877
6386 6750 5092
6409 5020 37087
6425 9290 26901
6428 1990 97191
6429 2500 7160
6486 2510 45125
6535 4660 58655
6552 5810 12313
6564 2730 65146
6580 4860 77854
6594 2510 926
6616 7530 34503
6679 9660 40554
6771 6450 14608
6845 5020 51729
6860 8280 58215
6886 7530 76797
6891 150 1542
6957 2510 14027
7023 3870 77932
7032 1350 85828
7059 7530 94886
7085 5020 5817
7121 4580 50593
7181 6030 90647
7297 9580 35215
7350 6920 49796
7359 9830 10948
7372 2510 44705
7379 2510 78121
7422 7530 24325
7506 7620 83457
7509 8520 34990
7522 150 42879
7530 7220 75468
7533 420 23870
7552 5020 51114
7578 2700 54579
7612 3550 11739
7653 3830 5275
7698 6970 44782
7729 5020 9877
7775 5020 29330
7878 7090 2001
7906 5200 20661
7919 2510 81723
8043 4250 25874
8043 6260 67364
8066 2510 41597
8112 6550 13470
8123 7390 30047
8131 6650 26659
8132 1490 32238
8156 7530 32307
8231 5020 85303
8233 7530 89128
8236 8140 42535
8302 40 45984
8303 6320 64762
8317 1700 89344
8320 4530 2635
8396 4160 30689
8397 2360 73483
8446 2510 88133
8459 6180 56152
8530 7530 68238
8577 8500 58253
8579 2510 62402
8630 1330 37857
8633 2510 12865
8670 500 26246
8751 4330 31671
8776 9150 61918
8792 3190 3192
8874 5020 98039
8972 7530 86081
8976 2510 61663
9024 2510 17709
9076 8590 54389
9106 8660 58262
9116 9430 38040
9141 8270 7272
9155 7530 1037
9191 4810 36121
9335 5980 95721
9354 7680 64973
9467 5020 64454
9500 6530 7346
9501 5930 59076
9503 6140 47104
9561 6960 39537
9578 780 11271
9613 1300 1936
9629 2510 41721
9659 7740 74692
9709 3640 27404
9713 290 83942
9717 1320 93071
9735 5380 58907
9793 6240 92153
9857 6780 45855
9915 490 10133
9933 2490 79501
9938 2780 63179
9954 6460 86971
10007 7530 16547
10065 5780 51035
10104 2920 41064
10174 6340 49021
10192 6200 97845
10203 690 66302
10209 8730 9531
10216 7530 11693
10254 300 79269
10261 2510 56448
10291 740 54412
10320 5430 78729
10371 4480 52684
10495 2510 26496
10515 6950 66910
10564 7530 37791
10569 9900 10716
10612 3660 33348
10624 2510 23082
10639 3730 61503
10700 430 1033
10721 4690 36971
10817 3520 41492
10920 7530 60826
10944 2510 79571
10966 3960 32458
11018 8610 31545
11044 5020 23638
11095 2510 39838
11123 8830 14237
11160 5500 24282
11181 6130 60762
11191 2510 80778
11200 8940 81054
11250 5020 86300
11292 690 76314
11292 1040 20306
11435 3880 31685
11451 5020 46649
11480 4510 74096
11636 7530 79322
11654 9710 39527
11677 2510 23976
11762 8060 78380
11770 2510 36152
11793 5020 89456
11807 5630 17060
11825 5020 91886
11875 6580 75347
11943 5210 28323
11959 5020 67683
11965 8160 33769
11979 9740 34853
12067 5020 47037
12074 3490 4006
12093 3720 11183
12185 6050 35721
12196 7850 24725
12224 1970 10571
12252 2890 57361
12255 8300 45820
12259 5020 57252
12300 6840 87800
12305 3810 91373
12455 4470 31894
12492 5020 41502
12510 9870 97132
12548 5020 67945
12590 7530 25037
12632 2510 82833
12666 7530 25584
12750 2040 10713
12812 4560 33901
12853 3980 70837
12911 2510 47370
12947 7670 92137
12999 5020 35052
13000 3000 37062
13094 830 21854
13109 400 92327
13144 2510 99266
13147 230 93928
13164 9760 39857
13188 4660 24165
13191 7530 60590
13252 1650 39298
13270 2510 15671
13295 7530 78845
13300 6540 1129
13366 2300 4208
13419 5170 49599
13423 2510 26378
13457 6670 75190
13483 7530 32911
13505 7530 97464
13568 3780 78037
13789 5030 98381
13814 9580 11128
13905 6590 92031
13909 9120 93969
13961 7530 66939
13968 1470 68830
14003 5020 44426
14099 5190 96757
14101 2510 44
14111 9270 6086
14115 5890 3204
14124 2990 77248
14159 5020 36848
14216 2180 31755
14249 670 63574
14298 5020 34794
14324 7530 33388
14333 2510 52558
14342 1020 4101
14370 7530 57604
14379 7530 18916
14381 3050 10465
14412 7800 12398
14471 2760 94949
14497 750 13173
14548 2510 83788
14568 3310 54459
14576 6640 17956
14618 8150 85553
14643 2510 14897
14662 2280 97970
14720 1570 96621
14727 6470 37505
14735 7530 95597
14750 5100 41233
14773 2090 79623
14795 7180 47806
14802 2260 54538
14823 2330 73349
14925 6510 16388
14972 760 2292
14977 840 25355
14987 6690 24692
14993 80 55942
14998 7530 53587
15109 3620 31875
15122 2510 10495
15132 3440 33360
15188 7630 93661
15206 3920 24939
15252 6980 60405
15268 3840 19042
15295 7530 66280
15305 2860 89588
15335 7530 2667
15436 2510 13977
15653 2510 10134
15703 9750 59472
15731 7430 11196
15787 3670 15011
15795 2860 18844
15808 8640 98276
15838 2700 85929
15856 8260 44976
15859 3050 72201
15894 5020 29083
15952 7530 3992
15978 2510 58527
16035 5560 76322
16101 8560 8550
16215 7530 31263
16265 6620 88564
16307 9280 90063
16336 850 78440
16343 8570 33812
16414 3090 98995
16476 6190 2395
16490 7530 44776
16495 2150 96105
16549 5020 76315
16614 2510 33238
16626 3760 58330
16651 7530 68382
16683 2510 32505
16695 2660 7068
16701 3420 89890
16735 2510 46312
16758 7530 79539
16785 5020 3024
16847 7930 60136
16907 2510 95235
16935 3260 20415
17003 9130 32846
17036 9820 60984
17083 5240 36924
17093 1440 58542
17114 8950 66268
17118 4050 42833
17137 3520 90568
17185 570 40115
17200 320 89626
17251 9490 52259
17280 3230 7783
17284 4020 44141
17327 2510 7096
17345 5020 18038
17379 9450 69086
17460 4650 66976
17543 210 11974
17568 990 82344
17576 5020 85291
17623 9870 97109
17668 580 58551
17706 5020 34068
17742 5020 23794
17754 2510 78029
17760 620 66361
17826 5020 54202
17829 570 84614
17886 7530 6197
17891 7470 20202
17901 1450 37287
17959 2510 37136
17986 7320 24432
17998 5020 90478
18028 9180 35573
18065 6310 29204
18076 5860 25293
18102 4810 52336
18275 740 79963
18309 2510 87415
18375 5000 78124
18378 2510 89574
18389 1670 52850
18399 7370 84789
18405 2510 45844
18501 5280 73761
18529 2030 28722
18565 2510 70321
18582 30 93332
18605 2850 73552
18662 3180 4451
18668 7110 23940
18678 3000 900
18703 8460 84546
18735 3010 79386
18750 5020 60613
18771 5020 54316
18776 9070 43861
18810 6180 7768
18821 2510 59880
18857 2770 11183
18928 5550 91063
18988 950 97028
19031 2510 15991
19050 6010 85247
19115 4930 36949
19160 6930 46962
19201 8910 41677
19209 7530 78970
19241 6110 78537
19328 7530 82722
19344 1550 17930
19353 5020 89484
19364 2280 43721
19371 2330 94649
19387 5020 10282
19484 1710 19148
19529 9930 31716
19725 1750 27701
19727 7720 57021
19732 6230 4968
19736 7530 47056
19823 2510 25010
19824 5780 3058
19841 6800 54162
19853 5020 39557
19899 5020 24382
19920 480 27912
19930 1050 91853
19964 5150 25026
19965 410 5743
20028 2510 71119
20054 7810 76530
20057 950 36121
20083 6240 99723
20094 2350 796
20109 2510 49633
20145 2510 20237
20164 7780 61040
20174 5020 68994
20211 5520 7818
20337 5170 73700
20391 3070 86020
20486 7530 12395
20515 9250 13997
20547 8340 70623
20572 7640 20671
20603 5760 18130
20626 5020 92434
20704 2510 62453
20736 8200 13765
20740 9730 70211
20769 3370 65408
20843 9550 57966
20890 670 14945
20923 5230 61335
20942 2510 99251
20972 2510 28935
21034 8100 97453
21065 3040 80328
21091 7530 88045
21115 9610 60755
21216 7080 91325
21251 2510 36568
21278 5770 32763
21290 910 14303
21328 5020 6655
21412 5020 9093
21442 8180 37468
21468 7530 3132
21484 3250 50412
21498 7530 60812
21510 1440 29833
21564 2650 71521
21576 5020 54231
21592 5020 52208
21692 9950 56337
21695 8440 42066
21808 630 17641
21814 2510 49368
21897 7400 43410
21930 4280 24614
21933 8590 90728
22017 9350 11498
22023 9850 85794
22072 2510 21693
22081 5020 17522
22107 7530 49393
22152 7530 70124
22157 1470 67091
22157 5720 56520
22269 5020 90003
22332 2130 24642
22355 7060 89176
22470 7190 30306
22473 7530 88493
22604 5020 8901
22610 5020 74746
22617 7530 62964
22702 2510 45875
22729 5060 75961
22767 2650 27852
22772 6160 14744
22823 7150 18273
22837 3430 37203
22875 2510 68434
22929 3760 33195
23034 1200 13374
23148 390 3144
23192 10020 520
23248 2510 91354
23279 9160 92076
23344 4960 85503
23348 5260 81457
23360 220 40148
23370 2840 83765
23387 5700 49303
23427 7530 27735
23432 5410 21341
23434 4830 86526
23452 2510 91439
23477 820 6194
23485 7440 48403
23492 2740 56832
23557 3320 52340
23560 980 95701
23590 920 3800
23593 9160 91692
23636 5020 89774
23653 5020 79531
23679 8860 86578
23701 2510 97039
23738 2510 68033
23751 8950 46645
23834 2510 79225
23837 5920 62715
23859 9750 22581
23891 2270 50871
23907 7530 67604
23933 2510 32397
23991 6950 17091
24027 8680 33947
24091 4970 90604
24135 3820 16338
24137 5550 60626
24152 9850 87767
24176 2510 34389
24201 1230 31369
24242 8690 44290
24249 1890 53577
24250 4110 88742
24315 1680 41250
24328 9300 67249
24363 7030 2662
24399 1620 46154
24433 2270 21907
24433 7160 76445
24446 2830 97841
24451 1410 2391
24465 7530 42175
24522 5020 96075
24530 1010 94700
24549 540 34486
24606 6210 98141
24635 3450 3934
24642 4190 26266
24653 1790 67123
24680 3420 70641
24688 7530 2966
24749 1390 15593
24776 860 65612
24811 7530 18154
24813 790 2445
24828 1160 13793
24836 1900 12811
24836 4010 16061
24843 8300 56631
24853 7120 77627
24857 2530 55538
24882 5020 40310
24912 3380 46168
24988 5020 98959
25078 6420 32289
25120 660 50809
25146 4160 86807
25156 5690 87083
25164 320 20537
25182 6250 18099
25247 6720 35687
25266 2510 82189
25279 7530 74432
25279 9100 7580
25352 80 95309
25411 5020 28289
25431 2510 78878
25485 5020 60972
25496 6070 78956
25519 6360 36111
25524 2420 505
25529 7530 41126
25535 9360 80925
25537 2290 83361
25583 1930 7674
25592 7530 80180
25593 90 54362
25647 6960 27948
25661 5020 12280
25678 2510 1667
25703 1120 88080
25725 3900 30142
25781 4740 83092
25843 1530 94846
25848 5540 86501
25894 9020 10542
25907 7530 76433
25911 7670 40029
26003 7460 38129
26027 440 48559
26031 5890 2851
26039 7530 91843
26125 3340 74446
26177 2510 5167
26203 3230 72080
26207 8890 17725
26311 7940 36515
26333 4640 31923
26363 9360 13935
26407 8740 98478
26443 8680 37380
26465 3630 78076
26548 2510 51907
26562 2510 17307
26674 2510 59170
26677 2510 7608
26717 6660 62829
26734 3340 63417
26750 5020 8958
26777 7530 21325
26814 2510 48948
26819 2510 55547
26824 40 88210
26875 8240 96236
26911 8210 9516
26978 7980 44933
26979 7530 7534
27012 5580 91592
27013 7530 79008
27021 2400 47627
27090 3160 35325
27169 10020 65436
27171 7650 42121
27178 7530 11181
27187 8470 25416
27213 2510 96117
27214 7530 83512
27230 5020 66596
27250 2540 98601
27272 4120 12402
27298 2510 69078
27331 7530 98990
27355 2510 86197
27370 8820 69439
27386 6690 45510
27412 2690 98426
27421 2510 88726
27445 4950 64611
27459 7610 60497
27519 3300 22255
27560 1830 92254
27577 30 50474
27607 5020 5215
27670 2510 85742
27681 2450 42197
27744 2510 14231
27764 5980 66868
27870 6820 69080
27901 2510 68487
27943 5020 95676
27972 2510 69408
28084 2510 93245
28116 3570 98104
28209 7530 91587
28211 7530 14239
28250 7530 8643
28355 7530 53037
28448 2420 72073
28451 1890 92253
28466 8460 61926
28487 7530 20819
28492 8030 28230
28495 7530 92595
28515 7660 52749
28527 10000 67947
28590 6430 58929
28617 3180 10544
28626 4700 14684
28681 7360 16330
28700 2890 25007
28717 3490 55434
28740 4840 83620
28784 5020 13288
28858 5020 10838
28940 700 1796
29015 8450 17576
29040 8000 39437
29057 6930 17396
29090 1760 21158
29116 5020 58491
29173 5020 92621
29190 8390 30028
29224 6170 22300
29233 1590 70721
29237 5640 47
29263 7180 16073
29265 70 31381
29306 5480 39358
29368 2510 81775
29373 3540 86118
29453 1130 3317
29468 5740 31435
29469 8720 76863
29478 8690 15235
29492 8970 6799
29561 7530 94803
29659 1060 15984
29673 3560 98983
29714 9540 92895
29729 5440 48091
29782 3660 59646
29845 1770 92069
29853 6100 80819
29863 470 46769
29872 2510 57984
29907 6890 22131
29937 930 66530
29949 2510 79020
29994 1420 49071
30014 9240 199
30029 5020 91184
30042 4690 50211
30056 8720 41763
30115 2260 32798
30125 5020 60819
30137 1390 19473
30172 7060 99957
30204 2400 28138
30216 2510 2159
30311 450 33726
30439 790 26278
30624 5100 69407
30628 5310 51455
30629 5330 62101
30637 2510 11308
30742 960 98340
30747 3770 30211
30791 1300 87242
30811 3320 99871
30823 5020 54503
30836 5940 50862
30844 2510 87576
30930 8100 28493
30945 7530 29889
30950 5020 61102
31000 2510 7069
31001 7530 96497
31006 7530 88867
31012 50 38887
31058 2180 67058
31061 7710 74947
31064 2510 97818
31066 700 35048
31098 2510 13724
31136 7530 48919
31148 9260 68235
31184 9110 60575
31204 5020 14382
31338 1870 4720
31433 4980 79099
31475 5020 53653
31491 3080 41429
31571 7530 60316
31608 2930 85131
31629 4640 66661
31653 5020 88364
31674 2670 73016
31678 6150 91730
31691 7140 86045
31707 8190 57365
31743 1930 65853
31764 2510 5537
31868 2510 93032
31881 460 72443
31905 1840 82399
31912 2510 9986
31917 3700 97018
31966 2620 75467
31973 7530 65410
31981 7690 31104
31990 5180 81277
32041 4210 5231
32044 1060 86140
32053 9300 8228
32072 2510 7898
32083 6450 38585
32119 7530 21790
32133 8750 3727
32134 2510 12534
32142 5020 36424
32148 720 5449
32214 9040 29365
32218 7530 29623
32302 300 29492
32334 8090 40540
32340 7530 34208
32377 2940 7550
32385 5020 85428
32399 7770 15334
32404 990 32374
32447 8860 30612
32458 5640 70444
32587 6820 96659
32612 1590 42480
32679 1100 43211
32681 60 6756
32684 5970 78625
32692 5020 35414
32712 7530 48775
32736 6780 41868
32773 2920 8960
32842 5020 86457
32843 7760 45387
32851 5020 57817
32855 650 25296
32856 5020 37470
32857 2730 71405
32859 4890 94636
32863 1970 16424
32908 7270 98762
32922 9310 74707
32991 8040 31016
33021 7530 45064
33032 6380 90580
33046 2510 7423
33046 7160 94544
33057 3810 33797
33139 7370 42020
33277 7530 70670
33349 7530 13836
33428 7050 52597
33442 2510 69990
33456 7530 59152
33459 2110 35012
33512 7940 88931
33644 5020 88748
33654 7530 86984
33682 2510 33437
33683 5020 47918
33684 8430 94604
33708 5020 79963
33716 9600 44492
33770 610 82290
33856 5040 18189
33882 1660 29257
33900 8170 45993
33929 5020 3632
33988 2250 61093
34047 2510 59907
34177 5020 12382
34288 3600 46226
34293 7530 52639
34327 6810 19662
34358 4120 78298
34368 7530 60505
34452 8410 22502
34459 1190 22712
34482 8870 10238
34505 5020 64662
34513 4620 14089
34515 2510 54673
34518 9430 98184
34566 9520 58895
34624 8990 23662
34629 7100 23175
34631 7620 34072
34695 9050 12422
34736 7110 68981
34823 7100 2536
34940 280 32273
35000 7530 91401
35039 5020 28827
35144 1000 38380
35149 2510 41874
35229 3590 56357
35230 4900 24877
35251 1190 34354
35262 5020 77849
35309 5020 33691
35312 9620 27025
35331 5020 56365
35370 2510 11100
35406 8620 72586
35496 2510 39021
35504 3090 14728
35511 2750 13959
35533 6340 67692
35548 8330 22313
35564 8620 90456
35596 2880 2934
35615 9380 27443
35672 6390 60361
35680 2510 67977
35681 5380 95833
35711 2510 53941
35760 1980 78510
35824 5680 68025
35859 7460 54880
35860 1070 88135
35902 9130 54276
35919 9840 16987
35964 4030 91284
36030 3910 52655
36042 8110 22744
36047 4430 98296
36077 2510 72288
36093 6630 96387
36107 940 45837
36123 8530 41078
36182 6700 83033
36202 8070 22174
36215 8020 38184
36231 5180 95503
36318 7530 80004
36350 8440 55524
36397 1800 73758
36411 9800 7780
36413 1830 99353
36413 8420 5235
36414 7530 27273
36447 6730 6681
36462 2510 41426
36505 3830 64166
36611 7530 17290
36614 5020 62079
36624 3630 21025
36745 7350 8741
36748 2510 36838
36820 10 66699
36828 5360 80896
36895 900 38090
36907 4570 7288
36918 5020 79866
36968 2510 98388
36979 3510 78410
37033 5020 37411
37054 1810 54915
37106 5020 56448
37208 5020 1653
37222 5020 10025
37244 7550 32590
37244 8980 28549
37257 1860 40053
37370 5710 64694
37373 7250 86111
37377 9910 36268
37382 6580 62579
37412 5020 95182
37423 8580 22158
37424 1270 52559
37439 7530 26419
37443 5820 49133
37504 2510 79948
37565 7530 13031
37582 6280 37891
37602 7770 88112
37660 7830 70545
37668 7910 24550
37675 3460 14609
37819 1570 95100
37937 5020 20596
37988 5280 89041
38009 7530 42471
38038 5020 37318
38067 7530 3884
38080 2510 6384
38083 8010 62586
38100 6020 88615
38103 7090 46319
38136 4780 6398
38154 170 49733
38179 5020 94735
38196 3820 9059
38197 2510 7376
38201 5020 1431
38215 780 21901
38296 2010 30781
38312 2510 50405
38334 4910 887
38374 2510 65480
38384 4060 19903
38402 5020 52820
38419 1290 68434
38426 7590 27515
38445 7610 88991
38487 7560 17214
38535 970 19341
38540 1780 64379
38566 710 71320
38621 5020 51092
38629 5670 12134
38656 7530 22322
38666 5050 2912
38696 960 57568
38731 5340 66986
38747 5020 38969
38750 5660 21821
38778 7530 40253
38787 2510 21216
38800 5030 85648
38802 2510 97018
38817 9510 84206
38851 90 83041
38856 4310 85920
38893 8790 66209
38922 2510 21573
38941 9090 60783
38959 6900 91238
38999 6330 38371
39043 7530 52428
39046 9460 92239
39065 5020 23112
39115 5070 76039
39132 5110 67494
39180 1070 56531
39204 2510 11940
39261 8900 50336
39278 630 46198
39420 7530 81821
39448 1430 93895
39453 7530 32724
39502 220 69115
39525 6790 39060
39557 7530 25569
39632 6230 29442
39665 9440 4599
39683 8220 96057
39701 7810 34701
39734 8400 25243
39780 1420 89565
39793 6430 45800
39793 7280 99602
39801 4850 59299
39806 5140 78069
39811 4950 1595
39891 7530 32145
39905 7530 83940
39908 7530 56997
39923 2440 30411
39924 7040 87864
39966 1630 76780
39967 7530 80121
39995 8020 85394
40123 4290 4066
40152 4710 44575
40196 5840 10768
40196 7170 57668
40208 5360 60115
40236 2630 11578
40245 2510 392
40345 4090 49890
40349 2510 98244
40399 2510 22140
40443 8260 16886
40444 4170 42501
40450 6570 69681
40459 100 49782
40465 1950 70165
40519 4300 78985
40546 140 43702
40546 2510 4500
40575 7530 35867
40585 4370 20038
40591 9800 94297
40659 5300 24942
40668 6490 83040
40693 9260 26343
40763 4220 6923
40780 2510 75571
40803 1610 97956
40907 5020 39425
40926 920 20853
40939 5020 4625
40953 5020 19725
40983 8900 21510
41067 2510 57012
41157 4480 33461
41167 7420 91605
41178 6760 41880
41192 7650 28732
41210 5160 25128
41243 510 44524
41246 2510 95440
41267 5200 81925
41275 3950 12182
41292 550 87715
41353 890 38119
41376 2510 36489
41394 5090 13462
41482 5020 55803
41508 5630 77182
41532 5020 20108
41586 6600 53384
41596 3530 69874
41616 2310 89182
41662 9560 89010
41750 7910 66877
41779 3240 16445
41798 5020 54789
41849 8190 92201
41861 5460 46315
41933 7950 61522
41970 7530 211
42003 5020 25147
42014 5050 463
42023 3080 63506
42026 4720 62030
42042 5060 66923
42084 7530 19500
42108 6710 40981
42160 930 97521
42220 9560 45242
42254 5020 91973
42281 1450 59492
42318 5020 14033
42351 2510 74586
42368 2980 48114
42378 2510 80395
42405 5020 67668
42451 5020 89728
42463 5020 92871
42546 1180 27883
42548 810 20421
42571 8210 73122
42592 5870 60973
42691 380 34797
42693 9310 85972
42695 2510 15021
42726 5020 58394
42744 4770 13599
42760 7530 50566
42780 9390 35505
42787 7530 35930
42799 5020 93902
42824 6770 92640
42896 7530 32281
42916 2510 93618
42917 2450 66734
42940 5020 31707
42993 7530 37813
43007 7530 13684
43049 7530 45342
43129 3430 84813
43148 3710 3475
43172 2850 67063
43200 3120 14988
43234 180 36457
43244 7530 92855
43250 1220 6233
43256 5250 86946
43276 2510 52856
43307 8660 27085
43339 2510 33135
43403 7230 45115
43414 2550 40516
43478 3670 42326
43488 1850 42162
43507 5250 85041
43515 5740 78846
43558 7530 24694
43565 2510 41347
43696 7530 42605
43700 70 69360
43711 1310 41327
43717 5770 74192
43717 7530 32162
43803 2870 58948
43834 2510 11990
43842 8380 96789
43855 5020 4030
43878 2830 64672
43878 6260 91981
43932 2510 64015
43936 5730 48174
43959 5270 44656
43965 2940 96041
43987 7340 28077
43991 8930 69684
43994 7530 42996
44020 9200 41598
44033 2130 48128
44035 7490 93612
44103 7530 83984
44123 8370 18731
44164 8330 25272
44171 5020 9801
44326 6170 79880
44365 6320 877
44414 5670 79410
44454 6000 29611
44543 7410 35013
44562 7530 55668
44572 4320 9710
44644 9520 66730
44696 1690 28169
44726 3010 96450
44780 4680 50943
44817 7530 44552
44821 7530 64082
44846 5040 43541
44895 7530 44876
45044 7530 74885
45084 4040 90905
45108 7530 99141
45151 3970 27698
45167 6370 61060
45210 970 61247
45304 540 56105
45338 5020 75370
45353 2710 5049
45358 5020 51240
45379 2510 67035
45433 7530 25005
45457 4350 81286
45507 2510 71754
45537 5020 56269
45594 1260 16995
45609 9860 11270
45648 2570 22157
45655 2790 45612
45738 7380 21853
45859 6210 30623
45975 9730 88169
46028 5020 85744
46045 7530 3586
46048 6720 36741
46072 2510 69272
46089 370 49747
46137 8610 96055
46188 5020 38545
46249 5020 83287
46293 9530 31962
46335 2510 18383
46433 2050 67346
46463 4150 67234
46473 5020 4093
46485 7530 1523
46590 9680 56711
46594 2510 75897
46622 310 72378
46654 7570 90811
46658 560 63613
46667 1680 21165
46675 5020 36784
46699 5020 68990
46708 9120 47915
46735 7860 34477
46771 4260 55277
46795 1320 20620
46857 4490 25206
46891 2430 57213
46987 9400 62495
47003 5020 30686
47016 7530 64040
47033 9440 8423
47096 7690 91624
47119 5020 47461
47144 4930 86696
47148 6360 18361
47181 1380 93395
47203 2510 80818
47258 2510 67180
47367 7490 53461
47403 550 36037
47412 1730 4894
47425 2510 87629
47470 3990 553
47522 7330 93979
47582 400 64039
47585 9650 88568
47587 7600 80723
47702 8310 66692
47702 9270 82185
47705 7530 92385
47713 8870 77942
47741 5900 47441
47762 1130 17500
47770 730 29597
47772 1540 89909
47780 7580 95169
47899 5020 62534
47924 2510 29349
47950 4000 28404
47957 250 72096
47984 2510 28238
48019 1520 24762
48124 7260 68467
48221 610 97650
48297 4360 76737
48318 2320 64964
48358 7540 35204
48362 7530 25104
48374 7170 86322
48379 2510 19086
48439 2510 81994
48457 2510 12397
48465 5020 14387
48583 5850 78172
48611 7530 20170
48624 7530 99917
48648 7530 53751
48669 9080 92814
48813 130 69892
48855 2050 90713
48897 2510 57632
48972 7530 8999
49004 4450 8931
49014 7530 11828
49015 4020 78693
49019 6870 46848
49060 5120 72761
49096 1550 97521
49098 7570 99198
49124 5020 58879
49142 1370 24424
49183 2510 20133
49278 5020 97902
49311 6200 7422
49333 2510 41322
49334 7530 8849
49360 3040 36690
49384 7530 99049
49403 4890 39091
49447 6870 58367
49458 2580 99102
49466 7530 79942
49519 370 82524
49535 7220 45405
49578 5020 50286
49612 7010 77545
49622 490 19663
49646 4740 25077
49671 4910 26745
49718 5330 29327
49837 2510 57912
50013 4580 49215
50107 5020 65266
50192 7530 21109
50316 6810 66587
50357 10030 86757
50384 2100 30288
50456 7530 2151
50512 330 69109
50526 7530 43456
50531 2510 49023
50550 8890 52398
50585 5140 85311
50597 7530 34707
50674 5290 76479
50693 5530 34184
50720 2510 3098
50778 5950 23783
50823 1140 23134
50879 5480 33875
50908 2510 55976
50992 1230 72194
51003 7530 65916
51062 5390 200
51066 5020 70570
51067 2410 21804
51106 7290 51944
51110 1660 56931
51165 1080 18383
51215 3780 85272
51218 5020 15049
51269 1600 6206
51289 6270 75432
51312 6290 10263
51314 1360 8422
51314 7330 86736
51382 1360 39742
51415 2510 66072
51435 8270 455
51443 3250 61912
51467 8730 20869
51518 7530 80254
51522 8930 54400
51526 2510 93828
51534 5680 48215
51542 7530 4931
51544 7150 37440
51593 2510 6333
51617 9600 17399
51626 7530 57775
51633 7530 16628
51644 5240 69638
51672 8470 39193
51775 3410 96287
51785 7530 55152
51823 2780 82893
51823 7530 56842
51848 7530 93475
51998 4940 96202
52000 2190 92293
52027 9140 67416
52049 9290 13022
52066 5020 58847
52070 5130 96946
52104 2510 47911
52122 5020 91067
52132 2510 82578
52161 2510 21461
52180 9240 53618
52184 6630 64230
52206 2510 14796
52222 4680 97104
52270 5460 51849
52358 6880 77178
52441 8800 99688
52506 7530 48859
52561 7880 94140
52571 5020 70699
52616 7990 73147
52620 9700 11407
52650 5110 95639
52668 5020 44057
52715 7300 8185
52718 2510 18795
52738 8220 67930
52764 5960 39539
52773 7530 13669
52795 7530 64376
52818 3860 66289
52840 7530 41864
52861 9010 73723
52867 6090 9865
52957 5410 17637
53002 2190 20273
53010 2510 15974
53058 5120 34086
53061 2510 95986
53077 2100 50552
53080 1080 10566
53084 2510 51764
53120 8400 32014
53145 7290 86861
53186 7530 90850
53210 5020 78626
53213 6610 88960
53287 8320 94012
53314 8540 19777
53386 7530 50771
53444 4000 60076
53464 2510 94899
53478 7530 9576
53488 1500 55003
53495 5650 11383
53614 460 4779
53614 5020 19509
53623 6280 46766
53627 4210 38398
53655 2170 2413
53701 3400 63516
53752 7530 24711
53759 530 80635
53807 7530 38413
53827 5020 71862
53854 7530 47151
53865 7430 42608
53918 8040 71594
53926 9330 15012
53936 9030 83989
54079 5020 23728
54115 5020 41669
54292 6560 81742
54299 8350 62055
54323 6030 57579
54330 5020 39622
54345 2510 22160
54387 5020 7600
54403 6050 69134
54444 7230 43652
54450 5990 28276
54456 7300 79756
54488 7530 47340
54514 5020 53840
54541 620 85167
54584 6060 11684
54590 2510 2487
54595 2510 9405
54631 5230 37262
54697 5020 94520
54746 5020 25494
54752 5020 51728
54771 9660 47785
54791 2510 77378
54793 3610 34302
54932 4590 19648
54984 5020 99613
55046 8240 20366
55051 2510 29413
55059 7530 58003
55074 290 75975
55175 4880 89468
55196 2340 59048
55198 4520 19590
55237 2240 26109
55240 5020 64815
55248 4200 88555
55316 7530 90980
55324 2510 92945
55344 5020 74572
55344 7600 4543
55362 4830 81527
55428 2210 45793
55430 2540 13622
55463 440 37910
55472 7530 8620
55488 7530 66825
55515 5020 80424
55553 4870 89207
55588 4630 21449
55591 7530 58061
55623 7530 80553
55625 7260 98119
55638 2470 75764
55654 4840 9401
55700 5020 59860
55752 6910 67400
55797 3730 49203
55848 3100 23925
55877 1400 15412
55878 5320 13531
55885 2250 74942
55894 9500 65978
55965 2550 53527
55983 2510 47310
55997 1810 12482
56140 310 92489
56158 5020 80332
56230 3800 37158
56233 5020 10873
56268 3240 67427
56301 9920 51458
56325 1880 78581
56369 1460 4319
56418 5020 32853
56471 7870 29799
56477 9400 5126
56488 720 99190
56513 7530 21087
56515 4610 24232
56557 5370 73531
56560 8430 58154
56603 5020 63182
56604 8280 67228
56665 7210 52055
56689 2510 47234
56730 4240 31255
56748 1110 65075
56766 5020 60374
56843 730 73677
56847 5020 86944
56886 1260 20951
56899 8510 74143
56925 5340 84077
56973 4550 21677
56998 6710 68806
57056 2510 32475
57097 7530 37130
57237 1510 75835
57405 3480 99127
57492 2060 94954
57518 8840 73594
57523 5020 44859
57599 7530 94024
57642 4400 9987
57672 9060 38256
57694 340 72184
57741 6790 60927
57773 8830 79420
57789 1000 4531
57793 7200 30342
57798 2110 22994
57830 6730 75111
57860 7250 69011
57904 8560 34116
57917 9000 68095
57919 180 27587
57942 5020 35311
57954 2510 9213
57973 8880 85900
58048 7820 62179
58073 5020 45515
58086 2590 24831
58101 7530 1501
58135 230 24483
58141 7500 14805
58153 8530 1836
58155 100 74774
58216 2510 76517
58252 7780 40717
58257 7890 748
58304 1120 31384
58310 5570 1529
58349 2510 89307
58394 4050 41931
58446 5600 2035
58462 8710 43735
58487 2510 66486
58509 7530 53691
58528 4770 59148
58553 2510 38051
58613 6940 56745
58658 3020 53781
58666 2510 61393
58674 7450 88327
58679 7740 84863
58695 1840 17157
58695 2410 26326
58750 1960 36054
58795 7280 67752
58804 5020 56764
58828 5420 77639
58849 8180 60642
59006 2760 44988
59069 3950 53355
59098 5020 28297
59101 6470 27334
59125 7880 13224
59146 7530 14654
59173 2030 86803
59176 8410 53259
59190 8630 27383
59201 210 15022
59204 5020 5199
59212 3930 43761
59260 5020 70116
59263 9100 36575
59406 2930 2371
59431 7530 54247
59445 2510 11297
59475 9570 69748
59530 7530 56890
59541 3470 70728
59563 6100 96530
59572 7530 95509
59586 2510 66692
59659 430 18816
59734 5020 49944
59744 5020 78561
59789 5930 28486
59838 6400 22595
59849 9910 72517
59865 5790 37138
59892 2510 33494
59980 5020 62435
59993 9340 50806
60054 5020 63699
60100 8940 14838
60108 5020 90494
60150 5020 90972
60172 3360 40311
60197 7530 71068
60228 3650 22183
60253 5020 5319
60254 1010 17776
60256 8840 31886
60343 5020 10480
60372 5020 66823
60389 5020 41678
60448 5020 80938
60449 2510 52258
60480 4620 80407
60497 7530 28225
60613 1870 94121
60617 9280 45282
60648 2720 97581
60709 2140 45227
60717 7760 22544
60719 5020 30829
60724 2560 54426
60733 2960 12904
60791 2510 17947
60859 7530 44862
60896 2680 83797
60928 7530 93587
60976 8030 31978
60979 4940 65534
60986 5020 27646
60999 5960 5415
61031 1030 89808
61031 2510 52742
61037 8740 28184
61075 1150 1761
61099 190 73528
61112 9830 81486
61150 2510 75469
61158 1110 52102
61160 2790 42553
61192 6070 6370
61203 2000 48027
61277 5590 52313
61310 3650 58464
61329 7030 26076
61332 5020 42212
61337 7530 23325
61363 1500 50540
61399 8820 45559
61486 7530 19669
61521 4270 89526
61530 1330 25179
61744 2510 4528
61758 9980 59967
61768 7190 88743
61782 4110 60046
61880 7530 64836
61886 9250 44144
61917 5020 64869
61927 4180 65845
61929 5020 40885
62046 4230 27473
62052 3740 41287
62080 3100 15955
62169 2630 34537
62191 7700 66366
62217 7530 3241
62235 7530 32440
62396 2510 58319
62483 7530 12642
62488 7530 63799
62543 470 94912
62572 1580 21029
62577 5020 15609
62583 9020 7674
62622 5020 29325
62632 3880 32178
62645 5020 81199
62673 7530 12675
62690 2510 3210
62864 5510 83802
62954 6120 91083
63018 3770 68049
63118 7530 28313
63133 7400 2271
63142 110 27341
63233 8130 52016
63249 6300 23729
63262 2510 43303
63285 3220 12019
63322 7530 56073
63336 7530 9257
63451 6000 93831
63455 4230 33343
63536 4180 47234
63625 2510 84989
63629 3270 75275
63647 7530 25795
63804 7530 65351
63824 5020 73177
63866 8880 97333
63891 3140 51872
63895 5020 60971
63942 5000 80077
63943 7530 91814
63966 6900 14724
64018 5020 89016
64038 8140 48752
64050 3850 20814
64088 190 52240
64088 2510 55781
64117 650 68563
64129 2510 42217
64154 5020 16412
64172 7530 4478
64211 1700 5212
64218 10010 88818
64232 7530 22134
64234 3350 79225
64240 2530 56061
64244 2510 70832
64260 5020 20099
64316 4070 44628
64369 5020 68844
64397 7530 66452
64411 330 98904
64512 2840 62973
64518 7530 99732
64536 4790 63334
64564 2510 26783
64580 6530 39442
64599 7040 10777
64608 7510 85168
64666 8350 42590
64744 2950 49026
64751 2510 4431
64818 2490 77354
64833 2510 78192
64847 530 92553
64853 7530 99551
64864 9990 43245
64883 2480 29821
64892 1090 56654
64899 7530 93634
64927 5720 18729
64992 7530 44287
65017 3440 25475
65046 7530 36449
65111 2510 13980
65160 7530 33023
65179 5500 35233
65199 1720 14845
65212 7070 99232
65218 1180 71001
65241 2070 2374
65314 4870 70259
65325 7530 17777
65357 3840 90640
65368 6910 46114
65407 9200 7740
65427 5790 6003
65438 8600 82357
65439 2510 65782
65442 2510 98308
65461 4750 52817
65484 8290 38143
65487 5020 80164
65510 5020 22125
65515 8050 88066
65573 1370 38997
65578 5650 23349
65591 7530 57916
65621 4100 22346
65629 6830 57613
65646 3920 79703
65733 5020 48777
65736 5730 57552
65750 2510 91822
65756 2800 16719
65812 7530 68219
65817 4750 33890
65913 7530 53711
65942 5470 10998
65947 7530 73067
65964 1150 97354
66052 7510 5147
66104 7410 50748
66122 4130 16283
66151 6110 64221
66159 5020 82452
66161 3900 29878
66202 5020 96710
66237 6670 24443
66275 9340 47821
66309 3220 185
66330 1560 68418
66331 9500 91038
66388 7750 10501
66397 8360 34038
66440 9190 21751
66508 5020 68482
66620 130 63848
66705 5450 58046
66798 7530 70404
66814 7530 27332
66913 5020 75516
66922 5870 84096
66940 8800 49481
66987 3690 37737
67002 1030 22642
67003 3210 47343
67045 5880 12956
67050 5020 66287
67056 140 24854
67078 4040 17091
67110 2510 13864
67111 7530 74675
67178 7530 44221
67185 5020 45407
67293 2080 7465
67329 3030 93760
67329 7530 40103
67335 5020 7033
67345 350 69226
67351 3290 45919
67352 240 90658
67416 2670 31368
67439 840 92183
67475 5370 5282
67564 1910 7905
67568 7530 7743
67583 8670 50869
67605 3190 41397
67608 260 61575
67613 5610 74967
67641 2510 97942
67666 7640 99162
67668 5020 19514
67818 9610 41954
67859 8790 16024
67945 7130 3728
67954 3310 69692
67979 6250 59894
68040 5010 87034
68089 4460 67627
68142 3550 95002
68175 9970 92528
68181 8550 11014
68193 2370 12588
68288 7530 81743
68322 4270 71709
68335 7530 8974
68440 6020 15123
68506 170 80408
68530 5020 55948
68546 2020 32910
68552 3540 49847
68633 7530 20878
68660 1140 37157
68692 5990 2836
68711 710 11277
68744 1480 51964
68753 5020 17898
68802 3570 17804
68823 2510 98422
68845 3580 61022
68867 2510 7310
68870 3500 81680
68883 1490 79246
68902 9670 32028
68928 5080 57525
68998 5020 65392
69113 5150 99119
69130 2510 45285
69150 7530 37774
69162 9970 83678
69176 5350 43421
69190 3890 78184
69204 6400 53004
69284 7530 49439
69304 4730 87091
69305 5860 8091
69338 7530 91977
69454 520 84958
69458 5020 81184
69633 250 60540
69635 3020 11282
69736 6350 37044
69754 7720 43445
69863 2160 77324
69904 1740 63908
69924 2510 86681
69933 8230 2519
69941 3560 28990
70036 4430 56889
70041 3260 71892
70096 4360 64106
70147 2510 77218
70322 890 27632
70346 3750 8941
70351 7530 26824
70471 5020 26371
70493 5800 67623
70493 6860 35865
70503 5020 58490
70524 5910 35092
70567 260 46086
70590 4290 3477
70615 6010 30891
70691 7530 86709
70713 2510 31855
70730 3390 41082
70810 240 99243
70811 7860 44739
70851 1240 35689
70861 8810 22110
70862 7530 48121
70884 9920 11751
70928 5820 15273
71005 2060 51487
71007 390 44769
71077 940 16175
71154 5020 21324
71267 5020 92958
71275 5020 28667
71282 900 26828
71305 3170 64712
71354 2720 68271
71384 580 42775
71392 2510 72473
71478 2480 96182
71484 2390 61345
71519 1620 13251
71556 7240 50267
71656 5020 57085
71660 5580 40138
71683 4260 60650
71757 7790 64961
71762 4990 48271
71801 2510 96735
71868 2510 22864
71883 5020 8866
71962 3940 42060
72010 120 67499
72016 9050 95394
72030 2510 99794
72067 7590 9818
72110 340 17238
72168 9070 81935
72195 2910 20285
72259 7530 71635
72267 1800 97361
72270 5590 37273
72306 8970 85547
72335 2510 40561
72364 3060 60087
72436 2510 3245
72470 2510 53423
72550 9960 97195
72587 2510 57375
72678 2510 83421
72755 2010 90055
72771 8780 82568
72849 4990 62601
72856 7530 31407
72906 9880 46815
72960 4710 4694
72960 7530 79340
72965 9420 23863
72972 8630 66076
73006 830 71243
73040 2510 45905
73067 870 82544
73086 5020 71583
73098 1170 56982
73109 4440 64646
73158 1210 24075
73335 2690 76992
73379 2510 58920
73394 9990 10405
73402 8710 15393
73403 8360 10556
73415 4030 34496
73425 3980 80819
73443 3300 49202
73489 5020 69143
73503 8010 33143
73509 3930 16091
73524 6940 20500
73528 2510 67824
73541 5420 37091
73559 9980 71718
73583 8120 74156
73607 2510 44929
73636 6510 45841
73662 7530 3650
73734 9890 39738
73735 5220 3805
73745 640 99258
73751 3530 31509
73758 4490 92523
73768 8640 96984
73789 2510 63387
73807 5020 70795
73834 2510 66690
73838 3600 451
73848 9790 79679
73849 5020 37911
73917 1100 21902
74101 3150 79648
74126 9760 55016
74171 4730 59845
74207 7840 67401
74219 5020 82697
74229 5220 97905
74285 3480 86504
74306 480 58105
74314 7530 33895
74329 2880 56597
74369 5020 63122
74400 7700 75943
74476 7870 74319
74516 7530 13538
74531 5020 26361
74576 2520 60474
74595 2510 81183
74620 4960 38193
74679 2510 80063
74700 3800 1357
74702 5020 27544
74725 7530 70202
74834 7480 61470
74891 5320 45977
74898 5020 10329
74913 7390 56538
75004 8650 42553
75006 9670 87764
75036 10030 64933
75051 10010 9441
75064 7710 10918
75111 5520 46883
75114 7310 84763
75191 8760 20182
75256 7820 10088
75287 2590 75714
75300 3280 40818
75328 2820 93736
75381 7530 69009
75410 9190 55412
75426 2510 80786
75508 2080 41858
75579 3590 68965
75594 5400 45458
75688 5310 76412
75714 5020 18918
75761 9780 97061
75772 9790 83244
75778 7530 32332
75814 3290 7894
75883 860 21241
75973 7530 47042
76011 7930 63137
76022 3130 79226
76072 4880 13191
76117 9720 75066
76127 5910 88508
76161 4310 11635
76175 2810 58135
76177 7530 21825
76198 7530 25291
76263 4460 17720
76308 8490 55043
76327 2320 2135
76349 7530 58374
76360 7500 80247
76426 1980 87667
76439 2360 5257
76490 3710 13974
76505 7900 20588
76570 8920 74204
76575 6410 10525
76585 4500 56168
76673 5020 90431
76711 2510 23987
76734 7530 66408
76745 7530 8041
76780 8150 60933
76794 8490 87507
76819 2390 72175
76859 7530 8075
76888 7530 29704
76898 6500 2252
76901 3790 32723
76988 350 76282
77019 5020 62534
77031 7050 84225
77035 1950 83749
77100 5160 39813
77102 4340 2371
77127 5020 25302
77216 8290 24717
77233 2510 56484
77268 5620 79166
77277 9510 6089
77291 6680 32069
77317 5020 64750
77394 7530 82820
77453 3330 42028
77476 2510 9360
77545 7310 80462
77550 5020 72931
77580 2090 9641
77588 7530 21875
77607 2510 18276
77628 7530 76517
77675 880 78237
77721 7380 67948
77724 3510 78313
77725 5830 48938
77752 1730 88420
77769 6220 56
77790 850 64370
77976 4060 19493
78048 20 50576
78062 7960 44344
78104 4540 97540
78161 2240 40848
78173 9640 38820
78245 5020 40705
78257 8980 85143
78282 2510 95152
78290 7530 29718
78316 6140 50465
78323 2460 915
78368 8810 39014
78437 2510 33736
78440 5020 35490
78453 2510 52309
78482 6480 19219
78563 7530 56323
78617 2170 36088
78634 2380 7908
78647 2510 31888
78722 4280 89564
78722 8550 60678
78744 5020 39706
78776 7450 20890
78784 7530 250
78809 2510 55813
78855 640 76314
78874 1270 15984
78885 5020 23436
78975 3140 51607
78976 4900 42314
79029 5020 30306
79075 590 11116
79124 8670 29609
79135 1960 5857
79230 7530 17212
79237 680 93126
79260 2510 83512
79290 7530 34221
79560 2510 37437
79564 5020 12410
79565 5020 62880
79571 3990 27282
79586 1820 53414
79603 7530 84970
79693 6080 92861
79745 7830 91847
79792 5830 68886
79849 9690 11852
79851 3200 63021
79858 7530 29463
79893 5350 77729
79928 7530 35332
79958 870 63962
79965 2510 51302
80017 2160 83317
80023 2040 96576
80042 2510 94216
80046 9380 11855
80067 5020 21532
80080 6370 22418
80184 5020 58108
80186 2510 94445
80250 7530 35301
80255 1400 22283
80256 7530 24622
80303 10000 37339
80319 3330 45467
80357 7020 86842
80358 5660 46956
80398 5920 46200
80470 9150 52283
80511 270 21189
80514 4390 28561
80539 20 73500
80570 5760 40995
80606 7530 85402
80646 5020 77003
80706 7530 27578
80792 9960 74326
80861 770 64123
80889 6150 89133
80912 7530 61341
80951 2510 49016
80965 7550 84258
80966 3740 5539
81043 7660 14946
81078 2510 51941
81095 2510 11592
81188 7530 18501
81191 4920 64757
81241 6300 95596
81280 5020 48151
81287 3210 96911
81302 2510 14191
81359 5020 41427
81419 6390 90093
81473 3380 88285
81513 520 76085
81609 2510 10465
81674 5020 33859
81688 2510 67822
81710 7530 87783
81745 2510 65174
81782 7990 43850
81825 7530 25847
81833 2510 3565
81910 8920 97270
81931 4400 65030
81932 7530 94437
81933 9860 48710
81954 160 92366
81983 7530 29540
81986 8990 64890
82001 1200 87929
82015 5450 31955
82053 9530 52321
82063 2510 23511
82074 2510 86409
82094 4220 85834
82117 7270 92264
82124 2510 41810
82168 9230 23715
82178 4800 67511
82210 7530 4707
82214 5020 32315
82229 2900 87126
82236 5020 64032
82248 7530 65227
82268 2970 36592
82283 8160 65361
82339 5710 25924
82342 6970 14369
82432 1770 58939
82457 2230 51635
82512 5070 88741
82541 3120 46320
82577 4410 24516
82615 1910 88501
82616 6830 44580
82645 2300 83450
82699 8750 8871
82772 7530 67047
82806 5020 15027
82825 2510 15552
82877 8050 3324
82890 8540 79894
82899 4540 32982
82902 9370 23388
82962 7530 84524
82987 8320 66626
83016 2210 20124
83160 7480 79534
83168 8570 56163
83175 7530 70133
83199 8650 4617
83205 9350 66771
83208 6850 77019
83289 5020 21538
83411 9680 38312
83412 2510 1518
83459 7920 39746
83469 1710 53523
83528 2140 30641
83538 4550 51871
83545 2510 65338
83563 4410 265
83625 7730 71998
83725 7530 49458
83764 2510 19463
83879 2510 52822
83931 2440 22193
83980 9320 2795
83988 7530 98372
83999 7520 75174
84041 2510 37501
84049 1350 69517
84071 7530 72238
84080 8770 21407
84086 2510 50800
84088 910 67206
84089 7530 50965
84119 4630 54501
84227 3390 44381
84250 4380 3374
84322 2510 73266
84361 9210 97175
84376 1170 54934
84430 7530 21806
84435 7120 11294
84472 7850 45337
84551 2510 43364
84551 5570 42827
84625 7890 10969
84656 5020 20983
84666 7530 70323
84702 2510 89370
84713 2510 60686
84731 2900 41583
84795 2680 79572
84868 4470 65405
84928 6490 3994
84930 7960 38695
84940 2640 47535
84979 4250 32974
85032 2510 45113
85113 2570 86073
85120 8910 67048
85127 5020 35438
85150 6800 7862
85214 770 91046
85243 3070 80272
85250 9810 35404
85267 7360 15594
85269 7530 27838
85300 820 35636
85340 2510 73388
85350 8340 45138
85357 5020 92251
85366 4080 28626
85372 7530 48773
85400 5020 97306
85434 6440 63181
85440 1760 52445
85451 7530 65837
85461 7970 61316
85487 3720 77527
85524 7000 76301
85624 6610 39608
85637 2510 53693
85682 4600 9566
85696 9420 99900
85843 1280 69819
85888 5020 32691
85923 3280 66889
85958 2510 50305
85977 4780 80446
85985 1220 99106
86008 7980 98340
86075 3160 99854
86079 7530 705
86143 8130 55526
86205 2610 55402
86207 4670 71922
86261 5020 48543
86279 4560 13366
86376 8380 965
86397 6590 71969
86400 5020 95499
86425 5020 70746
86452 8520 16723
86457 5020 91793
86528 7530 1883
86534 8310 73186
86601 5020 22591
86610 2510 32922
86680 6850 2245
86682 9780 66889
86699 2510 14618
86805 2310 54521
87026 7580 17569
87165 7530 94384
87234 5020 74996
87248 5020 66407
87267 1310 55167
87298 7530 96892
87328 6700 18417
87382 5020 8958
87496 9490 77716
87527 3470 84228
87529 5490 16105
87535 2510 85269
87535 5020 94474
87554 1670 3897
87579 4860 42491
87692 6460 92008
87790 9630 31557
87791 9950 55022
87802 5940 8627
87811 3370 42656
87832 1750 48381
87853 2380 32290
87872 5020 29840
87884 7530 15411
87894 7530 31143
87908 2510 14673
87910 2510 161
87934 7530 39974
87936 7530 75144
87943 9140 4582
87995 7530 74518
88039 2510 26549
88065 9330 45053
88117 2510 58657
88189 5020 56628
88265 6060 86177
88297 6600 18656
88314 1410 3569
88331 5020 49744
88338 5440 75633
88352 1090 78381
88361 2510 76839
88388 4980 70570
88448 1290 6601
88452 2510 79007
88453 8110 56876
88471 6480 62382
88476 5020 55650
88538 4600 15892
88566 420 49181
88605 8480 55895
88645 4320 92774
88678 5400 95003
88750 9940 26410
88758 1990 54835
88772 2520 78227
88799 7530 66879
88823 6090 57082
88855 7000 67224
88876 5020 15146
88885 8960 32538
88911 7530 35056
88954 2510 85831
88966 2990 6912
88987 2470 50048
89042 5020 36864
89051 6540 35306
89058 560 49648
89090 3790 60383
89150 5020 87823
89203 1640 48250
89218 7530 92091
89260 5750 20842
89266 800 58375
89272 120 26085
89309 9060 97306
89312 9900 44811
89321 1460 54544
89375 2580 71622
89420 590 54522
89429 7130 69012
89488 2510 57472
89513 5510 84684
89520 4090 40371
89574 2510 1760
89587 5800 81648
89601 2510 68285
89628 5020 12039
89647 1250 2098
89657 4790 5136
89667 4130 80199
89668 3030 94028
89759 4610 14504
89771 8500 8314
89833 7320 70364
89834 9770 62050
89842 2610 42443
89863 5020 44420
89888 4240 87191
89906 5020 87810
89971 3620 13293
90014 7530 36797
90031 7530 27003
90050 5690 90539
90059 9110 15599
90093 2510 32881
90132 1250 69072
90215 6980 28785
90223 6570 75245
90262 5010 71464
90290 4920 61554
90417 2710 91547
90427 1850 76904
90435 1740 98691
90435 7530 84668
90448 2510 7756
90479 7530 65098
90490 1340 58907
90561 5950 7508
90592 5020 47968
90599 660 3751
90626 9540 36995
90671 110 47623
90688 2510 38999
90694 50 8339
90730 8080 22323
90764 3130 26113
90847 7750 50739
90849 1240 24965
90851 9890 68197
90925 7530 31299
90983 3360 59950
91046 7630 20504
91066 5020 23025
91141 2510 11531
91242 6750 82264
91339 5560 84533
91377 4190 75493
91404 2510 93847
91412 9180 63961
91463 8080 46536
91484 7530 23045
91504 5020 89271
91516 6040 77979
91518 2510 79959
91528 2660 92340
91532 3110 98564
91547 9000 45054
91595 3860 83669
91634 5020 31329
91703 7080 57487
91722 7530 43595
91736 5020 84814
91736 9080 9713
91746 1880 48885
91786 7530 85769
91873 2510 66410
91912 6650 68178
91914 5020 82224
91916 5020 41585
91928 9030 2887
91958 9010 1686
92035 6740 17004
92076 5080 1050
92175 1920 27771
92191 360 26451
92220 8390 90660
92231 4100 99575
92250 4440 94786
92292 7970 81022
92314 7800 55218
92366 5020 73957
92407 3500 19469
92415 5020 88740
92437 6740 90523
92458 2870 77320
92500 9480 90952
92529 2510 85388
92537 4590 90028
92547 5020 12118
92547 7530 24442
92555 5020 42066
92619 8000 98311
92636 2510 91628
92724 5020 90710
92787 1650 66003
92817 9040 64182
92840 4390 43672
92913 1900 89882
92915 6640 45079
92934 3970 38630
92964 7530 68942
92990 7530 23932
93073 2200 37755
93107 9090 35525
93114 5270 94046
93116 5880 64062
93119 7340 52747
93122 2510 99752
93163 5430 27567
93214 2910 40110
93244 7530 99700
93309 5020 42111
93310 7530 46649
93325 7530 48145
93353 4140 96660
93495 2510 25315
93549 8450 86661
93589 5020 75131
93601 5620 70307
93607 5540 97620
93638 2950 35984
93661 3940 2731
93680 8060 95351
93690 2200 15551
93756 1160 67029
93772 5020 47869
93782 3680 31739
93821 510 6531
93836 1940 16531
93858 2510 67983
93876 7530 22482
93902 6620 6771
93929 5020 68047
93956 5020 37061
94023 6990 13663
94114 2020 59653
94167 9930 89559
94177 5020 3363
94222 2510 15168
94249 880 69626
94370 3200 40993
94388 7530 92459
94404 2510 80204
94416 6990 78405
94424 9220 20869
94442 2120 11659
94449 2340 14625
94462 4350 95003
94541 7140 70190
94554 7920 79965
94593 5020 73291
94628 5020 50237
94708 5020 83364
94760 9840 17981
94808 5020 48216
94816 7530 5679
94863 3690 67581
94888 3400 11573
94902 6770 50908
94943 4820 42687
95079 4500 51305
95079 5020 54855
95094 7530 57091
95158 4970 64266
95192 9740 19376
95220 3700 12165
95245 2220 23131
95252 4330 57132
95264 6380 86063
95298 5470 88168
95312 5020 9210
95340 7530 36571
95356 2510 62672
95372 2510 60502
95381 2000 75239
95537 1600 96787
95546 1640 72332
95566 2510 727
95578 7530 20443
95604 2510 87243
95609 9590 53748
95653 5130 39088
95703 5190 72284
95752 5700 90780
95811 5020 43859
95815 600 73134
95815 3460 13051
95900 6860 57848
95914 5020 18925
95935 4760 10803
95936 2510 79738
95939 9460 36574
95992 8370 8394
96109 7530 26720
96111 5020 13841
96119 9620 75591
96124 7470 40930
96164 2510 21502
96190 9550 68257
96214 8420 54419
96300 1790 91957
96313 9470 35492
96363 2560 17327
96379 5020 72892
96402 5390 48168
96414 2750 36573
96483 2510 48756
96488 3350 10889
96525 6160 75045
96532 4200 27841
96552 5020 91751
96573 2510 28641
96646 4010 33035
96708 7070 81611
96727 5020 24721
96781 8760 93522
96810 1280 8677
96813 2510 21672
96826 2510 29701
96832 5020 10364
96855 3640 35199
96855 6500 28918
96919 5850 9347
96927 5020 78507
96956 6350 33387
96959 5840 28765
96983 7950 46353
97010 7530 27549
97037 1560 65563
97055 1530 86291
97122 760 44596
97169 9230 82013
97313 1050 85032
97342 280 34575
97446 5020 69795
97466 2810 13955
97478 5020 7788
97521 2510 92628
97581 7530 5338
97590 4760 99052
97593 680 11638
97594 2510 7770
97624 2980 54528
97636 7530 12648
97672 9770 96176
97702 9810 39617
97725 3850 69528
97728 5970 22530
97737 8780 74105
97742 5020 1100
97744 6680 43891
97800 600 74115
97850 4800 19774
97862 3910 81054
97964 7530 8530
97998 6880 80830
98001 200 46538
98121 2770 33751
98134 2970 69079
98179 8090 43241
98226 5020 93427
98331 1580 54391
98406 4450 99144
98441 6290 37033
98519 7440 9020
98528 7530 53763
98540 5020 10431
98562 1630 61686
98582 9410 4162
98586 2510 68827
98660 9570 45251
98773 5020 33280
98783 9690 90366
98784 5530 58177
98836 1940 74211
98851 4670 89958
98855 7530 58405
98946 2150 24855
98965 4150 98986
99029 2800 39522
99031 2600 8900
99063 9630 21438
99273 7530 84936
99410 4530 69597
99414 2600 91735
99443 8850 13195
99545 1860 99422
99634 9590 30177
99642 1720 8483
99646 2350 57418
99734 2510 13725
99751 1920 16151
99765 4850 16174
99766 8480 75768
99790 4570 10550
99809 9210 29699
99817 1520 97235
99826 5490 63289
99945 6190 56547
99946 9720 19049
99984 2510 46244
