3000 100 33333 66666
31026 331 100000
31067 129 100000
31114 128 100000
31122 332 100000
31163 127 100000
31175 301 100000
31177 304 100000
31200 252 100000
31224 303 100000
31250 254 100000
31252 287 100000
31271 302 100000
31296 253 100000
31298 286 100000
31312 124 100000
31335 249 100000
31342 255 100000
31348 258 100000
31356 309 100000
31362 123 100000
31396 257 100000
31415 344 100000
31419 323 100000
31422 335 100000
31437 112 100000
31438 289 100000
31441 256 100000
31447 307 100000
31454 121 100000
31455 295 100000
31455 313 100000
31466 319 100000
31469 195 100000
31484 111 100000
31486 282 100000
31499 120 100000
31519 194 100000
31523 245 100000
31532 269 100000
31535 281 100000
31536 272 100000
31547 119 100000
31552 311 100000
31558 320 100000
31558 341 100000
31561 338 100000
31566 193 100000
31576 109 100000
31582 280 100000
31610 337 100000
31618 240 100000
31621 243 100000
31622 267 100000
31623 108 100000
31627 279 100000
31628 114 100000
31629 270 100000
31629 273 100000
31635 291 100000
31637 261 100000
31653 185 100000
31653 339 100000
31654 315 100000
31658 191 100000
31661 236 100000
31664 197 100000
31671 107 100000
31706 235 100000
31709 238 100000
31711 241 100000
31722 277 100000
31728 115 100000
31746 183 100000
31749 186 100000
31753 234 100000
31755 237 100000
31762 105 100000
31772 276 100000
31793 182 100000
31795 188 100000
31798 348 100000
31811 104 100000
31817 275 100000
31819 203 100000
31822 263 100000
31841 187 100000
31842 181 100000
31865 202 100000
31889 180 100000
31890 177 100000
31906 162 100000
31906 165 100000
31953 161 100000
31964 200 100000
31981 178 100000
31989 175 100000
31991 169 100000
31996 166 100000
31999 211 100000
32000 100 100000
32001 163 100000
32039 174 100000
32085 351 100000
32088 173 100000
32089 167 100000
32093 206 100000
32094 215 100000
32095 158 100000
32136 208 100000
32148 217 100000
32152 226 100000
32181 171 100000
32183 207 100000
32190 147 100000
32193 213 100000
32193 216 100000
32195 156 100000
32229 95 100000
32243 224 100000
32276 94 100000
32289 148 100000
32290 154 100000
32322 93 100000
32331 219 100000
32334 358 100000
32335 222 100000
32336 144 100000
32369 92 100000
32381 152 100000
32382 143 100000
32385 354 100000
32419 91 100000
32425 220 100000
32472 150 100000
32475 355 100000
32518 89 100000
32568 88 100000
32615 87 100000
32628 361 100000
32706 85 100000
32723 362 100000
32754 84 100000
32850 82 100000
32898 81 100000
32988 79 100000
33000 365 100000
33053 370 100000
33076 65 100000
33124 64 100000
33131 76 100000
33172 63 100000
33194 367 100000
33218 59 100000
33219 62 100000
33226 74 100000
33265 61 100000
33274 73 100000
33287 1 100000
33311 57 100000
33313 60 100000
33321 69 100000
33368 29 100000
33368 71 100000
33370 68 100000
33417 70 100000
33497 53 100000
33536 375 100000
33555 46 100000
33561 37 100000
33566 25 100000
33587 51 100000
33610 36 100000
33632 6 100000
33654 38 100000
33661 32 100000
33679 5 100000
33722 377 100000
33726 380 100000
33735 48 100000
33749 39 100000
33756 33 100000
33814 20 100000
33822 378 100000
33842 40 100000
33906 9 100000
33914 642 100000
33962 17 100000
33963 641 100000
34008 16 100000
34010 640 100000
34096 635 100000
34106 14 100000
34141 516 100000
34151 543 100000
34155 13 100000
34184 645 100000
34193 636 100000
34203 12 100000
34232 632 100000
34233 517 100000
34282 631 100000
34283 513 100000
34327 518 100000
34347 545 100000
34371 647 100000
34387 538 100000
34412 610 100000
34417 519 100000
34420 628 100000
34464 388 100000
34468 648 100000
34478 509 100000
34482 548 100000
34490 533 100000
34529 505 100000
34530 547 100000
34531 550 100000
34535 535 100000
34558 652 100000
34559 649 100000
34573 501 100000
34576 549 100000
34581 534 100000
34593 606 100000
34602 621 100000
34615 521 100000
34619 506 100000
34634 478 100000
34640 605 100000
34643 469 100000
34647 620 100000
34650 623 100000
34650 650 100000
34664 499 100000
34668 502 100000
34670 529 100000
34687 604 100000
34688 468 100000
34697 619 100000
34699 622 100000
34719 528 100000
34730 476 100000
34730 479 100000
34738 467 100000
34739 394 100000
34751 445 100000
34763 524 100000
34767 527 100000
34777 475 100000
34780 590 100000
34785 393 100000
34787 614 100000
34791 396 100000
34791 617 100000
34809 523 100000
34813 526 100000
34832 601 100000
34833 392 100000
34833 471 100000
34836 395 100000
34858 525 100000
34877 473 100000
34885 615 100000
34898 442 100000
34921 463 100000
34926 472 100000
34930 599 100000
34935 493 100000
34964 1651 100000
34967 462 100000
34971 568 100000
34973 595 100000
34977 598 100000
34988 434 100000
34995 440 100000
35015 1656 100000
35016 567 100000
35028 582 100000
35031 491 100000
35037 433 100000
35062 566 100000
35063 593 100000
35064 1652 100000
35064 1655 100000
35070 596 100000
35082 659 100000
35099 1599 100000
35116 1547 100000
35123 574 100000
35123 583 100000
35127 658 100000
35133 431 100000
35134 437 100000
35149 1502 100000
35161 1546 100000
35163 732 100000
35163 1653 100000
35169 573 100000
35171 488 100000
35172 579 100000
35182 436 100000
35196 1588 100000
35196 1600 100000
35202 557 100000
35209 731 100000
35218 1575 100000
35235 668 100000
35237 1645 100000
35239 1500 100000
35243 1596 100000
35244 1593 100000
35247 1503 100000
35262 748 100000
35262 1666 100000
35264 571 100000
35268 428 100000
35280 667 100000
35284 1644 100000
35285 810 100000
35299 729 100000
35306 1659 100000
35311 485 100000
35314 576 100000
35330 1498 100000
35333 809 100000
35338 1591 100000
35341 1594 100000
35348 560 100000
35352 734 100000
35360 749 100000
35361 1667 100000
35366 1569 100000
35378 808 100000
35380 402 100000
35386 1590 100000
35387 408 100000
35394 559 100000
35397 754 100000
35400 1608 100000
35405 1617 100000
35410 1571 100000
35413 1559 100000
35417 425 100000
35419 1641 100000
35424 452 100000
35425 807 100000
35431 1508 100000
35432 404 100000
35433 407 100000
35442 753 100000
35446 1604 100000
35448 1607 100000
35458 744 100000
35458 1570 100000
35460 1561 100000
35462 1555 100000
35462 1567 100000
35465 1640 100000
35467 812 100000
35471 663 100000
35477 403 100000
35482 406 100000
35489 1661 100000
35491 752 100000
35491 1603 100000
35493 1612 100000
35505 1560 100000
35505 1673 100000
35506 966 100000
35507 1539 100000
35508 969 100000
35510 1554 100000
35511 1551 100000
35516 805 100000
35522 1509 100000
35523 1506 100000
35531 405 100000
35536 736 100000
35540 751 100000
35545 1605 100000
35548 1626 100000
35550 742 100000
35552 1538 100000
35556 1580 100000
35558 1553 100000
35560 1556 100000
35566 801 100000
35567 1511 100000
35590 1610 100000
35591 1613 100000
35594 711 100000
35594 845 100000
35595 848 100000
35596 741 100000
35596 1634 100000
35599 964 100000
35601 1564 100000
35602 1619 100000
35604 1552 100000
35605 830 100000
35605 967 100000
35605 1579 100000
35609 681 100000
35611 693 100000
35612 773 100000
35612 800 100000
35614 1510 100000
35615 803 100000
35635 737 100000
35643 420 100000
35643 844 100000
35643 847 100000
35647 963 100000
35647 1536 100000
35647 1636 100000
35647 1670 100000
35650 1563 100000
35652 677 100000
35655 680 100000
35658 692 100000
35660 772 100000
35660 799 100000
35661 1485 100000
35662 1488 100000
35664 802 100000
35678 715 100000
35687 1623 100000
35689 709 100000
35691 846 100000
35692 843 100000
35694 962 100000
35695 688 100000
35695 1635 100000
35697 852 100000
35700 676 100000
35705 980 100000
35707 798 100000
35708 771 100000
35710 694 100000
35711 1490 100000
35714 720 100000
35715 974 100000
35717 759 100000
35727 714 100000
35734 738 100000
35742 842 100000
35742 961 100000
35743 418 100000
35746 1534 100000
35751 985 100000
35752 678 100000
35754 776 100000
35758 770 100000
35758 1489 100000
35760 1486 100000
35762 758 100000
35763 719 100000
35764 767 100000
35766 1017 100000
35775 713 100000
35785 1621 100000
35786 707 100000
35792 674 100000
35792 841 100000
35793 689 100000
35793 850 100000
35794 1676 100000
35799 1527 100000
35800 775 100000
35800 796 100000
35800 1679 100000
35802 778 100000
35806 972 100000
35807 763 100000
35812 718 100000
35815 1016 100000
35837 416 100000
35837 959 100000
35838 1629 100000
35841 840 100000
35845 1481 100000
35845 1678 100000
35848 777 100000
35848 795 100000
35849 1529 100000
35856 768 100000
35860 717 100000
35863 1018 100000
35867 1033 100000
35882 684 100000
35886 415 100000
35887 839 100000
35893 794 100000
35893 982 100000
35893 1677 100000
35894 1480 100000
35894 1531 100000
35895 854 100000
35895 976 100000
35896 1528 100000
35899 788 100000
35901 761 100000
35905 764 100000
35906 946 100000
35914 1029 100000
35915 1014 100000
35930 871 100000
35931 414 100000
35936 877 100000
35939 781 100000
35939 784 100000
35940 1530 100000
35944 790 100000
35944 817 100000
35952 945 100000
35955 1019 100000
35957 1010 100000
35958 1004 100000
35961 1031 100000
35962 1013 100000
35962 1028 100000
35975 1040 100000
35985 780 100000
35989 783 100000
35992 1523 100000
35993 789 100000
35994 1478 100000
35995 819 100000
36004 1009 100000
36010 1027 100000
36011 1030 100000
36021 1039 100000
36023 1042 100000
36026 878 100000
36028 869 100000
36031 702 100000
36034 875 100000
36035 782 100000
36036 785 100000
36036 791 100000
36041 952 100000
36042 1477 100000
36044 818 100000
36048 1471 100000
36052 1516 100000
36054 1011 100000
36056 1002 100000
36070 1041 100000
36071 1038 100000
36084 1521 100000
36086 835 100000
36093 820 100000
36095 1470 100000
36101 1025 100000
36118 1037 100000
36123 1043 100000
36126 700 100000
36127 867 100000
36128 873 100000
36132 953 100000
36140 1472 100000
36141 1006 100000
36141 1469 100000
36149 1021 100000
36149 1024 100000
36163 1036 100000
36167 991 100000
36173 699 100000
36175 866 100000
36177 934 100000
36180 949 100000
36184 1519 100000
36186 1474 100000
36187 1468 100000
36200 999 100000
36206 1053 100000
36214 1044 100000
36215 990 100000
36222 1461 100000
36227 939 100000
36232 1473 100000
36232 1518 100000
36235 1467 100000
36243 1022 100000
36251 1684 100000
36255 1052 100000
36268 858 100000
36276 932 100000
36276 938 100000
36285 1466 100000
36297 1054 100000
36301 1051 100000
36304 1045 100000
36304 1048 100000
36306 1060 100000
36331 1465 100000
36339 1688 100000
36342 996 100000
36355 1059 100000
36362 1455 100000
36363 1458 100000
36368 1437 100000
36373 936 100000
36374 930 100000
36376 1153 100000
36385 1687 100000
36389 885 100000
36398 1049 100000
36401 1046 100000
36403 1058 100000
36408 1457 100000
36421 1463 100000
36423 1152 100000
36426 1692 100000
36432 1686 100000
36433 1158 100000
36434 884 100000
36437 887 100000
36438 994 100000
36449 860 100000
36453 1456 100000
36467 1447 100000
36471 928 100000
36473 1691 100000
36481 883 100000
36487 886 100000
36497 1056 100000
36509 1434 100000
36516 1150 100000
36516 1440 100000
36517 1165 100000
36517 1446 100000
36519 1690 100000
36533 888 100000
36555 1451 100000
36562 1149 100000
36563 1439 100000
36569 926 100000
36571 1155 100000
36605 1172 100000
36605 1432 100000
36611 1148 100000
36611 1441 100000
36616 1163 100000
36617 925 100000
36652 1171 100000
36654 1449 100000
36658 1443 100000
36671 891 100000
36701 1170 100000
36704 1146 100000
36707 1442 100000
36709 923 100000
36710 1119 100000
36715 1161 100000
36718 890 100000
36751 1136 100000
36754 1429 100000
36759 1065 100000
36766 1709 100000
36789 1696 100000
36800 1135 100000
36801 1168 100000
36805 1120 100000
36810 1705 100000
36842 1143 100000
36846 1134 100000
36854 1116 100000
36872 914 100000
36894 1133 100000
36899 1124 100000
36903 1703 100000
36905 1706 100000
36908 919 100000
36909 1420 100000
36931 1195 100000
36935 1085 100000
36937 1177 100000
36941 1138 100000
36953 1425 100000
36960 897 100000
36963 915 100000
36973 1248 100000
36978 1194 100000
36983 1176 100000
36991 1122 100000
36991 1131 100000
37002 1113 100000
37008 1289 100000
37014 911 100000
37025 1244 100000
37028 1301 100000
37031 1178 100000
37036 1139 100000
37037 1080 100000
37041 1700 100000
37045 1423 100000
37050 1417 100000
37054 916 100000
37058 895 100000
37070 1246 100000
37074 1213 100000
37074 1243 100000
37077 1180 100000
37086 1699 100000
37091 1729 100000
37092 1422 100000
37098 1111 100000
37100 1413 100000
37105 903 100000
37109 1314 100000
37113 1269 100000
37118 1299 100000
37119 1245 100000
37121 1212 100000
37125 1179 100000
37126 1191 100000
37128 1239 100000
37134 1081 100000
37137 1128 100000
37144 1110 100000
37148 1283 100000
37149 1415 100000
37152 1316 100000
37159 1313 100000
37160 1265 100000
37161 1268 100000
37174 1391 100000
37175 1089 100000
37185 1727 100000
37186 1127 100000
37198 1414 100000
37199 907 100000
37199 1285 100000
37200 1315 100000
37205 1312 100000
37207 1216 100000
37210 1267 100000
37212 1219 100000
37213 1201 100000
37215 1183 100000
37215 1366 100000
37217 1228 100000
37218 1237 100000
37220 1210 100000
37221 1070 100000
37221 1198 100000
37222 1381 100000
37223 1240 100000
37224 1088 100000
37224 1189 100000
37226 1723 100000
37230 1726 100000
37247 906 100000
37248 1284 100000
37249 900 100000
37253 1224 100000
37255 1266 100000
37255 1362 100000
37256 1215 100000
37261 1332 100000
37263 1182 100000
37263 1227 100000
37263 1236 100000
37264 1075 100000
37264 1386 100000
37266 1338 100000
37272 1383 100000
37278 1725 100000
37291 1280 100000
37292 905 100000
37298 1310 100000
37302 1223 100000
37303 1217 100000
37303 1361 100000
37304 1358 100000
37305 1364 100000
37306 1331 100000
37308 1355 100000
37311 1235 100000
37312 1199 100000
37312 1337 100000
37313 1388 100000
37314 1385 100000
37317 1382 100000
37324 1724 100000
37337 1318 100000
37350 1363 100000
37353 1225 100000
37354 1354 100000
37356 1091 100000
37362 1384 100000
37363 1387 100000
37364 1073 100000
37370 1207 100000
37370 1735 100000
37386 1326 100000
37397 1359 100000
37398 1293 100000
37398 1356 100000
37398 1407 100000
37399 1221 100000
37399 1353 100000
37402 1395 100000
37405 1335 100000
37405 1377 100000
37407 1230 100000
37410 1260 100000
37410 1719 100000
37413 1368 100000
37414 1072 100000
37414 1185 100000
37415 1206 100000
37420 1734 100000
37431 1325 100000
37432 1319 100000
37443 1343 100000
37447 1394 100000
37448 1352 100000
37452 1334 100000
37458 1253 100000
37460 1205 100000
37467 1733 100000
37480 1324 100000
37484 1103 100000
37486 1306 100000
37486 1327 100000
37488 1342 100000
37494 1097 100000
37496 1348 100000
37497 1231 100000
37503 1375 100000
37505 1372 100000
37505 1717 100000
37507 1204 100000
37509 1258 100000
37509 1369 100000
37536 1341 100000
37536 1404 100000
37541 1347 100000
37551 1371 100000
37575 1274 100000
37581 1101 100000
37584 1098 100000
37588 1095 100000
37592 1349 100000
37596 1373 100000
37601 1370 100000
37616 1321 100000
37634 1094 100000
37634 1345 100000
37649 1738 100000
37656 1255 100000
37679 1099 100000
37764 1399 100000
37939 1741 100000
38195 1748 100000
38292 1779 100000
38293 1749 100000
38332 1745 100000
38380 1783 100000
38429 1782 100000
38467 1766 100000
38470 1754 100000
38475 1781 100000
38517 1765 100000
38525 1789 100000
38562 1773 100000
38563 1764 100000
38568 1752 100000
38570 1791 100000
38571 1785 100000
38608 1772 100000
38617 1787 100000
38618 1790 100000
38655 1771 100000
38662 1786 100000
38753 1769 100000
38762 1757 100000
38862 1758 100000
39151 1800 100000
39198 1802 100000
39245 1798 100000
39246 1801 100000
39473 1818 100000
39521 1817 100000
39569 1819 100000
39752 1812 100000
39798 1808 100000
39815 1823 100000
39864 1822 100000
39869 1834 100000
39888 1809 100000
39915 1833 100000
39952 1829 100000
39998 1825 100000
40043 1827 100000
40050 1830 100000
40092 1826 100000
40216 1839 100000
40262 1838 100000
40307 1843 100000
40401 1841 100000
40498 1845 100000
40795 1848 100000
41229 1854 100000
41277 1853 100000
41500 1869 100000
41502 1857 100000
41505 1872 100000
41594 1858 100000
41595 1864 100000
41595 1867 100000
41599 1870 100000
41643 1863 100000
41643 1866 100000
41688 1865 100000
41692 1862 100000
41737 1861 100000
41784 1860 100000
42076 1878 100000
42123 1880 100000
42169 1879 100000
42218 1881 100000
42312 1882 100000
42313 1897 100000
42353 1887 100000
42407 1895 100000
42421 1919 100000
42444 1885 100000
42465 1915 100000
42469 1918 100000
42494 1884 100000
42505 1893 100000
42513 1914 100000
42516 1917 100000
42563 1916 100000
42608 1912 100000
42649 1890 100000
42656 1911 100000
42705 1910 100000
42803 1902 100000
42848 1907 100000
42897 1906 100000
42963 1926 100000
42991 1904 100000
43010 1925 100000
43536 1932 100000
43587 1937 100000
43633 1939 100000
43680 1938 100000
43732 1934 100000
43913 1945 100000
43962 1944 100000
44009 1943 100000
44139 2088 100000
44233 2086 100000
44278 2085 100000
44319 2093 100000
44326 2084 100000
44411 2091 100000
44420 2082 100000
44429 2025 100000
44434 2016 100000
44453 1985 100000
44457 2099 100000
44478 2024 100000
44521 2026 100000
44548 1983 100000
44548 2097 100000
44549 2100 100000
44569 2079 100000
44575 2076 100000
44577 2013 100000
44597 2096 100000
44609 1952 100000
44621 2117 100000
44626 2021 100000
44627 2012 100000
44628 2018 100000
44645 2101 100000
44663 2122 100000
44665 2074 100000
44666 2077 100000
44667 2116 100000
44674 2020 100000
44676 2011 100000
44677 2008 100000
44683 1980 100000
44696 2103 100000
44710 2121 100000
44720 2019 100000
44724 2010 100000
44730 1979 100000
44741 2102 100000
44758 2114 100000
44758 2120 100000
44772 2009 100000
44804 2119 100000
44851 1956 100000
44864 2001 100000
44882 2105 100000
44893 2111 100000
44896 1955 100000
44905 2066 100000
44908 2069 100000
44917 2003 100000
44940 2110 100000
44953 2065 100000
44956 2068 100000
44959 1999 100000
44962 2002 100000
44977 1974 100000
44987 2109 100000
44989 2031 100000
44992 2127 100000
45003 2067 100000
45008 2133 100000
45025 1973 100000
45037 1958 100000
45037 2126 100000
45041 1961 100000
45044 1991 100000
45049 1994 100000
45074 1972 100000
45077 2107 100000
45082 2032 100000
45086 1960 100000
45098 1993 100000
45103 2059 100000
45132 1959 100000
45143 1992 100000
45149 1995 100000
45192 2129 100000
45193 2060 100000
45201 2057 100000
45225 1963 100000
45250 2056 100000
45314 1967 100000
45379 2140 100000
45381 2210 100000
45407 1965 100000
45416 2200 100000
45420 2206 100000
45423 2040 100000
45439 2052 100000
45461 2202 100000
45462 2196 100000
45462 2199 100000
45470 2141 100000
45475 2214 100000
45476 2138 100000
45478 2045 100000
45484 2051 100000
45510 2201 100000
45518 2207 100000
45522 2041 100000
45522 2213 100000
45525 2044 100000
45530 2050 100000
45553 2197 100000
45554 2194 100000
45560 2203 100000
45561 2037 100000
45567 2215 100000
45571 2212 100000
45576 2049 100000
45619 2042 100000
45623 2048 100000
45664 2216 100000
45672 2047 100000
45696 2191 100000
45717 2145 100000
45763 2144 100000
45791 2189 100000
45811 2146 100000
45841 2188 100000
45888 2187 100000
45979 2185 100000
46048 2220 100000
46049 2235 100000
46071 2183 100000
46100 2222 100000
46141 2233 100000
46141 2236 100000
46147 2221 100000
46166 2175 100000
46214 2180 100000
46240 2231 100000
46263 2173 100000
46268 2501 100000
46283 2224 100000
46286 2230 100000
46307 2151 100000
46315 2500 100000
46325 2494 100000
46335 2238 100000
46344 2162 100000
46354 2171 100000
46358 2177 100000
46364 2499 100000
46372 2493 100000
46381 2228 100000
46392 2161 100000
46417 2492 100000
46424 2245 100000
46430 2227 100000
46433 2239 100000
46440 2163 100000
46464 2491 100000
46466 2509 100000
46478 2226 100000
46486 2159 100000
46512 2496 100000
46512 2556 100000
46513 2490 100000
46532 2158 100000
46555 2558 100000
46563 2552 100000
46605 2557 100000
46606 2488 100000
46606 2569 100000
46608 2548 100000
46609 2551 100000
46609 2566 100000
46610 2554 100000
46616 2241 100000
46619 2247 100000
46622 2156 100000
46629 2165 100000
46652 2487 100000
46654 2559 100000
46655 2553 100000
46658 2505 100000
46668 2155 100000
46698 2546 100000
46700 2567 100000
46701 2486 100000
46704 2549 100000
46704 2564 100000
46745 2536 100000
46747 2512 100000
46748 2485 100000
46751 2527 100000
46751 2560 100000
46753 2563 100000
46797 2538 100000
46802 2562 100000
46837 2534 100000
46839 2513 100000
46839 2543 100000
46844 2537 100000
46848 2528 100000
46849 2561 100000
46864 2251 100000
46886 2542 100000
46887 2524 100000
46891 2530 100000
46911 2250 100000
46936 2532 100000
46940 2529 100000
46948 2481 100000
46952 2478 100000
46964 2252 100000
46979 2540 100000
46982 2531 100000
46984 2522 100000
47014 2260 100000
47042 2479 100000
47055 2253 100000
47063 2259 100000
47098 2894 100000
47112 2258 100000
47120 2282 100000
47127 2519 100000
47143 2749 100000
47174 2518 100000
47202 2859 100000
47212 2262 100000
47214 2280 100000
47219 2517 100000
47224 2945 100000
47226 2831 100000
47233 2750 100000
47242 2840 100000
47248 2255 100000
47248 2472 100000
47269 2270 100000
47269 2944 100000
47273 2830 100000
47291 2839 100000
47311 2284 100000
47312 2934 100000
47314 2269 100000
47316 2943 100000
47328 2398 100000
47329 2745 100000
47337 2856 100000
47338 2841 100000
47339 2838 100000
47348 2889 100000
47362 2277 100000
47374 2397 100000
47374 2577 100000
47386 2469 100000
47410 2276 100000
47412 2932 100000
47426 2752 100000
47427 2579 100000
47437 2854 100000
47453 2272 100000
47458 2931 100000
47459 2266 100000
47472 2578 100000
47482 2853 100000
47483 2699 100000
47488 2865 100000
47501 2274 100000
47504 2265 100000
47507 2930 100000
47512 2939 100000
47518 2819 100000
47519 2822 100000
47520 2948 100000
47521 2741 100000
47522 2951 100000
47524 2834 100000
47530 2852 100000
47532 2466 100000
47532 2885 100000
47533 2864 100000
47549 2273 100000
47552 2929 100000
47553 2926 100000
47567 2740 100000
47572 2755 100000
47575 2851 100000
47577 2884 100000
47581 2465 100000
47581 2863 100000
47598 2676 100000
47599 2808 100000
47600 2925 100000
47602 2937 100000
47603 2389 100000
47612 2739 100000
47612 2949 100000
47615 2820 100000
47617 2823 100000
47619 2877 100000
47621 2754 100000
47624 2883 100000
47626 2401 100000
47644 2927 100000
47646 2675 100000
47646 2997 100000
47652 2900 100000
47656 2903 100000
47661 2738 100000
47666 2876 100000
47668 2701 100000
47670 2867 100000
47671 2849 100000
47685 2291 100000
47694 2806 100000
47694 2920 100000
47700 2384 100000
47700 2390 100000
47702 2387 100000
47702 2815 100000
47719 2462 100000
47736 2995 100000
47739 2802 100000
47743 2673 100000
47746 2901 100000
47746 2922 100000
47748 2386 100000
47752 2814 100000
47756 2874 100000
47764 2404 100000
47768 2702 100000
47770 2693 100000
47776 2985 100000
47781 2289 100000
47790 2804 100000
47794 2921 100000
47797 2385 100000
47797 3000 100000
47809 2460 100000
47809 2954 100000
47811 2403 100000
47818 2879 100000
47819 2846 100000
47825 2984 100000
47832 2993 100000
47834 2297 100000
47836 2671 100000
47836 2803 100000
47841 2917 100000
47842 2999 100000
47849 2381 100000
47855 2459 100000
47856 2869 100000
47856 2872 100000
47861 2444 100000
47867 2691 100000
47871 2679 100000
47875 2983 100000
47877 2992 100000
47882 2296 100000
47883 2670 100000
47887 2799 100000
47889 2811 100000
47897 2733 100000
47904 2458 100000
47924 2991 100000
47931 2295 100000
47936 2798 100000
47943 2732 100000
47951 2457 100000
47954 2870 100000
47958 2442 100000
47959 2689 100000
47963 2704 100000
47964 2683 100000
47967 2987 100000
47968 2981 100000
47979 2294 100000
47980 2914 100000
47982 2668 100000
47984 2656 100000
47984 2719 100000
47984 2797 100000
47985 2662 100000
47988 2378 100000
47990 2956 100000
47992 2731 100000
48006 2441 100000
48008 2435 100000
48008 2688 100000
48010 2682 100000
48030 2718 100000
48031 2416 100000
48033 2655 100000
48055 2434 100000
48056 2681 100000
48060 2988 100000
48062 2979 100000
48069 2765 100000
48070 2762 100000
48071 2909 100000
48072 2666 100000
48073 2912 100000
48076 2717 100000
48079 2663 100000
48082 2654 100000
48082 2657 100000
48082 2795 100000
48083 2720 100000
48085 2376 100000
48086 2301 100000
48092 2729 100000
48097 2454 100000
48099 2439 100000
48110 2978 100000
48115 2761 100000
48115 2764 100000
48120 2908 100000
48121 2665 100000
48131 2300 100000
48139 2728 100000
48143 2453 100000
48150 2432 100000
48155 2685 100000
48155 2974 100000
48157 2977 100000
48160 2763 100000
48163 2772 100000
48164 2910 100000
48165 2784 100000
48169 2664 100000
48172 2715 100000
48174 2793 100000
48177 2302 100000
48177 2371 100000
48179 2374 100000
48179 2658 100000
48194 2437 100000
48194 2964 100000
48205 2777 100000
48213 2412 100000
48213 2711 100000
48214 2786 100000
48217 2714 100000
48217 2789 100000
48220 2792 100000
48222 2370 100000
48226 2651 100000
48233 2364 100000
48239 2448 100000
48248 2430 100000
48249 2972 100000
48249 2975 100000
48254 2773 100000
48259 2785 100000
48265 2791 100000
48269 2369 100000
48272 2650 100000
48275 2303 100000
48275 2372 100000
48279 2363 100000
48284 2959 100000
48286 2962 100000
48294 2429 100000
48294 2965 100000
48309 2787 100000
48311 2410 100000
48311 2712 100000
48311 2781 100000
48312 2769 100000
48314 2790 100000
48317 2368 100000
48323 2305 100000
48333 2449 100000
48339 2970 100000
48340 2425 100000
48341 2967 100000
48350 2774 100000
48360 2768 100000
48361 2708 100000
48365 2367 100000
48371 2304 100000
48382 2960 100000
48383 2723 100000
48386 2424 100000
48391 2966 100000
48393 2427 100000
48403 2779 100000
48414 2366 100000
48416 2644 100000
48438 2968 100000
48439 2426 100000
48463 2643 100000
48508 2645 100000
48509 2642 100000
48518 2591 100000
48529 2421 100000
48536 2355 100000
48609 2592 100000
48622 2308 100000
48628 2356 100000
48629 2353 100000
48678 2352 100000
48715 2315 100000
48725 2351 100000
48745 2637 100000
48758 2311 100000
48761 2314 100000
48773 2350 100000
48804 2310 100000
48806 2313 100000
48807 2331 100000
48808 2316 100000
48814 2627 100000
48819 2349 100000
48854 2312 100000
48857 2629 100000
48883 2595 100000
48892 2607 100000
48898 2317 100000
48905 2628 100000
48910 2625 100000
48940 2633 100000
48988 2318 100000
48989 2327 100000
48989 2333 100000
48999 2342 100000
49009 2620 100000
49039 2631 100000
49054 2622 100000
49079 2325 100000
49087 2334 100000
49087 2337 100000
49088 2603 100000
49095 2343 100000
49099 2618 100000
49100 2621 100000
49136 2336 100000
49147 2617 100000
49172 2323 100000
49172 2598 100000
49183 2338 100000
49184 2335 100000
49240 2612 100000
49269 2599 100000
49271 2321 100000
49289 2611 100000
49339 2613 100000
57384 2217 100000
57384 2229 100000
57433 2218 100000
57464 2249 100000
57468 2240 100000
57480 2219 100000
57527 2232 100000
57554 2248 100000
57558 2242 100000
57584 2167 100000
57607 2243 100000
57607 2267 100000
57618 2234 100000
57634 2168 100000
57654 2244 100000
57656 2268 100000
57671 2223 100000
57675 2166 100000
57679 2169 100000
57710 2254 100000
57729 2170 100000
57735 2176 100000
57747 2246 100000
57761 2237 100000
57765 2225 100000
57803 2271 100000
57808 2256 100000
57825 2178 100000
57828 2172 100000
57853 2263 100000
57857 2257 100000
57866 2164 100000
57871 2179 100000
57900 2264 100000
57902 2195 100000
57928 2174 100000
57949 2211 100000
57961 2181 100000
57993 2275 100000
58008 2182 100000
58036 2279 100000
58041 2198 100000
58042 2261 100000
58062 2431 100000
58082 2208 100000
58093 2193 100000
58099 2184 100000
58099 2423 100000
58132 2209 100000
58132 2278 100000
58132 2281 100000
58135 2710 100000
58136 2707 100000
58152 2433 100000
58185 2705 100000
58187 2192 100000
58190 2186 100000
58191 2422 100000
58224 2283 100000
58228 2709 100000
58234 2706 100000
58239 2667 100000
58241 2160 100000
58255 2555 100000
58272 2713 100000
58288 2436 100000
58292 2418 100000
58298 2484 100000
58316 2285 100000
58322 2377 100000
58325 2380 100000
58331 2204 100000
58333 2669 100000
58334 2428 100000
58340 2419 100000
58340 2482 100000
58363 2286 100000
58368 2396 100000
58370 2703 100000
58371 2190 100000
58379 2205 100000
58380 2411 100000
58383 2438 100000
58389 2417 100000
58389 2420 100000
58390 2483 100000
58396 2456 100000
58408 2716 100000
58409 2373 100000
58413 2287 100000
58418 2400 100000
58419 2382 100000
58420 2379 100000
58424 2508 100000
58431 2511 100000
58442 2463 100000
58460 2288 100000
58461 2395 100000
58467 2383 100000
58469 2506 100000
58474 2413 100000
58475 2672 100000
58477 2440 100000
58491 2464 100000
58492 2455 100000
58508 2375 100000
58510 2402 100000
58515 2157 100000
58516 2507 100000
58517 2399 100000
58521 2414 100000
58521 2510 100000
58523 2480 100000
58531 2489 100000
58538 2498 100000
58554 2394 100000
58558 2290 100000
58562 2409 100000
58569 2415 100000
58572 2653 100000
58572 2674 100000
58574 2514 100000
58580 2098 100000
58617 2539 100000
58620 2443 100000
58620 2515 100000
58623 2446 100000
58631 2461 100000
58632 2467 100000
58637 2497 100000
58648 2393 100000
58652 2700 100000
58655 2292 100000
58657 2721 100000
58658 2405 100000
58658 2408 100000
58666 2504 100000
58666 2516 100000
58666 2652 100000
58671 2447 100000
58677 2468 100000
58693 2388 100000
58703 2406 100000
58704 2293 100000
58705 2152 100000
58706 2722 100000
58711 2523 100000
58716 2445 100000
58716 2677 100000
58717 2541 100000
58717 2565 100000
58718 2502 100000
58723 2638 100000
58724 2550 100000
58740 2392 100000
58749 2407 100000
58753 2660 100000
58754 2153 100000
58761 2678 100000
58763 2503 100000
58770 2108 100000
58770 2452 100000
58772 2470 100000
58772 2639 100000
58798 2661 100000
58798 2697 100000
58798 2724 100000
58800 2694 100000
58801 2154 100000
58803 2727 100000
58808 2525 100000
58816 2094 100000
58819 2471 100000
58819 2640 100000
58820 2450 100000
58822 2477 100000
58822 2495 100000
58830 2604 100000
58839 2391 100000
58843 2725 100000
58844 2143 100000
58844 2698 100000
58845 2571 100000
58846 2695 100000
58846 2845 100000
58847 2299 100000
58848 2520 100000
58848 2574 100000
58849 2659 100000
58852 2568 100000
58854 2526 100000
58855 2680 100000
58862 2095 100000
58863 2113 100000
58864 2544 100000
58866 2104 100000
58866 2451 100000
58869 2641 100000
58879 2605 100000
58891 2150 100000
58892 2572 100000
58893 2521 100000
58893 2726 100000
58894 2575 100000
58894 2696 100000
58896 2596 100000
58907 2690 100000
58910 2545 100000
58910 2648 100000
58912 2476 100000
58916 2473 100000
58917 2636 100000
58925 2606 100000
58937 2298 100000
58940 2573 100000
58940 2576 100000
58942 2570 100000
58942 2597 100000
58943 2844 100000
58944 2142 100000
58944 2730 100000
58945 2847 100000
58953 2112 100000
58955 2649 100000
58957 2115 100000
58961 2106 100000
58963 2474 100000
58979 2800 100000
58985 2535 100000
58986 2149 100000
58990 2842 100000
58990 2899 100000
58992 2848 100000
58997 2692 100000
59006 2647 100000
59009 2475 100000
59009 2547 100000
59014 2092 100000
59015 2635 100000
59019 2608 100000
59028 2602 100000
59028 2801 100000
59032 2147 100000
59035 2843 100000
59037 2593 100000
59037 2897 100000
59039 2735 100000
59052 2684 100000
59067 2609 100000
59076 2582 100000
59079 2307 100000
59079 2600 100000
59080 2148 100000
59083 2898 100000
59084 2594 100000
59084 2736 100000
59089 2850 100000
59102 2646 100000
59105 2118 100000
59115 2634 100000
59117 2610 100000
59124 2580 100000
59124 2583 100000
59125 2902 100000
59127 2601 100000
59131 2737 100000
59135 2896 100000
59137 2365 100000
59137 2734 100000
59143 2686 100000
59170 2581 100000
59171 2306 100000
59171 2584 100000
59172 2309 100000
59177 2587 100000
59179 2533 100000
59180 2873 100000
59188 1602 100000
59188 2687 100000
59199 2630 100000
59200 2090 100000
59201 2615 100000
59207 2087 100000
59208 2339 100000
59216 2904 100000
59220 2585 100000
59222 2805 100000
59223 2588 100000
59231 2880 100000
59233 2895 100000
59234 2139 100000
59245 2124 100000
59248 2616 100000
59253 2340 100000
59258 2794 100000
59265 2905 100000
59268 2586 100000
59271 2758 100000
59273 2589 100000
59278 1601 100000
59279 2875 100000
59279 2881 100000
59282 2821 100000
59291 2125 100000
59297 2632 100000
59298 2089 100000
59301 2614 100000
59302 2341 100000
59312 2906 100000
59314 2756 100000
59317 2810 100000
59318 2759 100000
59318 2807 100000
59321 2855 100000
59322 2590 100000
59324 2825 100000
59326 2882 100000
59335 2135 100000
59337 2123 100000
59353 2796 100000
59361 2757 100000
59361 2907 100000
59364 2862 100000
59365 2742 100000
59367 2760 100000
59367 2871 100000
59369 1606 100000
59370 2826 100000
59373 2835 100000
59382 2136 100000
59383 2072 100000
59395 1742 100000
59395 2619 100000
59404 2770 100000
59408 2809 100000
59411 2857 100000
59414 2743 100000
59414 2812 100000
59416 2878 100000
59418 2836 100000
59419 2827 100000
59421 2824 100000
59423 1592 100000
59425 2887 100000
59427 2137 100000
59429 2070 100000
59429 2073 100000
59430 2134 100000
59430 2893 100000
59433 2362 100000
59438 1438 100000
59441 2128 100000
59442 1743 100000
59444 2780 100000
59448 2915 100000
59450 2344 100000
59451 2347 100000
59452 2771 100000
59456 2858 100000
59461 2813 100000
59461 2861 100000
59462 2744 100000
59463 2080 100000
59464 2828 100000
59467 2837 100000
59469 1433 100000
59470 1427 100000
59472 2888 100000
59474 2357 100000
59474 2360 100000
59475 2891 100000
59476 2071 100000
59489 1744 100000
59493 2916 100000
59498 2624 100000
59499 2345 100000
59501 2348 100000
59510 2081 100000
59514 2829 100000
59515 2817 100000
59517 1428 100000
59518 1609 100000
59518 2886 100000
59519 2075 100000
59521 2892 100000
59523 2358 100000
59523 2361 100000
59526 1721 100000
59536 1682 100000
59536 2130 100000
59537 2776 100000
59540 1739 100000
59540 2782 100000
59546 2346 100000
59548 2866 100000
59551 2911 100000
59553 2860 100000
59557 1598 100000
59558 1595 100000
59558 2746 100000
59563 1426 100000
59564 2818 100000
59565 2833 100000
59568 1435 100000
59568 2890 100000
59571 1722 100000
59572 2359 100000
59573 1842 100000
59581 2131 100000
59584 1683 100000
59585 1680 100000
59585 1740 100000
59586 1746 100000
59586 2783 100000
59592 2626 100000
59592 2918 100000
59595 2623 100000
59601 2083 100000
59607 1430 100000
59608 2747 100000
59609 2816 100000
59610 2753 100000
59611 1611 100000
59618 1436 100000
59619 1708 100000
59623 1720 100000
59628 2132 100000
59634 1681 100000
59634 2775 100000
59634 2778 100000
59635 1747 100000
59636 1753 100000
59638 2919 100000
59639 2868 100000
59641 2913 100000
59650 2766 100000
59657 1431 100000
59657 1597 100000
59657 2748 100000
59658 2832 100000
59660 2078 100000
59667 2319 100000
59672 1844 100000
59680 1685 100000
59680 1736 100000
59700 2767 100000
59709 1589 100000
59712 2329 100000
59714 1444 100000
59714 1710 100000
59714 2320 100000
59718 1707 100000
59727 1737 100000
59733 1755 100000
59734 1650 100000
59743 1557 100000
59744 1424 100000
59747 1620 100000
59750 1614 100000
59751 1584 100000
59757 2330 100000
59759 1840 100000
59760 1445 100000
59762 1711 100000
59763 1846 100000
59767 2940 100000
59771 2354 100000
59780 1756 100000
59783 1660 100000
59783 1750 100000
59785 1648 100000
59791 1558 100000
59796 1615 100000
59798 1582 100000
59799 1585 100000
59803 1452 100000
59804 2751 100000
59807 2328 100000
59808 1712 100000
59809 2322 100000
59811 2788 100000
59812 1718 100000
59812 1847 100000
59816 2941 100000
59829 1411 100000
59830 1649 100000
59830 2923 100000
59831 1751 100000
59841 1622 100000
59842 1616 100000
59844 1583 100000
59845 1586 100000
59847 2332 100000
59852 1453 100000
59853 1728 100000
59855 1713 100000
59860 1689 100000
59865 2942 100000
59874 1412 100000
59875 1647 100000
59875 1662 100000
59878 2924 100000
59881 1418 100000
59894 1587 100000
59895 1581 100000
59899 1454 100000
59901 2324 100000
59902 1849 100000
59903 1714 100000
59906 1448 100000
59920 1654 100000
59923 1663 100000
59923 1759 100000
59924 1410 100000
59927 1419 100000
59935 1624 100000
59935 1859 100000
59941 1618 100000
59948 1730 100000
59950 1697 100000
59950 1715 100000
59950 1850 100000
59951 1835 100000
59962 2938 100000
59963 1763 100000
59964 1568 100000
59969 1658 100000
59970 1760 100000
59971 1664 100000
59973 1646 100000
59976 1405 100000
59976 1562 100000
59980 1628 100000
59981 1625 100000
59990 1631 100000
59994 2326 100000
59996 1731 100000
59997 1836 100000
59998 1450 100000
59998 1716 100000
59998 1851 100000
59999 1698 100000
60003 1704 100000
60016 1674 100000
60016 1761 100000
60020 1665 100000
60021 1406 100000
60022 1421 100000
60023 1409 100000
60028 2064 100000
60036 1632 100000
60043 1732 100000
60045 1852 100000
60046 1837 100000
60050 1693 100000
60060 1828 100000
60061 1675 100000
60063 1762 100000
60063 1768 100000
60064 2946 100000
60065 1657 100000
60070 1576 100000
60073 1416 100000
60075 2928 100000
60077 1627 100000
60080 1630 100000
60081 1633 100000
60093 1987 100000
60098 1694 100000
60107 2935 100000
60110 1402 100000
60112 2947 100000
60116 1408 100000
60116 1565 100000
60116 1577 100000
60124 2063 100000
60140 1988 100000
60141 1459 100000
60143 1695 100000
60143 1701 100000
60153 1770 100000
60153 2936 100000
60154 1400 100000
60159 1403 100000
60161 1767 100000
60162 1572 100000
60163 1566 100000
60165 1578 100000
60165 1668 100000
60174 1638 100000
60179 1497 100000
60185 1855 100000
60186 1986 100000
60188 1460 100000
60188 1491 100000
60189 1989 100000
60191 1702 100000
60201 1401 100000
60201 1831 100000
60210 1573 100000
60211 1669 100000
60213 1672 100000
60215 2062 100000
60220 1639 100000
60232 1856 100000
60234 1393 100000
60234 1492 100000
60234 1990 100000
60235 1390 100000
60247 1832 100000
60257 1574 100000
60262 2950 100000
60264 1643 100000
60270 1499 100000
60273 1637 100000
60278 1496 100000
60282 1462 100000
60283 1493 100000
60303 1671 100000
60304 2933 100000
60306 2061 100000
60320 1913 100000
60326 1389 100000
60326 1542 100000
60327 1392 100000
60331 1494 100000
60336 1398 100000
60336 1935 100000
60344 1774 100000
60345 1792 100000
60348 1868 100000
60353 1780 100000
60356 2952 100000
60360 1501 100000
60362 1642 100000
60372 1543 100000
60376 1464 100000
60377 1495 100000
60381 1936 100000
60383 1396 100000
60383 1942 100000
60384 1984 100000
60387 1875 100000
60391 1775 100000
60392 1793 100000
60402 2953 100000
60418 1903 100000
60419 1544 100000
60421 1541 100000
60426 1550 100000
60429 1397 100000
60436 1876 100000
60437 1797 100000
60438 1776 100000
60440 1794 100000
60440 1824 100000
60457 1898 100000
60464 1545 100000
60482 1877 100000
60483 1941 100000
60484 1777 100000
60484 1874 100000
60486 1795 100000
60488 1871 100000
60496 1923 100000
60496 2955 100000
60497 1504 100000
60504 1996 100000
60505 1899 100000
60517 1540 100000
60517 1549 100000
60518 1905 100000
60521 2973 100000
60529 1981 100000
60530 1933 100000
60531 1799 100000
60533 1778 100000
60535 1796 100000
60541 1784 100000
60542 1924 100000
60544 1505 100000
60545 1921 100000
60551 1997 100000
60553 1900 100000
60556 1532 100000
60572 1946 100000
60576 1487 100000
60576 1940 100000
60577 1806 100000
60578 1873 100000
60579 1982 100000
60583 1815 100000
60591 2963 100000
60592 1922 100000
60592 2058 100000
60595 2957 100000
60599 1998 100000
60602 1901 100000
60603 1533 100000
60611 1548 100000
60619 1947 100000
60627 1807 100000
60628 1962 100000
60629 1804 100000
60633 1816 100000
60637 1507 100000
60638 1920 100000
60639 1896 100000
60642 2958 100000
60657 2976 100000
60659 1908 100000
60666 1948 100000
60673 1814 100000
60675 1805 100000
60675 1811 100000
60680 1927 100000
60681 1930 100000
60693 2006 100000
60697 2000 100000
60699 1891 100000
60700 1535 100000
60706 2971 100000
60708 1909 100000
60716 1949 100000
60721 1803 100000
60721 1964 100000
60724 1821 100000
60726 1931 100000
60730 1928 100000
60738 2007 100000
60739 1788 100000
60747 1892 100000
60752 1883 100000
60761 1950 100000
60766 1810 100000
60766 1813 100000
60772 1971 100000
60777 1929 100000
60779 1513 100000
60780 2961 100000
60781 1476 100000
60792 2005 100000
60797 1537 100000
60807 1951 100000
60815 1966 100000
60820 1978 100000
60823 1820 100000
60826 1514 100000
60839 1894 100000
60849 2980 100000
60862 1970 100000
60869 1484 100000
60874 1515 100000
60875 1512 100000
60880 1475 100000
60886 2004 100000
60888 2969 100000
60891 2055 100000
60894 1889 100000
60895 1886 100000
60903 1953 100000
60909 1968 100000
60912 1522 100000
60916 1479 100000
60916 1977 100000
60947 2982 100000
60949 1954 100000
60956 1969 100000
60964 1975 100000
60969 1483 100000
60971 1517 100000
60975 2015 100000
60982 2054 100000
60986 1888 100000
61003 1524 100000
61013 1976 100000
61051 1525 100000
61064 1482 100000
61069 2014 100000
61072 2053 100000
61073 2017 100000
61086 1957 100000
61097 1526 100000
61106 1520 100000
61143 2986 100000
61207 2023 100000
61211 1380 100000
61239 2033 100000
61244 2036 100000
61287 2034 100000
61289 2989 100000
61302 2022 100000
61308 1379 100000
61335 2035 100000
61335 2990 100000
61339 2038 100000
61385 2039 100000
61388 2027 100000
61403 1378 100000
61436 2028 100000
61484 2029 100000
61497 1374 100000
61531 2030 100000
61532 2994 100000
61573 2043 100000
61596 1376 100000
61627 2996 100000
61712 2046 100000
61725 2998 100000
62062 1365 100000
62159 1367 100000
62516 1360 100000
62803 1357 100000
63334 1350 100000
63381 1351 100000
63575 1074 100000
63607 1317 100000
63631 1344 100000
63672 1076 100000
63672 1079 100000
63720 1077 100000
63726 1346 100000
63745 1323 100000
63747 1320 100000
63768 1078 100000
63792 1294 100000
63816 1082 100000
63817 1336 100000
63840 1295 100000
63843 1322 100000
63857 1071 100000
63862 1083 100000
63886 1296 100000
63900 1329 100000
63910 1084 100000
63931 1297 100000
63932 1291 100000
63940 1064 100000
63950 1330 100000
63957 1339 100000
63978 1298 100000
63981 1292 100000
63991 1328 100000
63993 1062 100000
64004 1340 100000
64007 1086 100000
64031 1290 100000
64039 1066 100000
64040 1063 100000
64040 1069 100000
64056 1087 100000
64074 1300 100000
64085 1067 100000
64089 1061 100000
64099 1333 100000
64120 1304 100000
64128 1286 100000
64135 1068 100000
64151 1242 100000
64168 1305 100000
64171 1302 100000
64175 1311 100000
64176 1287 100000
64206 1090 100000
64220 1303 100000
64221 1288 100000
64243 1259 100000
64251 1241 100000
64260 1307 100000
64277 849 100000
64296 1092 100000
64296 1263 100000
64307 1308 100000
64341 1093 100000
64341 1261 100000
64345 1147 100000
64346 1264 100000
64356 1309 100000
64368 851 100000
64377 1247 100000
64384 1256 100000
64386 1262 100000
64399 960 100000
64432 1257 100000
64438 1193 100000
64441 1035 100000
64444 1032 100000
64462 853 100000
64466 1167 100000
64469 1015 100000
64473 1252 100000
64474 1203 100000
64476 1057 100000
64477 1096 100000
64477 1249 100000
64514 1112 100000
64514 1282 100000
64523 1250 100000
64526 1145 100000
64531 1192 100000
64537 1034 100000
64537 1238 100000
64543 1271 100000
64544 1151 100000
64546 933 100000
64553 855 100000
64557 1166 100000
64557 1214 100000
64566 1169 100000
64566 1184 100000
64567 1175 100000
64567 1202 100000
64569 1254 100000
64570 1251 100000
64572 1187 100000
64577 1196 100000
64588 1272 100000
64595 955 100000
64597 958 100000
64599 856 100000
64607 1281 100000
64611 1114 100000
64617 1188 100000
64623 1144 100000
64627 1197 100000
64634 1270 100000
64638 1273 100000
64639 965 100000
64640 935 100000
64644 956 100000
64647 857 100000
64660 1115 100000
64662 1186 100000
64663 1118 100000
64664 1174 100000
64669 1100 100000
64673 1055 100000
64687 954 100000
64687 1157 100000
64688 1154 100000
64691 957 100000
64707 1208 100000
64710 1020 100000
64712 1190 100000
64737 859 100000
64738 931 100000
64738 1275 100000
64739 937 100000
64740 1278 100000
64743 1164 100000
64745 1218 100000
64746 1012 100000
64754 1209 100000
64757 1108 100000
64757 1117 100000
64758 1173 100000
64761 1102 100000
64765 1200 100000
64778 1159 100000
64784 1276 100000
64787 1156 100000
64788 968 100000
64788 1279 100000
64791 947 100000
64805 1109 100000
64810 1121 100000
64820 1142 100000
64821 1229 100000
64825 1160 100000
64831 1277 100000
64835 861 100000
64836 948 100000
64838 1220 100000
64852 1104 100000
64852 1181 100000
64852 1211 100000
64853 1023 100000
64854 1107 100000
64865 1233 100000
64874 1137 100000
64876 386 100000
64879 940 100000
64880 970 100000
64882 862 100000
64884 865 100000
64902 1105 100000
64904 1123 100000
64915 1141 100000
64915 1234 100000
64921 390 100000
64923 387 100000
64924 1162 100000
64925 971 100000
64926 986 100000
64929 941 100000
64930 863 100000
64933 1222 100000
64936 950 100000
64938 881 100000
64938 929 100000
64950 1106 100000
64956 1232 100000
64964 1005 100000
64968 385 100000
64968 391 100000
64971 987 100000
64976 942 100000
64979 864 100000
64983 951 100000
64984 882 100000
64997 1125 100000
65000 1026 100000
65002 1047 100000
65005 247 100000
65009 1140 100000
65016 389 100000
65017 383 100000
65017 988 100000
65021 943 100000
65024 973 100000
65025 868 100000
65032 880 100000
65042 1126 100000
65046 290 100000
65050 248 100000
65050 314 100000
65060 239 100000
65062 983 100000
65062 989 100000
65063 1007 100000
65066 384 100000
65070 944 100000
65089 285 100000
65090 318 100000
65091 685 100000
65098 246 100000
65100 340 100000
65107 349 100000
65111 984 100000
65112 382 100000
65112 1008 100000
65116 870 100000
65117 975 100000
65121 1226 100000
65123 978 100000
65132 879 100000
65133 322 100000
65135 283 100000
65136 292 100000
65138 927 100000
65139 1050 100000
65140 310 100000
65140 686 100000
65140 779 100000
65141 250 100000
65144 316 100000
65152 1003 100000
65153 350 100000
65170 979 100000
65183 293 100000
65184 284 100000
65186 251 100000
65186 687 100000
65189 317 100000
65191 1129 100000
65197 242 100000
65199 342 100000
65203 992 100000
65206 381 100000
65209 872 100000
65213 977 100000
65216 327 100000
65218 330 100000
65219 297 100000
65220 300 100000
65223 324 100000
65224 896 100000
65228 294 100000
65233 288 100000
65233 321 100000
65236 312 100000
65237 1130 100000
65247 343 100000
65250 993 100000
65251 352 100000
65257 397 100000
65260 981 100000
65265 328 100000
65269 298 100000
65270 325 100000
65280 683 100000
65294 244 100000
65295 347 100000
65297 825 100000
65299 353 100000
65300 1000 100000
65303 398 100000
65303 834 100000
65307 874 100000
65311 837 100000
65312 329 100000
65315 299 100000
65316 326 100000
65318 296 100000
65319 889 100000
65320 898 100000
65328 308 100000
65329 690 100000
65331 1132 100000
65337 227 100000
65339 221 100000
65340 995 100000
65343 826 100000
65345 345 100000
65346 823 100000
65349 1001 100000
65350 399 100000
65357 333 100000
65361 838 100000
65365 899 100000
65370 682 100000
65377 691 100000
65385 228 100000
65390 821 100000
65391 379 100000
65392 824 100000
65392 827 100000
65394 346 100000
65395 400 100000
65396 833 100000
65402 334 100000
65403 836 100000
65403 876 100000
65408 262 100000
65409 894 100000
65416 214 100000
65426 924 100000
65430 223 100000
65435 229 100000
65436 822 100000
65436 997 100000
65438 828 100000
65445 401 100000
65446 356 100000
65455 901 100000
65463 892 100000
65464 305 100000
65479 786 100000
65480 230 100000
65481 179 100000
65484 829 100000
65485 998 100000
65487 832 100000
65493 336 100000
65495 357 100000
65500 264 100000
65501 902 100000
65504 661 100000
65508 646 100000
65508 893 100000
65509 306 100000
65513 54 100000
65522 210 100000
65525 225 100000
65525 787 100000
65527 231 100000
65547 259 100000
65548 265 100000
65554 662 100000
65558 665 100000
65563 55 100000
65573 695 100000
65576 232 100000
65581 831 100000
65587 359 100000
65592 260 100000
65592 278 100000
65595 266 100000
65595 904 100000
65603 660 100000
65604 774 100000
65607 666 100000
65608 56 100000
65610 218 100000
65613 922 100000
65615 212 100000
65618 696 100000
65621 209 100000
65622 366 100000
65624 233 100000
65632 360 100000
65642 679 100000
65648 664 100000
65649 423 100000
65651 643 100000
65657 920 100000
65664 697 100000
65667 441 100000
65677 376 100000
65688 268 100000
65691 412 100000
65695 427 100000
65695 912 100000
65698 424 100000
65698 644 100000
65699 58 100000
65706 921 100000
65708 52 100000
65710 698 100000
65716 368 100000
65724 466 100000
65726 184 100000
65733 813 100000
65736 413 100000
65741 913 100000
65748 422 100000
65751 176 100000
65752 419 100000
65753 669 100000
65757 651 100000
65758 47 100000
65761 369 100000
65763 443 100000
65763 792 100000
65766 461 100000
65767 363 100000
65779 814 100000
65786 411 100000
65792 429 100000
65793 426 100000
65793 908 100000
65800 670 100000
65802 438 100000
65809 793 100000
65810 444 100000
65813 459 100000
65817 364 100000
65822 465 100000
65828 815 100000
65830 409 100000
65837 271 100000
65837 430 100000
65841 909 100000
65842 421 100000
65844 918 100000
65849 49 100000
65849 671 100000
65850 439 100000
65852 653 100000
65855 701 100000
65858 371 100000
65858 460 100000
65862 457 100000
65867 484 100000
65868 374 100000
65870 481 100000
65875 816 100000
65877 410 100000
65887 910 100000
65895 50 100000
65895 672 100000
65899 657 100000
65901 654 100000
65901 708 100000
65908 372 100000
65908 446 100000
65909 458 100000
65910 44 100000
65911 470 100000
65913 464 100000
65918 482 100000
65929 432 100000
65932 637 100000
65932 811 100000
65934 417 100000
65936 917 100000
65942 673 100000
65948 655 100000
65949 450 100000
65952 703 100000
65953 447 100000
65955 45 100000
65958 204 100000
65958 373 100000
65959 456 100000
65960 486 100000
65961 480 100000
65964 483 100000
65966 67 100000
65974 189 100000
65981 638 100000
65983 274 100000
65997 797 100000
65998 448 100000
65998 451 100000
65998 656 100000
65998 704 100000
66000 710 100000
66007 205 100000
66007 490 100000
66008 43 100000
66008 487 100000
66020 190 100000
66021 630 100000
66024 750 100000
66026 170 100000
66026 639 100000
66032 675 100000
66043 705 100000
66045 449 100000
66050 455 100000
66051 41 100000
66062 66 100000
66069 769 100000
66077 435 100000
66089 733 100000
66092 706 100000
66096 453 100000
66098 42 100000
66098 474 100000
66098 712 100000
66099 489 100000
66103 492 100000
66113 629 100000
66117 192 100000
66121 172 100000
66144 454 100000
66163 514 100000
66169 633 100000
66172 756 100000
66173 762 100000
66179 735 100000
66200 494 100000
66208 72 100000
66208 168 100000
66208 503 100000
66211 515 100000
66214 634 100000
66217 625 100000
66221 757 100000
66235 727 100000
66240 477 100000
66242 522 100000
66249 495 100000
66256 201 100000
66257 504 100000
66264 755 100000
66266 626 100000
66273 740 100000
66283 728 100000
66286 716 100000
66296 496 100000
66304 196 100000
66309 511 100000
66310 508 100000
66312 627 100000
66314 624 100000
66316 747 100000
66319 765 100000
66325 804 100000
66329 723 100000
66334 726 100000
66336 11 100000
66337 26 100000
66342 78 100000
66343 75 100000
66346 497 100000
66355 512 100000
66365 760 100000
66367 766 100000
66372 739 100000
66377 724 100000
66377 730 100000
66386 27 100000
66387 3 100000
66394 498 100000
66396 21 100000
66397 198 100000
66397 556 100000
66403 510 100000
66404 507 100000
66411 743 100000
66415 746 100000
66422 806 100000
66425 722 100000
66427 725 100000
66431 10 100000
66433 28 100000
66434 4 100000
66436 80 100000
66437 551 100000
66441 77 100000
66442 22 100000
66442 199 100000
66442 520 100000
66443 575 100000
66478 2 100000
66486 552 100000
66487 500 100000
66487 555 100000
66492 23 100000
66495 558 100000
66506 745 100000
66515 721 100000
66527 30 100000
66529 15 100000
66534 553 100000
66535 607 100000
66537 24 100000
66537 145 100000
66537 577 100000
66541 562 100000
66543 565 100000
66574 31 100000
66576 83 100000
66578 7 100000
66581 554 100000
66581 608 100000
66585 19 100000
66585 164 100000
66585 578 100000
66586 146 100000
66588 563 100000
66608 530 100000
66621 35 100000
66624 8 100000
66625 570 100000
66630 609 100000
66634 153 100000
66637 561 100000
66637 564 100000
66642 597 100000
66655 531 100000
66675 613 100000
66677 18 100000
66680 580 100000
66681 589 100000
66700 532 100000
66714 34 100000
66717 86 100000
66718 572 100000
66725 149 100000
66725 155 100000
66725 569 100000
66726 611 100000
66727 581 100000
66731 587 100000
66773 612 100000
66776 588 100000
66778 591 100000
66782 600 100000
66810 139 100000
66810 142 100000
66815 157 100000
66815 616 100000
66824 151 100000
66825 586 100000
66826 544 100000
66826 592 100000
66858 140 100000
66876 584 100000
66877 602 100000
66880 536 100000
66907 138 100000
66907 618 100000
66908 141 100000
66909 159 100000
66913 90 100000
66917 546 100000
66923 594 100000
66924 585 100000
66927 603 100000
66928 537 100000
66954 160 100000
66999 137 100000
67013 542 100000
67021 539 100000
67041 132 100000
67044 135 100000
67067 540 100000
67087 130 100000
67087 133 100000
67092 136 100000
67113 541 100000
67136 134 100000
67137 131 100000
67205 96 100000
67252 97 100000
67299 98 100000
67337 102 100000
67344 99 100000
67386 103 100000
67414 113 100000
67415 125 100000
67437 101 100000
67464 126 100000
67506 118 100000
67522 106 100000
67554 116 100000
67602 117 100000
67691 122 100000
67705 110 100000
