3000 10 99999 100000
1 3000 65913
2 2999 75969
3 2998 51851
4 2997 42774
5 2996 33349
6 2995 41131
7 2994 86383
8 2993 20460
9 2992 2916
10 2991 28044
11 2990 89140
12 2989 24202
13 2988 84849
14 2987 70501
15 2986 84111
16 2985 71534
17 2984 87706
18 2983 72769
19 2982 41441
20 2981 61529
21 2980 65200
22 2979 49230
23 2978 15503
24 2977 61287
25 2976 2693
26 2975 73281
27 2974 48724
28 2973 33670
29 2972 5226
30 2971 13687
31 2970 26839
32 2969 86214
33 2968 56050
34 2967 91662
35 2966 40256
36 2965 40495
37 2964 26636
38 2963 872
39 2962 52860
40 2961 90695
41 2960 28466
42 2959 88018
43 2958 22883
44 2957 29478
45 2956 7012
46 2955 21153
47 2954 41127
48 2953 3344
49 2952 84480
50 2951 93834
51 2950 96572
52 2949 56765
53 2948 86183
54 2947 54838
55 2946 92379
56 2945 33477
57 2944 42530
58 2943 75374
59 2942 17256
60 2941 46474
61 2940 30491
62 2939 12057
63 2938 3285
64 2937 87402
65 2936 30496
66 2935 3858
67 2934 61507
68 2933 52175
69 2932 42372
70 2931 80473
71 2930 42405
72 2929 16183
73 2928 541
74 2927 12638
75 2926 64778
76 2925 61880
77 2924 60127
78 2923 47873
79 2922 75331
80 2921 28530
81 2920 97065
82 2919 35662
83 2918 5452
84 2917 89671
85 2916 12339
86 2915 1178
87 2914 46783
88 2913 4720
89 2912 81452
90 2911 48885
91 2910 65413
92 2909 50322
93 2908 73834
94 2907 10475
95 2906 49776
96 2905 87671
97 2904 73530
98 2903 16917
99 2902 32871
100 2901 35188
101 2900 78669
102 2899 48639
103 2898 27013
104 2897 2107
105 2896 57815
106 2895 42531
107 2894 57301
108 2893 59931
109 2892 99134
110 2891 72721
111 2890 44673
112 2889 95038
113 2888 44913
114 2887 22602
115 2886 98056
116 2885 41143
117 2884 78098
118 2883 73141
119 2882 84831
120 2881 2957
121 2880 23522
122 2879 94373
123 2878 26392
124 2877 67295
125 2876 6881
126 2875 81406
127 2874 40586
128 2873 62198
129 2872 32763
130 2871 25648
131 2870 80388
132 2869 43015
133 2868 27306
134 2867 39344
135 2866 54492
136 2865 17300
137 2864 13345
138 2863 64451
139 2862 64873
140 2861 83028
141 2860 21758
142 2859 89678
143 2858 92278
144 2857 22751
145 2856 92119
146 2855 83052
147 2854 14154
148 2853 17382
149 2852 18341
150 2851 30212
151 2850 70619
152 2849 48887
153 2848 55410
154 2847 24838
155 2846 6670
156 2845 31489
157 2844 99217
158 2843 44603
159 2842 9858
160 2841 30588
161 2840 64992
162 2839 10416
163 2838 68927
164 2837 23720
165 2836 59510
166 2835 20774
167 2834 41891
168 2833 98746
169 2832 37266
170 2831 6636
171 2830 70392
172 2829 93323
173 2828 37174
174 2827 90232
175 2826 72030
176 2825 14870
177 2824 83233
178 2823 39334
179 2822 89316
180 2821 28098
181 2820 28981
182 2819 23965
183 2818 54916
184 2817 82608
185 2816 36111
186 2815 37325
187 2814 75852
188 2813 60928
189 2812 52777
190 2811 19576
191 2810 48364
192 2809 57460
193 2808 18030
194 2807 58019
195 2806 23641
196 2805 30166
197 2804 19483
198 2803 54050
199 2802 63608
200 2801 2003
201 2800 15688
202 2799 37211
203 2798 58887
204 2797 98772
205 2796 65481
206 2795 16616
207 2794 94931
208 2793 41072
209 2792 783
210 2791 1125
211 2790 66547
212 2789 53642
213 2788 18289
214 2787 62830
215 2786 13627
216 2785 64640
217 2784 74914
218 2783 4583
219 2782 88304
220 2781 19368
221 2780 52865
222 2779 9040
223 2778 74491
224 2777 84032
225 2776 52874
226 2775 67364
227 2774 72598
228 2773 43346
229 2772 60449
230 2771 49945
231 2770 84494
232 2769 20160
233 2768 57840
234 2767 33597
235 2766 91681
236 2765 66431
237 2764 35442
238 2763 47241
239 2762 29778
240 2761 79901
241 2760 66605
242 2759 62981
243 2758 41104
244 2757 80669
245 2756 29005
246 2755 7961
247 2754 73724
248 2753 96515
249 2752 31331
250 2751 18434
251 2750 11171
252 2749 24866
253 2748 72713
254 2747 99676
255 2746 26442
256 2745 89946
257 2744 45156
258 2743 93670
259 2742 14948
260 2741 10131
261 2740 65045
262 2739 62129
263 2738 41679
264 2737 33666
265 2736 4705
266 2735 47839
267 2734 86583
268 2733 11870
269 2732 79376
270 2731 37819
271 2730 55061
272 2729 81071
273 2728 14042
274 2727 51304
275 2726 12378
276 2725 5696
277 2724 4060
278 2723 35752
279 2722 7692
280 2721 48655
281 2720 21388
282 2719 11303
283 2718 6528
284 2717 57772
285 2716 80057
286 2715 12560
287 2714 62514
288 2713 84203
289 2712 40073
290 2711 58130
291 2710 20089
292 2709 33037
293 2708 18313
294 2707 77819
295 2706 22447
296 2705 13210
297 2704 76205
298 2703 99121
299 2702 783
300 2701 84460
301 2700 29684
302 2699 30862
303 2698 26339
304 2697 10280
305 2696 87747
306 2695 10246
307 2694 7184
308 2693 1159
309 2692 35929
310 2691 37870
311 2690 76861
312 2689 54447
313 2688 16484
314 2687 39539
315 2686 55632
316 2685 93731
317 2684 28981
318 2683 63884
319 2682 28715
320 2681 17676
321 2680 38420
322 2679 3647
323 2678 97930
324 2677 72709
325 2676 31685
326 2675 39100
327 2674 60279
328 2673 92729
329 2672 94601
330 2671 6936
331 2670 68636
332 2669 97038
333 2668 16426
334 2667 71280
335 2666 32181
336 2665 92328
337 2664 19246
338 2663 90732
339 2662 87644
340 2661 5350
341 2660 62075
342 2659 10549
343 2658 82911
344 2657 77723
345 2656 53613
346 2655 27704
347 2654 5090
348 2653 9912
349 2652 29367
350 2651 47314
351 2650 40229
352 2649 16162
353 2648 75305
354 2647 32906
355 2646 57346
356 2645 99350
357 2644 35219
358 2643 4356
359 2642 66580
360 2641 85829
361 2640 20772
362 2639 76565
363 2638 83554
364 2637 82380
365 2636 82888
366 2635 78412
367 2634 58742
368 2633 68807
369 2632 55941
370 2631 98618
371 2630 71569
372 2629 69432
373 2628 72486
374 2627 24370
375 2626 66503
376 2625 26017
377 2624 15077
378 2623 12542
379 2622 15396
380 2621 83743
381 2620 97421
382 2619 10067
383 2618 71266
384 2617 44625
385 2616 54913
386 2615 72883
387 2614 63609
388 2613 96914
389 2612 37336
390 2611 49995
391 2610 77472
392 2609 26798
393 2608 24618
394 2607 73517
395 2606 56709
396 2605 25715
397 2604 89361
398 2603 41425
399 2602 34979
400 2601 53544
401 2600 54239
402 2599 24537
403 2598 11228
404 2597 32942
405 2596 71027
406 2595 63854
407 2594 57702
408 2593 96993
409 2592 30534
410 2591 7714
411 2590 75633
412 2589 70148
413 2588 44442
414 2587 61370
415 2586 28250
416 2585 9066
417 2584 92535
418 2583 48570
419 2582 15109
420 2581 5506
421 2580 56809
422 2579 99048
423 2578 71458
424 2577 89759
425 2576 2574
426 2575 54594
427 2574 56435
428 2573 82547
429 2572 71110
430 2571 43435
431 2570 61179
432 2569 94569
433 2568 41395
434 2567 29359
435 2566 2213
436 2565 59033
437 2564 76122
438 2563 78529
439 2562 4887
440 2561 13145
441 2560 47178
442 2559 21803
443 2558 2907
444 2557 67804
445 2556 57399
446 2555 40876
447 2554 70437
448 2553 36618
449 2552 97918
450 2551 96128
451 2550 91101
452 2549 93820
453 2548 97455
454 2547 77841
455 2546 23982
456 2545 22623
457 2544 79273
458 2543 60035
459 2542 64550
460 2541 59946
461 2540 69359
462 2539 61541
463 2538 70429
464 2537 5155
465 2536 70516
466 2535 91645
467 2534 86927
468 2533 85654
469 2532 73277
470 2531 29118
471 2530 34231
472 2529 55210
473 2528 16802
474 2527 33450
475 2526 26012
476 2525 50074
477 2524 33037
478 2523 87666
479 2522 9579
480 2521 33431
481 2520 40941
482 2519 49312
483 2518 75182
484 2517 73992
485 2516 82464
486 2515 85401
487 2514 82849
488 2513 66611
489 2512 10609
490 2511 7029
491 2510 64298
492 2509 87425
493 2508 97744
494 2507 59409
495 2506 22158
496 2505 30827
497 2504 39148
498 2503 29802
499 2502 20979
500 2501 76744
501 2500 59451
502 2499 88096
503 2498 50959
504 2497 71132
505 2496 92722
506 2495 29913
507 2494 98317
508 2493 78374
509 2492 76501
510 2491 83120
511 2490 42807
512 2489 66276
513 2488 46097
514 2487 2939
515 2486 25328
516 2485 30485
517 2484 28960
518 2483 64840
519 2482 19297
520 2481 60976
521 2480 3259
522 2479 58639
523 2478 75430
524 2477 65207
525 2476 607
526 2475 78651
527 2474 9162
528 2473 65943
529 2472 78645
530 2471 13336
531 2470 2352
532 2469 59269
533 2468 81600
534 2467 4945
535 2466 67196
536 2465 45058
537 2464 6333
538 2463 1662
539 2462 27022
540 2461 95620
541 2460 95610
542 2459 76859
543 2458 75214
544 2457 3434
545 2456 29781
546 2455 90814
547 2454 55636
548 2453 41090
549 2452 55191
550 2451 85073
551 2450 59334
552 2449 27815
553 2448 66729
554 2447 97894
555 2446 41086
556 2445 23017
557 2444 72412
558 2443 6100
559 2442 92356
560 2441 68837
561 2440 95085
562 2439 7663
563 2438 59047
564 2437 37775
565 2436 77816
566 2435 92153
567 2434 91460
568 2433 69209
569 2432 83953
570 2431 13605
571 2430 54796
572 2429 12017
573 2428 18693
574 2427 59138
575 2426 30744
576 2425 85190
577 2424 15602
578 2423 27052
579 2422 94841
580 2421 22811
581 2420 83999
582 2419 81849
583 2418 17096
584 2417 28365
585 2416 67690
586 2415 78175
587 2414 99113
588 2413 48575
589 2412 55583
590 2411 47443
591 2410 46450
592 2409 57223
593 2408 17197
594 2407 11167
595 2406 42372
596 2405 6937
597 2404 18298
598 2403 22493
599 2402 86007
600 2401 18466
601 2400 14517
602 2399 16377
603 2398 23781
604 2397 38466
605 2396 90298
606 2395 88310
607 2394 76700
608 2393 1073
609 2392 52258
610 2391 9584
611 2390 47176
612 2389 51918
613 2388 65010
614 2387 60359
615 2386 98547
616 2385 74785
617 2384 35091
618 2383 31679
619 2382 1443
620 2381 66383
621 2380 72866
622 2379 16656
623 2378 5822
624 2377 77461
625 2376 86078
626 2375 80586
627 2374 96066
628 2373 22770
629 2372 27541
630 2371 33576
631 2370 28651
632 2369 98974
633 2368 51821
634 2367 34943
635 2366 88435
636 2365 51796
637 2364 70246
638 2363 56555
639 2362 35125
640 2361 82119
641 2360 8500
642 2359 22903
643 2358 15943
644 2357 60994
645 2356 87103
646 2355 10907
647 2354 94438
648 2353 9681
649 2352 36600
650 2351 97635
651 2350 8803
652 2349 56651
653 2348 38221
654 2347 13938
655 2346 97904
656 2345 88160
657 2344 82200
658 2343 20381
659 2342 85463
660 2341 61473
661 2340 92876
662 2339 87119
663 2338 81812
664 2337 3924
665 2336 79200
666 2335 94295
667 2334 32345
668 2333 55193
669 2332 41257
670 2331 40492
671 2330 83657
672 2329 64393
673 2328 23208
674 2327 24307
675 2326 82368
676 2325 51658
677 2324 35728
678 2323 96851
679 2322 63865
680 2321 70373
681 2320 19632
682 2319 60167
683 2318 90666
684 2317 27002
685 2316 85994
686 2315 74393
687 2314 89338
688 2313 42919
689 2312 16289
690 2311 55072
691 2310 88725
692 2309 49146
693 2308 25917
694 2307 71801
695 2306 78537
696 2305 23922
697 2304 4463
698 2303 58239
699 2302 66254
700 2301 9576
701 2300 70657
702 2299 19262
703 2298 343
704 2297 29926
705 2296 9015
706 2295 86070
707 2294 85481
708 2293 98121
709 2292 79203
710 2291 14364
711 2290 60431
712 2289 44030
713 2288 87159
714 2287 30312
715 2286 80950
716 2285 97619
717 2284 80463
718 2283 20168
719 2282 16812
720 2281 80174
721 2280 70581
722 2279 49446
723 2278 85668
724 2277 41273
725 2276 19452
726 2275 2039
727 2274 63310
728 2273 1282
729 2272 96383
730 2271 87143
731 2270 66372
732 2269 56212
733 2268 47346
734 2267 92414
735 2266 61624
736 2265 40973
737 2264 60388
738 2263 44523
739 2262 8336
740 2261 87205
741 2260 94994
742 2259 60618
743 2258 82590
744 2257 40310
745 2256 15147
746 2255 82240
747 2254 27442
748 2253 54471
749 2252 24042
750 2251 63340
751 2250 60958
752 2249 42297
753 2248 31861
754 2247 19472
755 2246 15627
756 2245 97933
757 2244 56877
758 2243 4090
759 2242 4109
760 2241 58507
761 2240 53833
762 2239 41127
763 2238 15622
764 2237 50318
765 2236 85891
766 2235 1472
767 2234 55506
768 2233 47417
769 2232 98010
770 2231 12383
771 2230 78519
772 2229 29894
773 2228 18900
774 2227 47552
775 2226 53598
776 2225 59777
777 2224 69441
778 2223 9870
779 2222 60220
780 2221 59030
781 2220 61586
782 2219 59259
783 2218 6350
784 2217 63686
785 2216 99076
786 2215 47076
787 2214 19408
788 2213 86751
789 2212 88429
790 2211 78934
791 2210 2513
792 2209 38787
793 2208 18488
794 2207 7737
795 2206 47339
796 2205 71589
797 2204 98595
798 2203 23070
799 2202 47707
800 2201 21361
801 2200 82950
802 2199 16153
803 2198 70312
804 2197 4762
805 2196 69950
806 2195 5125
807 2194 77602
808 2193 80093
809 2192 25323
810 2191 81780
811 2190 48294
812 2189 34091
813 2188 57127
814 2187 28963
815 2186 58681
816 2185 13174
817 2184 97016
818 2183 47413
819 2182 55083
820 2181 55588
821 2180 47614
822 2179 51771
823 2178 30591
824 2177 69128
825 2176 9062
826 2175 78052
827 2174 22044
828 2173 82603
829 2172 16284
830 2171 36229
831 2170 21558
832 2169 80807
833 2168 13252
834 2167 64521
835 2166 19455
836 2165 71037
837 2164 26140
838 2163 26637
839 2162 96971
840 2161 20918
841 2160 34612
842 2159 96085
843 2158 46906
844 2157 80366
845 2156 76151
846 2155 76684
847 2154 51193
848 2153 51532
849 2152 93252
850 2151 5370
851 2150 45983
852 2149 1652
853 2148 36052
854 2147 41666
855 2146 28432
856 2145 25878
857 2144 67863
858 2143 105
859 2142 74042
860 2141 38738
861 2140 53783
862 2139 55638
863 2138 64968
864 2137 6982
865 2136 89724
866 2135 93965
867 2134 28922
868 2133 10786
869 2132 89610
870 2131 8327
871 2130 63621
872 2129 51070
873 2128 27528
874 2127 6323
875 2126 96456
876 2125 28441
877 2124 72973
878 2123 73316
879 2122 95478
880 2121 80728
881 2120 12161
882 2119 6585
883 2118 369
884 2117 54218
885 2116 83829
886 2115 75544
887 2114 54003
888 2113 90350
889 2112 90311
890 2111 1229
891 2110 58689
892 2109 56362
893 2108 96135
894 2107 45257
895 2106 97786
896 2105 41591
897 2104 44658
898 2103 37591
899 2102 63964
900 2101 19308
901 2100 24112
902 2099 56945
903 2098 32339
904 2097 82911
905 2096 55084
906 2095 20707
907 2094 36122
908 2093 14179
909 2092 74120
910 2091 30961
911 2090 38590
912 2089 75740
913 2088 84529
914 2087 88013
915 2086 12394
916 2085 37758
917 2084 53885
918 2083 39548
919 2082 87282
920 2081 63438
921 2080 49022
922 2079 57536
923 2078 3897
924 2077 99682
925 2076 20505
926 2075 9689
927 2074 54578
928 2073 15180
929 2072 87745
930 2071 33001
931 2070 14374
932 2069 75554
933 2068 89129
934 2067 45162
935 2066 35894
936 2065 79784
937 2064 22895
938 2063 38570
939 2062 23078
940 2061 16502
941 2060 27712
942 2059 25841
943 2058 14156
944 2057 1785
945 2056 8600
946 2055 5896
947 2054 16305
948 2053 67371
949 2052 24291
950 2051 42533
951 2050 67784
952 2049 49734
953 2048 90047
954 2047 82624
955 2046 91825
956 2045 38806
957 2044 89028
958 2043 9050
959 2042 28891
960 2041 35515
961 2040 23444
962 2039 12234
963 2038 31252
964 2037 25509
965 2036 57656
966 2035 14486
967 2034 38846
968 2033 44812
969 2032 53362
970 2031 49452
971 2030 5234
972 2029 53560
973 2028 36389
974 2027 74520
975 2026 49435
976 2025 12040
977 2024 52753
978 2023 67375
979 2022 52494
980 2021 69281
981 2020 43521
982 2019 93355
983 2018 94704
984 2017 54998
985 2016 26041
986 2015 21094
987 2014 57876
988 2013 83757
989 2012 20241
990 2011 55736
991 2010 86848
992 2009 9117
993 2008 23759
994 2007 66183
995 2006 83041
996 2005 80331
997 2004 23219
998 2003 10345
999 2002 18514
1000 2001 77693
1001 2000 20369
1002 1999 57000
1003 1998 2012
1004 1997 56075
1005 1996 5110
1006 1995 85962
1007 1994 54654
1008 1993 41348
1009 1992 23888
1010 1991 27289
1011 1990 24030
1012 1989 17345
1013 1988 8337
1014 1987 33043
1015 1986 53504
1016 1985 70202
1017 1984 69817
1018 1983 31301
1019 1982 69813
1020 1981 78483
1021 1980 27662
1022 1979 12075
1023 1978 47084
1024 1977 29999
1025 1976 3003
1026 1975 92145
1027 1974 98295
1028 1973 33709
1029 1972 27450
1030 1971 82831
1031 1970 92925
1032 1969 45765
1033 1968 16615
1034 1967 88642
1035 1966 69461
1036 1965 36587
1037 1964 42630
1038 1963 13869
1039 1962 58894
1040 1961 46580
1041 1960 251
1042 1959 55786
1043 1958 37350
1044 1957 94256
1045 1956 24896
1046 1955 84615
1047 1954 92225
1048 1953 12828
1049 1952 10280
1050 1951 66704
1051 1950 72498
1052 1949 88137
1053 1948 59163
1054 1947 38649
1055 1946 753
1056 1945 65764
1057 1944 26551
1058 1943 93205
1059 1942 88611
1060 1941 86753
1061 1940 37681
1062 1939 30399
1063 1938 81795
1064 1937 54536
1065 1936 72441
1066 1935 69267
1067 1934 90545
1068 1933 27273
1069 1932 30480
1070 1931 34037
1071 1930 95583
1072 1929 60664
1073 1928 13957
1074 1927 46282
1075 1926 88380
1076 1925 76214
1077 1924 506
1078 1923 96742
1079 1922 48208
1080 1921 21764
1081 1920 12350
1082 1919 4388
1083 1918 86980
1084 1917 40861
1085 1916 4454
1086 1915 80712
1087 1914 63480
1088 1913 67721
1089 1912 7864
1090 1911 11531
1091 1910 58411
1092 1909 83260
1093 1908 80012
1094 1907 60691
1095 1906 55318
1096 1905 36367
1097 1904 41034
1098 1903 78590
1099 1902 56450
1100 1901 24152
1101 1900 64355
1102 1899 69994
1103 1898 42803
1104 1897 19175
1105 1896 37586
1106 1895 89480
1107 1894 6345
1108 1893 63657
1109 1892 97796
1110 1891 37440
1111 1890 63551
1112 1889 67221
1113 1888 48336
1114 1887 31592
1115 1886 83342
1116 1885 51160
1117 1884 97147
1118 1883 37374
1119 1882 22480
1120 1881 64289
1121 1880 53953
1122 1879 64333
1123 1878 51587
1124 1877 92302
1125 1876 47362
1126 1875 63526
1127 1874 33905
1128 1873 69525
1129 1872 4783
1130 1871 58516
1131 1870 16597
1132 1869 18748
1133 1868 95382
1134 1867 45516
1135 1866 42655
1136 1865 69402
1137 1864 30772
1138 1863 62463
1139 1862 61628
1140 1861 43431
1141 1860 16446
1142 1859 83623
1143 1858 19610
1144 1857 67221
1145 1856 83458
1146 1855 20272
1147 1854 97667
1148 1853 55025
1149 1852 40294
1150 1851 21894
1151 1850 22213
1152 1849 94324
1153 1848 92986
1154 1847 12703
1155 1846 96263
1156 1845 31532
1157 1844 99941
1158 1843 61715
1159 1842 22072
1160 1841 53217
1161 1840 10455
1162 1839 24506
1163 1838 49348
1164 1837 45558
1165 1836 63842
1166 1835 61648
1167 1834 81114
1168 1833 71747
1169 1832 97452
1170 1831 72809
1171 1830 51739
1172 1829 1210
1173 1828 63911
1174 1827 98487
1175 1826 52953
1176 1825 4032
1177 1824 34885
1178 1823 388
1179 1822 91032
1180 1821 30734
1181 1820 12768
1182 1819 44649
1183 1818 84083
1184 1817 47105
1185 1816 89754
1186 1815 6623
1187 1814 12895
1188 1813 72490
1189 1812 97055
1190 1811 82388
1191 1810 82903
1192 1809 28497
1193 1808 73131
1194 1807 67356
1195 1806 61373
1196 1805 35635
1197 1804 37595
1198 1803 37579
1199 1802 48368
1200 1801 39942
1201 1800 37871
1202 1799 68648
1203 1798 23784
1204 1797 6969
1205 1796 34961
1206 1795 60196
1207 1794 25181
1208 1793 51776
1209 1792 78696
1210 1791 79433
1211 1790 86941
1212 1789 17823
1213 1788 26963
1214 1787 26281
1215 1786 53310
1216 1785 13746
1217 1784 51457
1218 1783 46467
1219 1782 84472
1220 1781 74452
1221 1780 74208
1222 1779 20574
1223 1778 28001
1224 1777 17201
1225 1776 76536
1226 1775 63254
1227 1774 8976
1228 1773 64416
1229 1772 77889
1230 1771 422
1231 1770 57560
1232 1769 9240
1233 1768 23157
1234 1767 16640
1235 1766 82404
1236 1765 52787
1237 1764 80238
1238 1763 48568
1239 1762 42411
1240 1761 38710
1241 1760 9081
1242 1759 58694
1243 1758 79491
1244 1757 32572
1245 1756 96883
1246 1755 56465
1247 1754 69518
1248 1753 83505
1249 1752 76613
1250 1751 5668
1251 1750 27624
1252 1749 34432
1253 1748 94349
1254 1747 2787
1255 1746 2579
1256 1745 67615
1257 1744 64599
1258 1743 79553
1259 1742 59443
1260 1741 32975
1261 1740 8808
1262 1739 51715
1263 1738 62085
1264 1737 128
1265 1736 77209
1266 1735 96539
1267 1734 90477
1268 1733 30994
1269 1732 48640
1270 1731 37312
1271 1730 91321
1272 1729 63519
1273 1728 30679
1274 1727 16953
1275 1726 58690
1276 1725 21551
1277 1724 95240
1278 1723 17079
1279 1722 60798
1280 1721 71127
1281 1720 95097
1282 1719 94326
1283 1718 32058
1284 1717 78655
1285 1716 11713
1286 1715 44677
1287 1714 33658
1288 1713 4267
1289 1712 61696
1290 1711 40405
1291 1710 58690
1292 1709 52897
1293 1708 8804
1294 1707 37192
1295 1706 34510
1296 1705 24897
1297 1704 97740
1298 1703 96097
1299 1702 90369
1300 1701 30331
1301 1700 44421
1302 1699 61042
1303 1698 98691
1304 1697 16142
1305 1696 59248
1306 1695 80813
1307 1694 33811
1308 1693 99849
1309 1692 15698
1310 1691 42910
1311 1690 60444
1312 1689 1654
1313 1688 86318
1314 1687 72537
1315 1686 31298
1316 1685 37184
1317 1684 52389
1318 1683 85834
1319 1682 45167
1320 1681 58311
1321 1680 69917
1322 1679 98474
1323 1678 94164
1324 1677 81751
1325 1676 98818
1326 1675 18358
1327 1674 40653
1328 1673 83194
1329 1672 78262
1330 1671 84201
1331 1670 23115
1332 1669 4670
1333 1668 97876
1334 1667 45239
1335 1666 72654
1336 1665 55998
1337 1664 23931
1338 1663 87509
1339 1662 52828
1340 1661 749
1341 1660 83114
1342 1659 25198
1343 1658 37553
1344 1657 190
1345 1656 14376
1346 1655 45003
1347 1654 51394
1348 1653 6169
1349 1652 95732
1350 1651 35035
1351 1650 56198
1352 1649 47837
1353 1648 56727
1354 1647 37932
1355 1646 36151
1356 1645 76498
1357 1644 76497
1358 1643 23063
1359 1642 91
1360 1641 397
1361 1640 72465
1362 1639 82629
1363 1638 23213
1364 1637 89550
1365 1636 14747
1366 1635 97633
1367 1634 60846
1368 1633 98530
1369 1632 67241
1370 1631 37378
1371 1630 49784
1372 1629 18805
1373 1628 62595
1374 1627 75694
1375 1626 93921
1376 1625 10646
1377 1624 97403
1378 1623 30460
1379 1622 8032
1380 1621 23590
1381 1620 82119
1382 1619 64256
1383 1618 22992
1384 1617 54251
1385 1616 52706
1386 1615 40051
1387 1614 87103
1388 1613 20947
1389 1612 94942
1390 1611 566
1391 1610 85621
1392 1609 35950
1393 1608 37695
1394 1607 81489
1395 1606 30025
1396 1605 72488
1397 1604 32590
1398 1603 79621
1399 1602 67467
1400 1601 20580
1401 1600 69686
1402 1599 10803
1403 1598 20202
1404 1597 91014
1405 1596 59931
1406 1595 73172
1407 1594 19786
1408 1593 71769
1409 1592 96835
1410 1591 92128
1411 1590 96234
1412 1589 6007
1413 1588 74534
1414 1587 53941
1415 1586 34799
1416 1585 88838
1417 1584 6407
1418 1583 6489
1419 1582 92544
1420 1581 28924
1421 1580 74123
1422 1579 60416
1423 1578 298
1424 1577 18112
1425 1576 4895
1426 1575 64832
1427 1574 88543
1428 1573 77783
1429 1572 88081
1430 1571 176
1431 1570 5510
1432 1569 82341
1433 1568 55634
1434 1567 34664
1435 1566 83650
1436 1565 27330
1437 1564 54334
1438 1563 12154
1439 1562 26006
1440 1561 69433
1441 1560 14069
1442 1559 78745
1443 1558 99523
1444 1557 39480
1445 1556 17268
1446 1555 65922
1447 1554 61276
1448 1553 8703
1449 1552 46363
1450 1551 66105
1451 1550 87789
1452 1549 79443
1453 1548 59298
1454 1547 4469
1455 1546 74500
1456 1545 70949
1457 1544 80668
1458 1543 48842
1459 1542 99621
1460 1541 31041
1461 1540 8330
1462 1539 28885
1463 1538 40454
1464 1537 7430
1465 1536 70454
1466 1535 18137
1467 1534 89124
1468 1533 38268
1469 1532 75200
1470 1531 45372
1471 1530 81269
1472 1529 45759
1473 1528 25945
1474 1527 63534
1475 1526 54537
1476 1525 6090
1477 1524 15876
1478 1523 47771
1479 1522 69924
1480 1521 2365
1481 1520 55902
1482 1519 39599
1483 1518 1766
1484 1517 26833
1485 1516 88572
1486 1515 24545
1487 1514 81704
1488 1513 81441
1489 1512 32654
1490 1511 24905
1491 1510 21200
1492 1509 86020
1493 1508 85910
1494 1507 62977
1495 1506 19145
1496 1505 78576
1497 1504 58543
1498 1503 46701
1499 1502 16157
1500 1501 57780
1501 1500 85694
1502 1499 88763
1503 1498 68690
1504 1497 82370
1505 1496 83580
1506 1495 99965
1507 1494 12598
1508 1493 71722
1509 1492 39782
1510 1491 74071
1511 1490 5711
1512 1489 32488
1513 1488 56798
1514 1487 36138
1515 1486 11040
1516 1485 14438
1517 1484 41254
1518 1483 90642
1519 1482 61168
1520 1481 33633
1521 1480 29087
1522 1479 1479
1523 1478 44429
1524 1477 12812
1525 1476 28341
1526 1475 5189
1527 1474 36520
1528 1473 96699
1529 1472 40080
1530 1471 98628
1531 1470 13291
1532 1469 64665
1533 1468 78163
1534 1467 35665
1535 1466 43137
1536 1465 38400
1537 1464 78436
1538 1463 19545
1539 1462 81062
1540 1461 26990
1541 1460 53453
1542 1459 1494
1543 1458 18470
1544 1457 43690
1545 1456 72081
1546 1455 45364
1547 1454 38690
1548 1453 76486
1549 1452 19907
1550 1451 73500
1551 1450 19630
1552 1449 98535
1553 1448 15175
1554 1447 34018
1555 1446 94182
1556 1445 25296
1557 1444 46623
1558 1443 41932
1559 1442 95119
1560 1441 2311
1561 1440 45651
1562 1439 45904
1563 1438 15507
1564 1437 49017
1565 1436 12745
1566 1435 46309
1567 1434 5277
1568 1433 41688
1569 1432 26653
1570 1431 48602
1571 1430 21930
1572 1429 2661
1573 1428 30641
1574 1427 83877
1575 1426 80579
1576 1425 64143
1577 1424 74164
1578 1423 99975
1579 1422 12137
1580 1421 94243
1581 1420 4951
1582 1419 29756
1583 1418 52032
1584 1417 49807
1585 1416 59380
1586 1415 34689
1587 1414 5043
1588 1413 56551
1589 1412 38527
1590 1411 9658
1591 1410 55497
1592 1409 93050
1593 1408 33340
1594 1407 53963
1595 1406 53323
1596 1405 45138
1597 1404 68504
1598 1403 2394
1599 1402 21860
1600 1401 69676
1601 1400 31177
1602 1399 23619
1603 1398 3293
1604 1397 19445
1605 1396 29612
1606 1395 76931
1607 1394 69856
1608 1393 80584
1609 1392 56087
1610 1391 33148
1611 1390 50052
1612 1389 65174
1613 1388 76224
1614 1387 84620
1615 1386 37411
1616 1385 28062
1617 1384 28594
1618 1383 35247
1619 1382 98643
1620 1381 70804
1621 1380 15525
1622 1379 78105
1623 1378 62566
1624 1377 8984
1625 1376 41078
1626 1375 13481
1627 1374 76105
1628 1373 70073
1629 1372 89428
1630 1371 9017
1631 1370 43663
1632 1369 90621
1633 1368 16654
1634 1367 94135
1635 1366 48441
1636 1365 26617
1637 1364 26939
1638 1363 59589
1639 1362 61605
1640 1361 65038
1641 1360 54287
1642 1359 42400
1643 1358 58504
1644 1357 75487
1645 1356 46972
1646 1355 13651
1647 1354 38582
1648 1353 26089
1649 1352 75985
1650 1351 77625
1651 1350 26742
1652 1349 39772
1653 1348 14976
1654 1347 26038
1655 1346 5521
1656 1345 45136
1657 1344 20176
1658 1343 48603
1659 1342 56717
1660 1341 4419
1661 1340 60171
1662 1339 4616
1663 1338 52583
1664 1337 6675
1665 1336 73384
1666 1335 82801
1667 1334 74922
1668 1333 18674
1669 1332 29208
1670 1331 13541
1671 1330 31021
1672 1329 47386
1673 1328 27717
1674 1327 58821
1675 1326 32534
1676 1325 19655
1677 1324 83892
1678 1323 23370
1679 1322 80646
1680 1321 15579
1681 1320 32880
1682 1319 79350
1683 1318 2600
1684 1317 69789
1685 1316 21588
1686 1315 46280
1687 1314 67249
1688 1313 86643
1689 1312 90879
1690 1311 69584
1691 1310 41766
1692 1309 39144
1693 1308 44441
1694 1307 16102
1695 1306 40997
1696 1305 46480
1697 1304 99428
1698 1303 99064
1699 1302 76091
1700 1301 50470
1701 1300 18339
1702 1299 81685
1703 1298 53632
1704 1297 65878
1705 1296 80127
1706 1295 97697
1707 1294 32038
1708 1293 1488
1709 1292 84425
1710 1291 90101
1711 1290 10550
1712 1289 64661
1713 1288 53500
1714 1287 32244
1715 1286 10977
1716 1285 19358
1717 1284 25603
1718 1283 33436
1719 1282 16514
1720 1281 83713
1721 1280 36962
1722 1279 64795
1723 1278 84552
1724 1277 63004
1725 1276 39467
1726 1275 39393
1727 1274 28428
1728 1273 46204
1729 1272 51976
1730 1271 47464
1731 1270 86423
1732 1269 676
1733 1268 28060
1734 1267 45796
1735 1266 98854
1736 1265 9087
1737 1264 43480
1738 1263 51635
1739 1262 50001
1740 1261 45584
1741 1260 84098
1742 1259 5300
1743 1258 60850
1744 1257 84964
1745 1256 61985
1746 1255 90708
1747 1254 68660
1748 1253 59354
1749 1252 645
1750 1251 15193
1751 1250 37074
1752 1249 75236
1753 1248 47007
1754 1247 77367
1755 1246 62799
1756 1245 8361
1757 1244 53782
1758 1243 52108
1759 1242 58050
1760 1241 46467
1761 1240 14242
1762 1239 7825
1763 1238 75119
1764 1237 91074
1765 1236 32735
1766 1235 87676
1767 1234 55525
1768 1233 54864
1769 1232 13339
1770 1231 47762
1771 1230 74410
1772 1229 94740
1773 1228 5792
1774 1227 9650
1775 1226 11746
1776 1225 45469
1777 1224 63173
1778 1223 13847
1779 1222 17367
1780 1221 39146
1781 1220 88256
1782 1219 44405
1783 1218 16324
1784 1217 24294
1785 1216 18307
1786 1215 62990
1787 1214 82245
1788 1213 10292
1789 1212 77766
1790 1211 3586
1791 1210 55214
1792 1209 19331
1793 1208 86740
1794 1207 12929
1795 1206 42929
1796 1205 27245
1797 1204 77055
1798 1203 85478
1799 1202 78505
1800 1201 52
1801 1200 43123
1802 1199 23569
1803 1198 86147
1804 1197 44995
1805 1196 90708
1806 1195 2176
1807 1194 78901
1808 1193 34206
1809 1192 84875
1810 1191 18778
1811 1190 58586
1812 1189 7017
1813 1188 77067
1814 1187 41022
1815 1186 77109
1816 1185 98713
1817 1184 23517
1818 1183 3455
1819 1182 63816
1820 1181 91808
1821 1180 14910
1822 1179 95389
1823 1178 84867
1824 1177 67386
1825 1176 65360
1826 1175 6440
1827 1174 70523
1828 1173 52208
1829 1172 34886
1830 1171 56153
1831 1170 37337
1832 1169 18286
1833 1168 58631
1834 1167 86983
1835 1166 54974
1836 1165 61061
1837 1164 24965
1838 1163 47344
1839 1162 30285
1840 1161 100000
1841 1160 62315
1842 1159 61093
1843 1158 66392
1844 1157 8282
1845 1156 96440
1846 1155 18391
1847 1154 56021
1848 1153 53964
1849 1152 85555
1850 1151 26663
1851 1150 13481
1852 1149 1773
1853 1148 23666
1854 1147 69788
1855 1146 57580
1856 1145 19218
1857 1144 48701
1858 1143 67526
1859 1142 661
1860 1141 29488
1861 1140 46680
1862 1139 60141
1863 1138 68003
1864 1137 21011
1865 1136 53730
1866 1135 88116
1867 1134 4702
1868 1133 61080
1869 1132 12989
1870 1131 32057
1871 1130 99316
1872 1129 21461
1873 1128 46663
1874 1127 92665
1875 1126 2096
1876 1125 54711
1877 1124 60378
1878 1123 54558
1879 1122 64724
1880 1121 7374
1881 1120 76067
1882 1119 21597
1883 1118 94922
1884 1117 54366
1885 1116 73610
1886 1115 21039
1887 1114 30913
1888 1113 49701
1889 1112 67589
1890 1111 90605
1891 1110 3109
1892 1109 94053
1893 1108 96797
1894 1107 69385
1895 1106 52675
1896 1105 70618
1897 1104 86892
1898 1103 87318
1899 1102 42134
1900 1101 61318
1901 1100 67125
1902 1099 63530
1903 1098 23870
1904 1097 27751
1905 1096 38338
1906 1095 6462
1907 1094 45691
1908 1093 94862
1909 1092 23122
1910 1091 24647
1911 1090 85953
1912 1089 91968
1913 1088 83141
1914 1087 25284
1915 1086 2596
1916 1085 28326
1917 1084 10757
1918 1083 63093
1919 1082 55375
1920 1081 37379
1921 1080 82879
1922 1079 99554
1923 1078 18850
1924 1077 89139
1925 1076 89813
1926 1075 90108
1927 1074 19685
1928 1073 57565
1929 1072 84918
1930 1071 17673
1931 1070 97481
1932 1069 83247
1933 1068 75207
1934 1067 98590
1935 1066 99310
1936 1065 98808
1937 1064 6842
1938 1063 7740
1939 1062 3556
1940 1061 32870
1941 1060 45713
1942 1059 51656
1943 1058 60860
1944 1057 83475
1945 1056 38529
1946 1055 81722
1947 1054 51078
1948 1053 96504
1949 1052 69670
1950 1051 81890
1951 1050 27221
1952 1049 65431
1953 1048 72150
1954 1047 13246
1955 1046 56411
1956 1045 91394
1957 1044 87842
1958 1043 6291
1959 1042 65337
1960 1041 37580
1961 1040 20342
1962 1039 36196
1963 1038 55899
1964 1037 78483
1965 1036 51117
1966 1035 83323
1967 1034 4365
1968 1033 10806
1969 1032 29172
1970 1031 97426
1971 1030 84226
1972 1029 56954
1973 1028 44387
1974 1027 72291
1975 1026 42263
1976 1025 19165
1977 1024 27390
1978 1023 13227
1979 1022 38886
1980 1021 71527
1981 1020 6704
1982 1019 75025
1983 1018 49759
1984 1017 565
1985 1016 53609
1986 1015 64537
1987 1014 40236
1988 1013 2478
1989 1012 52358
1990 1011 87569
1991 1010 57128
1992 1009 93051
1993 1008 66229
1994 1007 47556
1995 1006 77308
1996 1005 34319
1997 1004 77674
1998 1003 5251
1999 1002 23928
2000 1001 93193
2001 1000 26908
2002 999 50562
2003 998 49689
2004 997 82550
2005 996 89277
2006 995 75889
2007 994 95033
2008 993 22189
2009 992 12344
2010 991 52613
2011 990 42959
2012 989 90369
2013 988 97008
2014 987 1876
2015 986 2295
2016 985 28135
2017 984 67709
2018 983 67720
2019 982 55566
2020 981 70132
2021 980 60234
2022 979 26130
2023 978 43835
2024 977 78631
2025 976 23792
2026 975 37937
2027 974 44951
2028 973 80911
2029 972 36488
2030 971 73217
2031 970 94675
2032 969 69506
2033 968 19784
2034 967 88446
2035 966 1699
2036 965 41186
2037 964 84078
2038 963 78787
2039 962 21879
2040 961 83952
2041 960 69825
2042 959 20144
2043 958 1102
2044 957 82321
2045 956 42967
2046 955 92927
2047 954 73900
2048 953 46334
2049 952 59153
2050 951 99147
2051 950 85497
2052 949 84802
2053 948 40166
2054 947 80981
2055 946 11160
2056 945 92520
2057 944 50147
2058 943 80109
2059 942 37879
2060 941 93737
2061 940 39424
2062 939 1492
2063 938 49254
2064 937 93015
2065 936 73141
2066 935 78012
2067 934 16409
2068 933 33955
2069 932 10201
2070 931 59332
2071 930 39442
2072 929 53646
2073 928 97297
2074 927 47758
2075 926 63286
2076 925 13699
2077 924 53174
2078 923 89193
2079 922 99888
2080 921 26552
2081 920 53276
2082 919 72188
2083 918 55604
2084 917 28428
2085 916 19595
2086 915 71784
2087 914 61630
2088 913 71402
2089 912 63726
2090 911 12201
2091 910 5078
2092 909 22429
2093 908 86067
2094 907 64311
2095 906 12344
2096 905 16742
2097 904 32031
2098 903 52893
2099 902 19496
2100 901 63976
2101 900 62154
2102 899 96876
2103 898 75014
2104 897 30115
2105 896 65830
2106 895 11590
2107 894 59047
2108 893 17375
2109 892 72008
2110 891 53244
2111 890 95527
2112 889 77913
2113 888 43254
2114 887 5156
2115 886 46340
2116 885 49886
2117 884 73736
2118 883 21620
2119 882 84074
2120 881 81855
2121 880 68350
2122 879 55698
2123 878 7226
2124 877 98498
2125 876 4364
2126 875 75726
2127 874 93328
2128 873 6863
2129 872 13376
2130 871 75171
2131 870 46658
2132 869 39984
2133 868 82935
2134 867 69521
2135 866 624
2136 865 87515
2137 864 17419
2138 863 98670
2139 862 38520
2140 861 61345
2141 860 6523
2142 859 79166
2143 858 96644
2144 857 41151
2145 856 55057
2146 855 96537
2147 854 4969
2148 853 89884
2149 852 56098
2150 851 13207
2151 850 48855
2152 849 76674
2153 848 52639
2154 847 7915
2155 846 59176
2156 845 91131
2157 844 31150
2158 843 41207
2159 842 89542
2160 841 14469
2161 840 48750
2162 839 76320
2163 838 38267
2164 837 66916
2165 836 74634
2166 835 32468
2167 834 53523
2168 833 48902
2169 832 80992
2170 831 17273
2171 830 54811
2172 829 69894
2173 828 10012
2174 827 66266
2175 826 24289
2176 825 67232
2177 824 69471
2178 823 88693
2179 822 87625
2180 821 46011
2181 820 26888
2182 819 72875
2183 818 43364
2184 817 5652
2185 816 77213
2186 815 24504
2187 814 70938
2188 813 14627
2189 812 50067
2190 811 19387
2191 810 58574
2192 809 49870
2193 808 1263
2194 807 42222
2195 806 87092
2196 805 18616
2197 804 1500
2198 803 84641
2199 802 67798
2200 801 17882
2201 800 46220
2202 799 74283
2203 798 66581
2204 797 19998
2205 796 33400
2206 795 96151
2207 794 30391
2208 793 89029
2209 792 89651
2210 791 31855
2211 790 16970
2212 789 95429
2213 788 18493
2214 787 86979
2215 786 94830
2216 785 92741
2217 784 25076
2218 783 55354
2219 782 24150
2220 781 47372
2221 780 92445
2222 779 65020
2223 778 17388
2224 777 82620
2225 776 95172
2226 775 69634
2227 774 68911
2228 773 3242
2229 772 87723
2230 771 61424
2231 770 23098
2232 769 63403
2233 768 22186
2234 767 96503
2235 766 45615
2236 765 92090
2237 764 17539
2238 763 61193
2239 762 58045
2240 761 69603
2241 760 89170
2242 759 2316
2243 758 12106
2244 757 58667
2245 756 11269
2246 755 89360
2247 754 28966
2248 753 95750
2249 752 93977
2250 751 97031
2251 750 2209
2252 749 29496
2253 748 8027
2254 747 43505
2255 746 13287
2256 745 43804
2257 744 15018
2258 743 68942
2259 742 94640
2260 741 67489
2261 740 7047
2262 739 316
2263 738 8692
2264 737 93433
2265 736 76706
2266 735 80809
2267 734 64084
2268 733 42002
2269 732 56799
2270 731 39661
2271 730 58591
2272 729 81816
2273 728 4366
2274 727 34115
2275 726 90988
2276 725 18678
2277 724 38279
2278 723 45443
2279 722 62835
2280 721 14776
2281 720 2866
2282 719 46728
2283 718 18878
2284 717 86526
2285 716 24143
2286 715 72953
2287 714 87428
2288 713 71960
2289 712 61639
2290 711 21683
2291 710 15366
2292 709 67127
2293 708 29134
2294 707 80465
2295 706 90283
2296 705 61424
2297 704 55969
2298 703 85596
2299 702 18680
2300 701 69845
2301 700 97615
2302 699 71413
2303 698 58879
2304 697 21459
2305 696 47367
2306 695 12927
2307 694 43890
2308 693 12012
2309 692 81470
2310 691 2501
2311 690 18786
2312 689 21757
2313 688 70548
2314 687 59906
2315 686 6311
2316 685 89724
2317 684 1037
2318 683 64719
2319 682 75047
2320 681 30104
2321 680 78959
2322 679 66419
2323 678 23698
2324 677 34165
2325 676 45120
2326 675 34686
2327 674 94344
2328 673 55239
2329 672 69196
2330 671 56154
2331 670 32405
2332 669 65667
2333 668 54562
2334 667 6355
2335 666 20874
2336 665 18449
2337 664 25678
2338 663 34431
2339 662 49190
2340 661 29926
2341 660 14079
2342 659 26317
2343 658 64976
2344 657 85848
2345 656 78452
2346 655 90948
2347 654 77006
2348 653 1207
2349 652 21964
2350 651 65883
2351 650 18217
2352 649 71702
2353 648 92397
2354 647 81499
2355 646 33896
2356 645 47563
2357 644 67745
2358 643 29251
2359 642 6098
2360 641 83305
2361 640 8930
2362 639 10794
2363 638 99483
2364 637 79231
2365 636 93749
2366 635 57429
2367 634 89135
2368 633 31083
2369 632 60538
2370 631 40502
2371 630 36828
2372 629 96147
2373 628 83923
2374 627 571
2375 626 70343
2376 625 42515
2377 624 27441
2378 623 43229
2379 622 89759
2380 621 62942
2381 620 85010
2382 619 74502
2383 618 72221
2384 617 20230
2385 616 53396
2386 615 35751
2387 614 67630
2388 613 95243
2389 612 65601
2390 611 7029
2391 610 45241
2392 609 46494
2393 608 75301
2394 607 54889
2395 606 72603
2396 605 75257
2397 604 63490
2398 603 77316
2399 602 45226
2400 601 99817
2401 600 19709
2402 599 7730
2403 598 43889
2404 597 18980
2405 596 66336
2406 595 83120
2407 594 11031
2408 593 38993
2409 592 94529
2410 591 38610
2411 590 69151
2412 589 37270
2413 588 58774
2414 587 70037
2415 586 19939
2416 585 9496
2417 584 77474
2418 583 55169
2419 582 35607
2420 581 74498
2421 580 44586
2422 579 67903
2423 578 59120
2424 577 35334
2425 576 90209
2426 575 78001
2427 574 85065
2428 573 73637
2429 572 95373
2430 571 56677
2431 570 31925
2432 569 81199
2433 568 93008
2434 567 45137
2435 566 76156
2436 565 72330
2437 564 32036
2438 563 2069
2439 562 78976
2440 561 18220
2441 560 72181
2442 559 11172
2443 558 56851
2444 557 69120
2445 556 73441
2446 555 34219
2447 554 42335
2448 553 67058
2449 552 63396
2450 551 59152
2451 550 98913
2452 549 57130
2453 548 57684
2454 547 5709
2455 546 82348
2456 545 80007
2457 544 3297
2458 543 23089
2459 542 96317
2460 541 31470
2461 540 46288
2462 539 40940
2463 538 51120
2464 537 11717
2465 536 13984
2466 535 90630
2467 534 2549
2468 533 49431
2469 532 40472
2470 531 51952
2471 530 58577
2472 529 48487
2473 528 33758
2474 527 40222
2475 526 75558
2476 525 80883
2477 524 69457
2478 523 86767
2479 522 28292
2480 521 17742
2481 520 12747
2482 519 40756
2483 518 48999
2484 517 84099
2485 516 90345
2486 515 9726
2487 514 58323
2488 513 31536
2489 512 80941
2490 511 25411
2491 510 72151
2492 509 47293
2493 508 46979
2494 507 3581
2495 506 94031
2496 505 40869
2497 504 96543
2498 503 92975
2499 502 30236
2500 501 603
2501 500 26563
2502 499 23766
2503 498 77633
2504 497 86459
2505 496 49259
2506 495 10757
2507 494 48359
2508 493 69836
2509 492 20612
2510 491 29789
2511 490 63900
2512 489 67967
2513 488 47712
2514 487 57931
2515 486 22846
2516 485 97056
2517 484 46725
2518 483 92718
2519 482 27549
2520 481 65490
2521 480 86515
2522 479 35024
2523 478 33100
2524 477 29520
2525 476 67174
2526 475 52744
2527 474 48053
2528 473 12964
2529 472 24301
2530 471 59459
2531 470 5071
2532 469 21947
2533 468 46065
2534 467 78493
2535 466 31353
2536 465 5757
2537 464 43458
2538 463 46119
2539 462 12703
2540 461 30055
2541 460 10496
2542 459 76149
2543 458 22960
2544 457 10932
2545 456 71885
2546 455 94209
2547 454 29857
2548 453 73138
2549 452 75233
2550 451 54339
2551 450 12569
2552 449 91963
2553 448 89230
2554 447 89790
2555 446 79584
2556 445 36758
2557 444 68155
2558 443 6199
2559 442 30182
2560 441 72464
2561 440 52896
2562 439 21717
2563 438 56119
2564 437 61053
2565 436 66933
2566 435 8907
2567 434 15798
2568 433 99146
2569 432 40720
2570 431 45407
2571 430 67320
2572 429 81634
2573 428 7651
2574 427 90159
2575 426 10026
2576 425 54972
2577 424 19729
2578 423 93941
2579 422 81546
2580 421 97040
2581 420 69687
2582 419 89624
2583 418 38962
2584 417 86066
2585 416 66995
2586 415 95122
2587 414 99829
2588 413 93591
2589 412 57986
2590 411 15275
2591 410 5333
2592 409 77690
2593 408 75810
2594 407 69344
2595 406 72784
2596 405 91696
2597 404 90782
2598 403 69683
2599 402 93553
2600 401 16155
2601 400 92562
2602 399 2733
2603 398 29908
2604 397 90921
2605 396 29767
2606 395 78468
2607 394 63381
2608 393 88817
2609 392 47013
2610 391 49679
2611 390 87524
2612 389 20560
2613 388 40990
2614 387 429
2615 386 46357
2616 385 25395
2617 384 48970
2618 383 75249
2619 382 63308
2620 381 17626
2621 380 64327
2622 379 23572
2623 378 28202
2624 377 86245
2625 376 12234
2626 375 14739
2627 374 46853
2628 373 17730
2629 372 45218
2630 371 97729
2631 370 94726
2632 369 82731
2633 368 9028
2634 367 21434
2635 366 81061
2636 365 28872
2637 364 63569
2638 363 76965
2639 362 58212
2640 361 64968
2641 360 98152
2642 359 86384
2643 358 25426
2644 357 92488
2645 356 88109
2646 355 94859
2647 354 65345
2648 353 46292
2649 352 85562
2650 351 31408
2651 350 81833
2652 349 12492
2653 348 77049
2654 347 9050
2655 346 66928
2656 345 68685
2657 344 93648
2658 343 58672
2659 342 38748
2660 341 45261
2661 340 82511
2662 339 76751
2663 338 1339
2664 337 5866
2665 336 47349
2666 335 37532
2667 334 25163
2668 333 79285
2669 332 48490
2670 331 96159
2671 330 48084
2672 329 78046
2673 328 78112
2674 327 11272
2675 326 42828
2676 325 47999
2677 324 28891
2678 323 82449
2679 322 17246
2680 321 77039
2681 320 62901
2682 319 83422
2683 318 21303
2684 317 14404
2685 316 78153
2686 315 9808
2687 314 85268
2688 313 92189
2689 312 76565
2690 311 34587
2691 310 12549
2692 309 65120
2693 308 31161
2694 307 65207
2695 306 87980
2696 305 40697
2697 304 78333
2698 303 1059
2699 302 24331
2700 301 87204
2701 300 39546
2702 299 15547
2703 298 35761
2704 297 35922
2705 296 84958
2706 295 41314
2707 294 36856
2708 293 10725
2709 292 53097
2710 291 92208
2711 290 14807
2712 289 31072
2713 288 83837
2714 287 18431
2715 286 11626
2716 285 34455
2717 284 18298
2718 283 70251
2719 282 36134
2720 281 40213
2721 280 13559
2722 279 34242
2723 278 86559
2724 277 72742
2725 276 90349
2726 275 51299
2727 274 57741
2728 273 54409
2729 272 7767
2730 271 38107
2731 270 11734
2732 269 53488
2733 268 37275
2734 267 3300
2735 266 26307
2736 265 99426
2737 264 6479
2738 263 13997
2739 262 12544
2740 261 62286
2741 260 4829
2742 259 7326
2743 258 59539
2744 257 62500
2745 256 51491
2746 255 37144
2747 254 8718
2748 253 11584
2749 252 73309
2750 251 88359
2751 250 7160
2752 249 16297
2753 248 25956
2754 247 78176
2755 246 30430
2756 245 95589
2757 244 84721
2758 243 11092
2759 242 50308
2760 241 79900
2761 240 80883
2762 239 67883
2763 238 13311
2764 237 90874
2765 236 55211
2766 235 43739
2767 234 7707
2768 233 24894
2769 232 48604
2770 231 49859
2771 230 42602
2772 229 42695
2773 228 59429
2774 227 50547
2775 226 10335
2776 225 85094
2777 224 14896
2778 223 47257
2779 222 68877
2780 221 23450
2781 220 58688
2782 219 27340
2783 218 30103
2784 217 6743
2785 216 70251
2786 215 49184
2787 214 90542
2788 213 77778
2789 212 98397
2790 211 43226
2791 210 18845
2792 209 33198
2793 208 13217
2794 207 17034
2795 206 724
2796 205 39136
2797 204 65038
2798 203 31135
2799 202 76165
2800 201 96593
2801 200 60331
2802 199 46554
2803 198 26483
2804 197 94673
2805 196 25234
2806 195 82351
2807 194 84177
2808 193 68283
2809 192 18860
2810 191 31971
2811 190 30017
2812 189 93280
2813 188 91446
2814 187 25089
2815 186 24098
2816 185 45092
2817 184 82800
2818 183 70326
2819 182 89316
2820 181 62149
2821 180 76465
2822 179 59857
2823 178 87294
2824 177 70920
2825 176 42478
2826 175 67381
2827 174 74706
2828 173 43270
2829 172 5878
2830 171 83004
2831 170 43783
2832 169 60683
2833 168 38269
2834 167 80566
2835 166 31389
2836 165 31376
2837 164 24877
2838 163 12092
2839 162 94810
2840 161 34609
2841 160 26721
2842 159 89511
2843 158 39872
2844 157 41529
2845 156 41499
2846 155 79082
2847 154 81091
2848 153 83831
2849 152 75269
2850 151 91045
2851 150 33295
2852 149 81933
2853 148 59335
2854 147 65633
2855 146 55439
2856 145 11986
2857 144 16787
2858 143 89604
2859 142 75335
2860 141 45129
2861 140 53384
2862 139 69987
2863 138 56983
2864 137 45857
2865 136 63267
2866 135 83089
2867 134 77985
2868 133 83633
2869 132 58600
2870 131 48469
2871 130 19113
2872 129 3470
2873 128 75102
2874 127 51667
2875 126 31954
2876 125 83371
2877 124 84855
2878 123 6233
2879 122 16037
2880 121 81116
2881 120 88184
2882 119 712
2883 118 12695
2884 117 13705
2885 116 2511
2886 115 46138
2887 114 77312
2888 113 26692
2889 112 77872
2890 111 43487
2891 110 33811
2892 109 15983
2893 108 59789
2894 107 5058
2895 106 8884
2896 105 34372
2897 104 58790
2898 103 26186
2899 102 36662
2900 101 78639
2901 100 10890
2902 99 47682
2903 98 46475
2904 97 48299
2905 96 70590
2906 95 70073
2907 94 35318
2908 93 30575
2909 92 65781
2910 91 29273
2911 90 57162
2912 89 36246
2913 88 24679
2914 87 31832
2915 86 80661
2916 85 93479
2917 84 56157
2918 83 87771
2919 82 10266
2920 81 96999
2921 80 47527
2922 79 28841
2923 78 44026
2924 77 96624
2925 76 66685
2926 75 76390
2927 74 55297
2928 73 13667
2929 72 84252
2930 71 98451
2931 70 23975
2932 69 74739
2933 68 85862
2934 67 44670
2935 66 76008
2936 65 80656
2937 64 4608
2938 63 2630
2939 62 45085
2940 61 29398
2941 60 50629
2942 59 30014
2943 58 67112
2944 57 65074
2945 56 3537
2946 55 94711
2947 54 79677
2948 53 55943
2949 52 50055
2950 51 98104
2951 50 28184
2952 49 96560
2953 48 3444
2954 47 46573
2955 46 42422
2956 45 9131
2957 44 15125
2958 43 62368
2959 42 32908
2960 41 73539
2961 40 56530
2962 39 93548
2963 38 33289
2964 37 65937
2965 36 57673
2966 35 76620
2967 34 49285
2968 33 21878
2969 32 91474
2970 31 60760
2971 30 89656
2972 29 45851
2973 28 77476
2974 27 49575
2975 26 3938
2976 25 75355
2977 24 2758
2978 23 78907
2979 22 14470
2980 21 29704
2981 20 98309
2982 19 94002
2983 18 40638
2984 17 25277
2985 16 43789
2986 15 28832
2987 14 17918
2988 13 28487
2989 12 54542
2990 11 14077
2991 10 21054
2992 9 43993
2993 8 3709
2994 7 64776
2995 6 67169
2996 5 86436
2997 4 69525
2998 3 91513
2999 2 36667
3000 1 16186
