100 1 65913 75969
541 27013 2107
872 57815 42531
1178 57301 59931
2693 99134 72721
2916 44673 95038
3285 44913 22602
3344 98056 41143
3858 78098 73141
4720 84831 2957
5226 23522 94373
5452 26392 67295
7012 6881 81406
10475 40586 62198
12057 32763 25648
12339 80388 43015
12638 27306 39344
13687 54492 17300
15503 13345 64451
16183 64873 83028
16917 21758 89678
17256 92278 22751
20460 92119 83052
21153 14154 17382
22883 18341 30212
24202 70619 48887
26636 55410 24838
26839 6670 31489
28044 99217 44603
28466 9858 30588
28530 64992 10416
29478 68927 23720
30491 59510 20774
30496 41891 98746
32871 37266 6636
33349 70392 93323
33477 37174 90232
33670 72030 14870
35188 83233 39334
35662 89316 28098
40256 28981 23965
40495 54916 82608
41127 36111 37325
41131 75852 60928
41441 52777 19576
42372 48364 57460
42405 18030 58019
42530 23641 30166
42774 19483 54050
46474 63608 2003
46783 15688 37211
47873 58887 98772
48639 65481 16616
48724 94931 41072
48885 783 1125
49230 66547 53642
49776 18289 62830
50322 13627 64640
51851 74914 4583
52175 88304 19368
52860 52865 9040
54838 74491 84032
56050 52874 67364
56765 72598 43346
60127 60449 49945
61287 84494 20160
61507 57840 33597
61529 91681 66431
61880 35442 47241
64778 29778 79901
65200 66605 62981
65413 41104 80669
70501 29005 7961
71534 73724 96515
72769 31331 18434
73281 11171 24866
73530 72713 99676
73834 26442 89946
75331 45156 93670
75374 14948 10131
78669 65045 62129
80473 41679 33666
81452 4705 47839
84111 86583 11870
84480 79376 37819
84849 55061 81071
86183 14042 51304
86214 12378 5696
86383 4060 35752
87402 7692 48655
87671 21388 11303
87706 6528 57772
88018 80057 12560
89140 62514 84203
89671 40073 58130
90695 20089 33037
91662 18313 77819
92379 22447 13210
93834 76205 99121
96572 783 84460
97065 29684 30862
