100 10 10280 26339
1159 71027 63854
3647 57702 96993
4356 30534 7714
5090 75633 70148
5350 44442 61370
6936 28250 9066
7184 92535 48570
9912 15109 5506
10067 56809 99048
10246 71458 89759
10549 2574 54594
11228 56435 82547
12542 71110 43435
15077 61179 94569
15396 41395 29359
16162 2213 59033
16426 76122 78529
16484 4887 13145
17676 47178 21803
19246 2907 67804
20772 57399 40876
24370 70437 36618
24537 97918 96128
24618 91101 93820
25715 97455 77841
26017 23982 22623
26798 79273 60035
27704 64550 59946
28715 69359 61541
28981 70429 5155
29367 70516 91645
31685 86927 85654
32181 73277 29118
32906 34231 55210
32942 16802 33450
34979 26012 50074
35219 33037 87666
35929 9579 33431
37336 40941 49312
37870 75182 73992
38420 82464 85401
39100 82849 66611
39539 10609 7029
40229 64298 87425
41425 97744 59409
44625 22158 30827
47314 39148 29802
49995 20979 76744
53544 59451 88096
53613 50959 71132
54239 92722 29913
54447 98317 78374
54913 76501 83120
55632 42807 66276
55941 46097 2939
56709 25328 30485
57346 28960 64840
58742 19297 60976
60279 3259 58639
62075 75430 65207
63609 607 78651
63884 9162 65943
66503 78645 13336
66580 2352 59269
68636 81600 4945
68807 67196 45058
69432 6333 1662
71266 27022 95620
71280 95610 76859
71569 75214 3434
72486 29781 90814
72709 55636 41090
72883 55191 85073
73517 59334 27815
75305 66729 97894
76565 41086 23017
76861 72412 6100
77472 92356 68837
77723 95085 7663
78412 59047 37775
82380 77816 92153
82888 91460 69209
82911 83953 13605
83554 54796 12017
83743 18693 59138
85829 30744 85190
87644 15602 27052
87747 94841 22811
89361 83999 81849
90732 17096 28365
92328 67690 78175
92729 99113 48575
93731 55583 47443
94601 46450 57223
96914 17197 11167
97038 42372 6937
97421 18298 22493
97930 86007 18466
98618 14517 16377
99350 23781 38466
